23_3_Mumford1_SA_Mutations RESULTS EVALUATION:
\
HV:0.7396 | BM:0.7758

\
	Operator	Passenger
\
f1_ATT	29.6263		23.6838
\
f2_TRT	534		1095
\
d_0	23.8271		40.8318
\
d_1	53.5659		53.8914
\
d_2	20.2973		5.2685
\
d_un	2.3098		0.0083

\
Best Operator Route set:
\
[[27, 41, 34, 58, 64, 52, 20, 17, 61, 60],
[46, 40, 53, 47, 6, 56, 28, 8, 10, 59],
[32, 39, 18, 54, 36, 45, 58, 51, 35, 6],
[23, 2, 0, 69, 3, 66, 19, 38, 22, 33],
[29, 48, 66, 19, 36, 45, 34, 35, 51, 8, 26, 62],
[4, 25, 12, 41, 45, 22, 13, 50, 2, 14],
[7, 4, 12, 25, 41, 34, 57, 35, 6, 47],
[50, 43, 20, 55, 10, 16, 26, 30, 24, 21],
[63, 21, 24, 30, 26, 16, 10, 17, 61, 60, 44],
[5, 18, 54, 36, 45, 58, 64, 52, 10, 16],
[68, 9, 11, 31, 1, 26, 8, 51, 41, 45],
[49, 26, 16, 10, 55, 20, 33, 22, 19, 66],
[37, 65, 5, 54, 19, 22, 33, 43, 61, 60],
[22, 33, 20, 55, 10, 16, 26, 49, 15, 42],
[12, 25, 27, 41, 36, 54, 18, 5, 37, 67]]

\
Best Passenger Route set:
\
[[33, 22, 36, 38, 69, 23, 50, 43, 20, 52, 64, 35, 41, 12, 27],
[38, 3, 69, 29, 48, 39, 32, 37, 5, 54, 36, 45, 58, 51, 8, 26, 1, 31, 11, 59, 17, 43, 13],
[38, 66, 3, 0, 50, 17, 55, 10, 16, 26, 62, 21, 6, 35, 64, 52, 8, 28],
[32, 54, 36, 41, 35, 6, 63, 24, 30, 15, 11, 68, 59],
[63, 21, 30, 26, 16, 55, 52, 64, 58, 41, 27, 67, 37, 32],
[46, 40, 4, 25, 27, 67, 5, 65, 19, 22, 13, 43, 61, 60, 44, 14, 2, 0, 69, 66, 54, 38, 3, 29],
[65, 18, 69, 3, 38, 36, 45, 34, 35, 64, 52, 20, 33, 22, 19, 54, 5, 67, 27, 41, 51, 56, 28, 10, 17, 60],
[18, 32, 39, 48, 66, 19, 36, 41, 35, 51, 64, 52, 10, 59, 9, 68, 1, 49],
[1, 59, 17, 20, 33, 58, 51, 56, 6, 47, 53, 4, 25, 34, 57, 41, 45],
[21, 63, 30, 26, 1, 9, 17, 44, 14, 2, 50, 33, 22, 45, 41, 25, 4, 7, 40, 46],
[62, 42, 49, 26, 8, 56, 6, 47, 40, 46, 7, 53],
[47, 7, 4, 12, 41, 34, 51, 8, 26, 49, 11, 9, 68],
[63, 30, 62, 42, 15, 49, 1, 16, 10, 20, 33, 22, 38, 18, 37, 67],
[63, 21, 24, 30, 26, 8, 10, 17, 61, 60, 14, 2, 23, 29, 19, 3],
[35, 58, 33, 13, 50, 23, 29, 48, 39, 18, 54, 36, 41, 12, 40, 46]]

\
Best Operator Route set string:
\
27-41-34-58-64-52-20-17-61-60*46-40-53-47-6-56-28-8-10-59*32-39-18-54-36-45-58-51-35-6*23-2-0-69-3-66-19-38-22-33*29-48-66-19-36-45-34-35-51-8-26-62*4-25-12-41-45-22-13-50-2-14*7-4-12-25-41-34-57-35-6-47*50-43-20-55-10-16-26-30-24-21*63-21-24-30-26-16-10-17-61-60-44*5-18-54-36-45-58-64-52-10-16*68-9-11-31-1-26-8-51-41-45*49-26-16-10-55-20-33-22-19-66*37-65-5-54-19-22-33-43-61-60*22-33-20-55-10-16-26-49-15-42*12-25-27-41-36-54-18-5-37-67*

\
Best Passenger Route set sting:
\
33-22-36-38-69-23-50-43-20-52-64-35-41-12-27*38-3-69-29-48-39-32-37-5-54-36-45-58-51-8-26-1-31-11-59-17-43-13*38-66-3-0-50-17-55-10-16-26-62-21-6-35-64-52-8-28*32-54-36-41-35-6-63-24-30-15-11-68-59*63-21-30-26-16-55-52-64-58-41-27-67-37-32*46-40-4-25-27-67-5-65-19-22-13-43-61-60-44-14-2-0-69-66-54-38-3-29*65-18-69-3-38-36-45-34-35-64-52-20-33-22-19-54-5-67-27-41-51-56-28-10-17-60*18-32-39-48-66-19-36-41-35-51-64-52-10-59-9-68-1-49*1-59-17-20-33-58-51-56-6-47-53-4-25-34-57-41-45*21-63-30-26-1-9-17-44-14-2-50-33-22-45-41-25-4-7-40-46*62-42-49-26-8-56-6-47-40-46-7-53*47-7-4-12-41-34-51-8-26-49-11-9-68*63-30-62-42-15-49-1-16-10-20-33-22-38-18-37-67*63-21-24-30-26-8-10-17-61-60-14-2-23-29-19-3*35-58-33-13-50-23-29-48-39-18-54-36-41-12-40-46*