9_2_Mumford0_GA_Mut_prob RESULTS EVALUATION:
\
HV:0.8318 | BM:0.8087

\
	Operator	Passenger
\
f1_ATT	25.2600		14.8075
\
f2_TRT	95		641
\
d_0	25.6196		79.5943
\
d_1	45.2829		20.4057
\
d_2	23.6994		0.0000
\
d_un	5.3981		0.0000

\
Best Operator Route set:
\
[[26, 0],
[1, 3],
[18, 0],
[22, 19, 12, 8],
[10, 15],
[24, 20],
[7, 16, 27, 29, 2, 10],
[4, 24],
[21, 5, 6, 13, 0, 22, 25, 7, 20, 14, 23, 1, 9],
[25, 28],
[17, 22],
[25, 11]]

\
Best Passenger Route set:
\
[[21, 15, 16, 28, 25, 22, 0, 12, 17, 11, 14, 23, 1, 9],
[5, 6, 16, 7, 4, 3, 1, 9, 14, 11, 17, 22, 18, 0],
[5, 6, 16, 7, 20, 23, 1, 3, 11, 17, 22, 18, 0, 26, 8],
[5, 15, 6, 13, 0, 26, 8, 12, 19, 22, 25, 7, 20, 14, 4],
[1, 9, 3, 11, 25, 28, 16, 6, 5, 21, 10, 7, 24, 23, 14],
[25, 28, 0, 18, 13, 6, 21, 10, 2, 29, 27, 7, 14, 11],
[8, 12, 19, 17, 28, 16, 27, 10, 2, 7, 24, 1, 3, 9],
[13, 6, 16, 7, 14, 23, 9, 3, 11, 17, 19, 12, 8, 26],
[9, 23, 14, 7, 27, 15, 2, 6, 13, 18, 19],
[9, 3, 1, 23, 14, 7, 27, 29, 2, 6, 13, 18, 12, 19],
[22, 18, 0, 25, 7, 4, 24, 14, 11, 17, 19, 12, 8, 26],
[16, 10, 15, 2, 21, 5, 6, 13, 0, 19, 12, 22, 18, 17]]

\
Best Operator Route set string:
\
26-0*1-3*18-0*22-19-12-8*10-15*24-20*7-16-27-29-2-10*4-24*21-5-6-13-0-22-25-7-20-14-23-1-9*25-28*17-22*25-11*

\
Best Passenger Route set sting:
\
21-15-16-28-25-22-0-12-17-11-14-23-1-9*5-6-16-7-4-3-1-9-14-11-17-22-18-0*5-6-16-7-20-23-1-3-11-17-22-18-0-26-8*5-15-6-13-0-26-8-12-19-22-25-7-20-14-4*1-9-3-11-25-28-16-6-5-21-10-7-24-23-14*25-28-0-18-13-6-21-10-2-29-27-7-14-11*8-12-19-17-28-16-27-10-2-7-24-1-3-9*13-6-16-7-14-23-9-3-11-17-19-12-8-26*9-23-14-7-27-15-2-6-13-18-19*9-3-1-23-14-7-27-29-2-6-13-18-12-19*22-18-0-25-7-4-24-14-11-17-19-12-8-26*16-10-15-2-21-5-6-13-0-19-12-22-18-17*