33_2_Mumford0__ALL_param RESULTS EVALUATION:
\
HV:0.8000 | BM:0.8087

\
	Operator	Passenger
\
f1_ATT	34.8767		15.6125
\
f2_TRT	98		552
\
d_0	14.7767		67.6321
\
d_1	28.6942		31.6548
\
d_2	27.4112		0.7131
\
d_un	29.1180		0.0000

\
Best Operator Route set:
\
[[6, 15, 10],
[13, 18, 0, 22, 17],
[17, 12, 8],
[4, 24],
[22, 25, 28],
[2, 27, 7, 20, 24, 1],
[1, 9, 23, 14, 11, 17],
[5, 21, 10, 2, 29],
[0, 26],
[16, 27],
[3, 1],
[12, 19]]

\
Best Passenger Route set:
\
[[24, 20, 23, 1, 3, 9, 14, 7, 10, 15, 21, 5],
[1, 9, 23, 14, 11, 17, 18, 13, 6, 2, 15],
[3, 24, 7, 27, 29, 2, 10, 6, 13, 0, 18, 19, 12, 8, 26],
[23, 24, 4, 20, 14, 1, 3, 11, 17, 19, 12, 0, 22, 25, 7],
[7, 2, 16, 10, 15, 6, 13, 0, 12, 22, 19, 8],
[9, 1, 4, 7, 28, 25, 0, 22, 18, 13, 6, 15, 29],
[22, 18, 12, 8, 26, 0, 25, 7, 20, 23, 3, 1, 24, 4],
[29, 2, 27, 16, 28, 17, 12, 8, 26],
[29, 15, 10, 27, 16, 6, 5],
[2, 21, 5, 6, 16, 7, 4, 24, 14, 11, 17, 22, 0, 26, 8],
[19, 0, 18, 22, 25, 7, 4, 24],
[23, 9, 3, 11, 17, 22, 25, 7, 10, 21, 6, 2]]

\
Best Operator Route set string:
\
6-15-10*13-18-0-22-17*17-12-8*4-24*22-25-28*2-27-7-20-24-1*1-9-23-14-11-17*5-21-10-2-29*0-26*16-27*3-1*12-19*

\
Best Passenger Route set sting:
\
24-20-23-1-3-9-14-7-10-15-21-5*1-9-23-14-11-17-18-13-6-2-15*3-24-7-27-29-2-10-6-13-0-18-19-12-8-26*23-24-4-20-14-1-3-11-17-19-12-0-22-25-7*7-2-16-10-15-6-13-0-12-22-19-8*9-1-4-7-28-25-0-22-18-13-6-15-29*22-18-12-8-26-0-25-7-20-23-3-1-24-4*29-2-27-16-28-17-12-8-26*29-15-10-27-16-6-5*2-21-5-6-16-7-4-24-14-11-17-22-0-26-8*19-0-18-22-25-7-4-24*23-9-3-11-17-22-25-7-10-21-6-2*