3_3_Mumford1_GA_Mutations RESULTS EVALUATION:
\
HV:0.7148 | BM:0.7758

\
	Operator	Passenger
\
f1_ATT	34.9863		25.7569
\
f2_TRT	479		656
\
d_0	17.8956		32.8123
\
d_1	39.7026		56.3777
\
d_2	28.4544		10.4980
\
d_un	13.9474		0.3120

\
Best Operator Route set:
\
[[52, 64, 58, 45, 36, 38, 19, 66, 3, 69],
[42, 62, 15, 49, 26, 16, 10, 55, 20, 33],
[23, 2, 0, 69, 3, 66, 19, 38, 22, 33],
[57, 35, 51, 8, 26, 1, 68, 9, 11, 31],
[9, 59, 17, 43, 50, 23, 69, 29, 48, 39],
[32, 39, 18, 54, 36, 45, 58, 51, 35, 6],
[14, 44, 61, 17, 55, 8, 28, 56, 6, 47],
[63, 21, 24, 30, 26, 16, 10, 17, 61, 60],
[29, 3, 66, 19, 38, 36, 45, 58, 64, 52],
[29, 3, 66, 19, 38, 36, 45, 58, 64, 52],
[34, 57, 35, 51, 8, 26, 1, 68, 9, 11],
[2, 50, 13, 22, 45, 41, 12, 4, 7, 53],
[37, 65, 5, 67, 27, 25, 4, 7, 40, 46],
[52, 64, 58, 45, 36, 38, 19, 66, 3, 69],
[29, 3, 66, 19, 38, 36, 45, 58, 64, 52]]

\
Best Passenger Route set:
\
[[2, 50, 43, 17, 59, 1, 26, 30, 24, 21],
[0, 2, 50, 43, 20, 10, 16, 26, 49, 15, 42, 62],
[63, 24, 30, 26, 16, 10, 20, 43, 50, 23, 69, 48, 39],
[37, 65, 54, 38, 22, 33, 20, 17, 9, 68],
[28, 56, 51, 57, 25, 4, 7, 53, 47, 6, 63, 24, 30, 26, 1],
[27, 41, 34, 58, 64, 52, 20, 17, 61, 60],
[9, 11, 31, 1, 26, 8, 51, 41, 45, 36, 54, 5, 37],
[37, 65, 5, 54, 19, 22, 13, 43, 61, 60],
[4, 25, 12, 41, 45, 22, 13, 50, 2, 14],
[48, 29, 3, 66, 19, 36, 45, 34, 35, 6, 63, 21, 62],
[2, 50, 33, 58, 34, 41, 12, 4, 7, 40],
[32, 39, 18, 54, 36, 45, 58, 64, 52, 8, 26, 49, 11],
[50, 0, 23, 69, 38, 36, 41, 25, 4, 7, 40],
[46, 7, 47, 6, 56, 8, 55, 10, 17, 61, 44, 14],
[15, 49, 1, 26, 8, 51, 35, 34, 41, 27, 67, 37]]

\
Best Operator Route set string:
\
52-64-58-45-36-38-19-66-3-69*42-62-15-49-26-16-10-55-20-33*23-2-0-69-3-66-19-38-22-33*57-35-51-8-26-1-68-9-11-31*9-59-17-43-50-23-69-29-48-39*32-39-18-54-36-45-58-51-35-6*14-44-61-17-55-8-28-56-6-47*63-21-24-30-26-16-10-17-61-60*29-3-66-19-38-36-45-58-64-52*29-3-66-19-38-36-45-58-64-52*34-57-35-51-8-26-1-68-9-11*2-50-13-22-45-41-12-4-7-53*37-65-5-67-27-25-4-7-40-46*52-64-58-45-36-38-19-66-3-69*29-3-66-19-38-36-45-58-64-52*

\
Best Passenger Route set sting:
\
2-50-43-17-59-1-26-30-24-21*0-2-50-43-20-10-16-26-49-15-42-62*63-24-30-26-16-10-20-43-50-23-69-48-39*37-65-54-38-22-33-20-17-9-68*28-56-51-57-25-4-7-53-47-6-63-24-30-26-1*27-41-34-58-64-52-20-17-61-60*9-11-31-1-26-8-51-41-45-36-54-5-37*37-65-5-54-19-22-13-43-61-60*4-25-12-41-45-22-13-50-2-14*48-29-3-66-19-36-45-34-35-6-63-21-62*2-50-33-58-34-41-12-4-7-40*32-39-18-54-36-45-58-64-52-8-26-49-11*50-0-23-69-38-36-41-25-4-7-40*46-7-47-6-56-8-55-10-17-61-44-14*15-49-1-26-8-51-35-34-41-27-67-37*