33_3_Mumford1__ALL_param RESULTS EVALUATION:
\
HV:0.7609 | BM:0.7758

\
	Operator	Passenger
\
f1_ATT	29.6856		22.8449
\
f2_TRT	533		1526
\
d_0	23.5218		51.5884
\
d_1	53.4262		47.3738
\
d_2	20.7422		1.0378
\
d_un	2.3098		0.0000

\
Best Operator Route set:
\
[[27, 41, 34, 58, 64, 52, 20, 17, 61, 60],
[46, 40, 53, 47, 6, 56, 28, 8, 10, 59],
[32, 39, 18, 54, 36, 45, 58, 51, 35, 6],
[23, 2, 0, 69, 3, 66, 19, 38, 22, 33],
[29, 48, 66, 19, 36, 45, 34, 51, 8, 26, 62],
[4, 25, 12, 41, 45, 22, 13, 50, 2, 14],
[7, 4, 12, 25, 41, 34, 57, 35, 6, 47],
[50, 43, 20, 55, 10, 16, 26, 30, 24, 21],
[63, 21, 24, 30, 26, 16, 10, 17, 61, 60, 44],
[5, 18, 54, 36, 45, 58, 64, 52, 10, 16],
[68, 9, 11, 31, 1, 26, 8, 51, 41, 45],
[49, 26, 16, 10, 55, 20, 33, 22, 19, 66],
[37, 65, 5, 54, 19, 22, 33, 43, 61, 60],
[22, 33, 20, 55, 10, 16, 26, 49, 15, 42],
[12, 25, 27, 41, 36, 54, 18, 5, 37, 67]]

\
Best Passenger Route set:
\
[[60, 17, 10, 28, 56, 51, 41, 27, 67, 37, 65, 5],
[63, 21, 24, 30, 26, 16, 10, 17, 50, 23, 69, 66, 3, 48, 39, 65, 5, 37],
[62, 49, 11, 68, 1, 26, 8, 51, 34, 25, 12, 4, 40, 46],
[31, 11, 68, 9, 59, 10, 8, 56, 6, 47, 53, 4, 25, 27, 67, 65, 18, 66, 3, 0, 2, 14],
[13, 33, 58, 35, 64, 52, 20, 43, 50, 2, 14, 61, 17, 55, 8, 56, 6, 47, 7, 40, 46],
[63, 6, 56, 8, 28, 10, 20, 33, 22, 45, 34, 51, 64, 52, 55, 17, 60, 44, 14, 2, 23, 29, 19, 36, 41, 25, 12, 40, 46],
[23, 69, 38, 36, 41, 51, 56, 6, 21, 62, 15, 49, 1, 59, 17, 43, 13, 22, 19, 54, 5, 37, 67, 27, 25, 4, 7, 46, 40],
[67, 37, 65, 39, 32, 18, 38, 22, 33, 20, 55, 16, 26, 49, 42, 15, 11, 9, 68, 59, 10, 52, 64, 58, 41, 12, 40, 46, 53, 47],
[60, 44, 14, 2, 0, 69, 18, 5, 67, 27, 41, 51, 8, 26, 16, 55, 52, 64, 58, 45, 36, 54, 65, 37, 32],
[36, 45, 34, 57, 41, 27, 67, 37, 32, 54, 19, 38, 22, 33, 58, 35, 51, 64, 52, 8, 56, 6, 63, 21],
[55, 52, 64, 58, 35, 6, 63, 21, 62, 15, 49, 26, 8, 56, 28, 10, 16, 1, 31, 9, 17, 20, 33, 22, 38, 66, 19, 18, 5, 37],
[65, 5, 37, 32, 39, 48, 29, 23, 50, 13, 22, 45, 41, 25, 4, 53, 7, 40, 12],
[32, 39, 48, 69, 38, 36, 22, 33, 43, 61, 44, 17, 10, 16, 9, 1, 31, 11, 49, 26, 8, 51, 35, 57, 25, 12, 27, 67, 18],
[46, 40, 7, 4, 25, 57, 51, 58, 64, 52, 10, 16, 1, 11, 49, 62, 30, 63, 6, 35, 34, 45, 36, 38, 3, 0, 2, 14, 61, 44],
[21, 30, 42, 62, 24, 63, 6, 35, 41, 36, 54, 18, 39, 48, 3, 0, 50, 17, 9, 68, 1, 26, 8, 28, 56, 51, 64, 58]]

\
Best Operator Route set string:
\
27-41-34-58-64-52-20-17-61-60*46-40-53-47-6-56-28-8-10-59*32-39-18-54-36-45-58-51-35-6*23-2-0-69-3-66-19-38-22-33*29-48-66-19-36-45-34-51-8-26-62*4-25-12-41-45-22-13-50-2-14*7-4-12-25-41-34-57-35-6-47*50-43-20-55-10-16-26-30-24-21*63-21-24-30-26-16-10-17-61-60-44*5-18-54-36-45-58-64-52-10-16*68-9-11-31-1-26-8-51-41-45*49-26-16-10-55-20-33-22-19-66*37-65-5-54-19-22-33-43-61-60*22-33-20-55-10-16-26-49-15-42*12-25-27-41-36-54-18-5-37-67*

\
Best Passenger Route set sting:
\
60-17-10-28-56-51-41-27-67-37-65-5*63-21-24-30-26-16-10-17-50-23-69-66-3-48-39-65-5-37*62-49-11-68-1-26-8-51-34-25-12-4-40-46*31-11-68-9-59-10-8-56-6-47-53-4-25-27-67-65-18-66-3-0-2-14*13-33-58-35-64-52-20-43-50-2-14-61-17-55-8-56-6-47-7-40-46*63-6-56-8-28-10-20-33-22-45-34-51-64-52-55-17-60-44-14-2-23-29-19-36-41-25-12-40-46*23-69-38-36-41-51-56-6-21-62-15-49-1-59-17-43-13-22-19-54-5-37-67-27-25-4-7-46-40*67-37-65-39-32-18-38-22-33-20-55-16-26-49-42-15-11-9-68-59-10-52-64-58-41-12-40-46-53-47*60-44-14-2-0-69-18-5-67-27-41-51-8-26-16-55-52-64-58-45-36-54-65-37-32*36-45-34-57-41-27-67-37-32-54-19-38-22-33-58-35-51-64-52-8-56-6-63-21*55-52-64-58-35-6-63-21-62-15-49-26-8-56-28-10-16-1-31-9-17-20-33-22-38-66-19-18-5-37*65-5-37-32-39-48-29-23-50-13-22-45-41-25-4-53-7-40-12*32-39-48-69-38-36-22-33-43-61-44-17-10-16-9-1-31-11-49-26-8-51-35-57-25-12-27-67-18*46-40-7-4-25-57-51-58-64-52-10-16-1-11-49-62-30-63-6-35-34-45-36-38-3-0-2-14-61-44*21-30-42-62-24-63-6-35-41-36-54-18-39-48-3-0-50-17-9-68-1-26-8-28-56-51-64-58*