9_5_Mumford3_GA_Mut_prob RESULTS EVALUATION:
\
HV:0.6018 | BM:0.6385

\
	Operator	Passenger
\
f1_ATT	35.0242		28.8065
\
f2_TRT	2335		5427
\
d_0	18.0597		42.3311
\
d_1	55.0885		55.0977
\
d_2	25.0910		2.5712
\
d_un	1.7608		0.0000

\
Best Operator Route set:
\
[[38, 51, 52, 122, 94, 29, 80, 70, 66, 14, 100, 78, 96, 71],
[31, 51, 52, 122, 29, 80, 66, 53, 14, 100, 96, 71],
[96, 71, 78, 100, 14, 53, 66, 72, 74, 114, 16, 55],
[51, 52, 122, 94, 29, 80, 70, 66, 14, 100, 96, 71],
[22, 57, 30, 33, 39, 46, 11, 2, 37, 23, 53, 61, 108],
[62, 16, 114, 23, 124, 72, 66, 53, 14, 100, 96, 71],
[16, 114, 74, 23, 124, 66, 53, 14, 100, 78, 71, 96],
[16, 114, 74, 23, 124, 66, 53, 14, 100, 71, 78, 96],
[15, 12, 100, 14, 53, 66, 80, 63, 58, 105, 43, 90],
[16, 114, 23, 124, 72, 66, 53, 14, 100, 71, 96, 78],
[16, 114, 74, 72, 124, 66, 53, 14, 100, 78, 71, 96],
[47, 51, 52, 122, 94, 29, 80, 66, 14, 100, 96, 71],
[20, 19, 75, 60, 73, 48, 2, 23, 53, 14, 61, 108, 115],
[96, 71, 78, 100, 14, 53, 66, 72, 74, 114, 16, 55],
[99, 73, 48, 2, 49, 124, 66, 53, 14, 100, 78, 71],
[16, 114, 74, 72, 124, 66, 53, 14, 100, 78, 71, 96],
[112, 6, 45, 73, 48, 26, 101, 88, 25, 41, 8, 119, 21],
[60, 6, 73, 48, 2, 37, 23, 53, 14, 61, 108, 102],
[16, 114, 74, 37, 23, 124, 66, 53, 14, 100, 71, 96],
[16, 114, 74, 72, 124, 66, 53, 14, 100, 78, 71, 96],
[13, 50, 40, 7, 11, 1, 27, 81, 29, 5, 24, 117],
[16, 114, 74, 23, 124, 66, 53, 14, 100, 78, 71, 96],
[99, 48, 2, 49, 124, 66, 53, 14, 100, 78, 96, 71],
[16, 114, 74, 72, 124, 66, 53, 14, 100, 78, 71, 96],
[24, 36, 5, 9, 72, 124, 49, 2, 48, 73, 60, 32],
[16, 114, 23, 124, 72, 66, 53, 14, 100, 78, 96, 71],
[10, 86, 24, 36, 5, 80, 66, 53, 14, 100, 71, 96],
[32, 60, 73, 48, 2, 37, 23, 53, 61, 87, 84, 68],
[16, 114, 74, 72, 124, 66, 53, 14, 100, 78, 71, 96],
[20, 76, 92, 126, 26, 11, 1, 118, 52, 89, 17, 98, 103, 64],
[16, 114, 74, 23, 124, 66, 53, 14, 100, 78, 71, 96],
[107, 3, 71, 100, 14, 66, 80, 29, 94, 122, 52, 51],
[32, 60, 73, 48, 97, 11, 77, 67, 118, 52, 89, 42],
[16, 114, 23, 124, 72, 66, 53, 14, 100, 78, 96, 71],
[31, 52, 122, 94, 81, 29, 80, 63, 105, 104, 59, 89],
[69, 4, 43, 113, 89, 31, 39, 88, 93, 116, 50, 83],
[32, 60, 73, 48, 2, 37, 23, 53, 14, 61, 108, 102],
[111, 28, 98, 17, 89, 52, 118, 1, 11, 79, 48, 73],
[106, 115, 61, 14, 53, 23, 2, 48, 0, 101, 88, 121],
[16, 114, 74, 23, 124, 66, 53, 14, 100, 78, 71, 96],
[84, 110, 87, 61, 53, 23, 2, 79, 0, 26, 40, 65, 116],
[31, 52, 122, 94, 81, 29, 80, 63, 105, 104, 59, 89],
[3, 71, 100, 14, 66, 80, 29, 94, 122, 52, 51, 47],
[95, 123, 125, 88, 101, 0, 79, 2, 114, 78, 71, 96],
[16, 114, 23, 124, 72, 66, 53, 14, 100, 78, 96, 71],
[35, 125, 91, 88, 101, 0, 79, 2, 114, 78, 71, 96],
[16, 114, 23, 124, 72, 66, 53, 14, 100, 78, 96, 71],
[16, 114, 23, 124, 72, 66, 53, 14, 100, 78, 96, 71],
[89, 52, 118, 1, 11, 79, 97, 48, 73, 60, 32, 75],
[15, 3, 100, 14, 53, 66, 80, 29, 94, 122, 52, 89],
[56, 12, 3, 78, 114, 2, 79, 0, 120, 93, 44, 82],
[99, 73, 48, 2, 49, 124, 66, 53, 14, 100, 78, 71],
[85, 76, 50, 83, 92, 126, 48, 2, 49, 66, 80, 36],
[84, 110, 87, 61, 53, 23, 2, 79, 0, 26, 40, 65],
[16, 114, 23, 124, 72, 66, 53, 14, 100, 78, 96, 71],
[96, 71, 78, 100, 14, 53, 66, 72, 74, 114, 16, 55],
[34, 56, 12, 3, 78, 114, 2, 79, 0, 120, 93, 44],
[16, 114, 74, 66, 80, 5, 24, 117, 86, 10, 109, 18],
[60, 73, 48, 97, 11, 77, 67, 118, 52, 51, 31, 54],
[51, 52, 122, 94, 29, 80, 70, 66, 14, 100, 96, 71]]

\
Best Passenger Route set:
\
[[61, 108, 87, 84, 110, 68, 34, 56, 107, 15, 3, 96, 71, 78, 114, 2, 79, 0, 101, 88, 91, 123, 35, 125, 121],
[13, 83, 92, 126, 73, 48, 2, 49, 72, 9, 63, 58],
[71, 100, 78, 12, 15, 107, 56, 84, 110, 87, 61, 53, 23, 2, 79, 0, 26, 40, 95, 123, 35, 8, 119, 21, 22],
[47, 54, 31, 51, 52, 27, 81, 29, 80, 63, 105, 104, 59, 89],
[84, 110, 68, 12, 107, 15, 3, 96, 78, 114, 2, 79, 0, 101, 88, 39, 31, 89, 17, 64, 111],
[22, 8, 21, 57, 30, 54, 51, 52, 118, 1, 77, 11, 2, 74, 114, 16, 62, 112, 55, 60, 32, 126, 73, 99, 48],
[93, 7, 101, 120, 116, 40, 50, 83, 92, 76, 85, 20, 32, 60, 55, 16, 114, 78, 96, 71, 3, 12, 56, 84, 110],
[6, 55, 45, 73, 99, 48, 2, 49, 72, 124, 9, 63, 58, 104, 59],
[90, 43, 103, 111, 64, 28, 17, 89, 52, 118, 1, 11, 26, 126, 92, 76, 85, 19, 13, 50, 40, 116, 65, 44, 93],
[34, 68, 110, 87, 24, 36, 5, 63, 58, 104, 59, 89, 52, 51, 38, 54, 31, 33, 30, 25, 39, 46, 67, 81, 80],
[24, 86, 10, 117, 18, 69, 103, 90, 113, 89, 52, 118, 1, 11, 0, 26, 126, 48, 99, 55, 16, 112, 60, 75],
[3, 68, 110, 87, 102, 106, 108, 14, 53, 23, 37, 2, 79, 0, 101, 88, 91, 125, 35, 123],
[57, 30, 38, 31, 52, 122, 29, 80, 66, 14, 61, 115, 108, 106, 87, 102, 24, 5, 58, 104, 42, 43, 69, 111, 64],
[96, 71, 100, 12, 107, 15, 3, 78, 114, 2, 79, 0, 7, 101, 88, 91, 123, 35, 22],
[66, 124, 23, 53, 14, 61, 102, 24, 5, 29, 94, 122, 52, 38, 33, 30, 22, 119, 21, 125, 91, 82, 116],
[7, 120, 26, 40, 92, 83, 50, 19, 75, 32, 60, 73, 48, 97, 79, 11, 1, 118, 52, 51, 47, 54, 31, 33, 38],
[13, 50, 40, 26, 11, 1, 81, 29, 5, 24, 117, 86, 18, 109, 4, 69, 103, 98],
[28, 64, 43, 104, 58, 63, 80, 66, 74, 114, 16, 62],
[8, 41, 25, 88, 101, 0, 79, 2, 114, 78, 3, 68],
[34, 56, 12, 100, 78, 114, 2, 97, 0, 120, 93, 44],
[32, 60, 45, 112, 62, 16, 55, 99, 48, 26, 7, 101, 88, 125, 22, 119, 8, 35, 123, 91, 82, 93, 116, 65],
[56, 3, 71, 100, 14, 66, 80, 29, 94, 122, 52, 51, 47],
[4, 103, 111, 28, 64, 17, 42, 89, 52, 118, 1, 11, 26, 126, 92, 76, 20, 85, 19, 75],
[85, 20, 76, 13, 83, 50, 92, 126, 32, 112, 6, 45, 73, 48, 26, 101, 88, 25, 41, 8, 119, 21, 125, 121, 91],
[75, 19, 76, 13, 92, 83, 50, 116, 65, 82, 88, 39, 31, 89, 113, 90, 103, 69, 4, 64, 28, 17, 98, 43, 42],
[34, 68, 12, 100, 78, 114, 2, 79, 0, 26, 120, 93, 44],
[37, 74, 2, 97, 48, 73, 60, 55, 16, 114, 23, 49, 72, 9, 63, 105, 43, 103, 111, 64, 28, 17, 89, 42, 59],
[82, 116, 40, 92, 19, 20, 32, 60, 73, 48, 2, 23, 53, 61, 106, 87, 110, 84, 68, 12, 78, 71, 96, 100],
[84, 110, 68, 56, 15, 107, 12, 3, 71, 78, 114, 2, 79, 0, 101, 88, 125, 35, 91, 25, 39, 38, 52, 51, 31],
[18, 117, 10, 86, 24, 5, 36, 80, 66, 49, 2, 48, 73, 60, 32, 20, 85, 76, 83, 92, 50, 65, 44],
[42, 17, 43, 105, 104, 59, 89, 52, 118, 67, 1, 77, 0, 48, 73, 60, 75, 20, 32, 112, 6],
[81, 27, 118, 46, 39, 88, 121, 125, 21, 119, 8, 41, 30, 38, 52, 122, 29, 5, 24, 87, 110, 84, 68, 56],
[39, 25, 38, 47, 54, 30, 41, 33, 31, 51, 52, 118, 122, 94, 29, 80, 66, 53, 14, 100, 12, 56, 68],
[110, 84, 68, 34, 56, 12, 3, 71, 78, 114, 2, 79, 0, 101, 88, 91, 35, 125, 22, 8, 30, 31, 39, 25, 38],
[113, 42, 28, 103, 4, 10, 18, 109, 69, 43, 59, 89, 51, 31, 39, 88, 82, 44, 95, 65, 40, 116, 120, 101],
[116, 40, 92, 20, 85, 76, 13, 95, 82, 88, 39, 38, 31, 51, 89, 17, 64, 111, 4, 69, 43, 90, 113, 59, 42],
[42, 90, 103, 69, 111, 28, 43, 105, 63, 80, 66, 53, 14, 100, 96, 71, 78],
[2, 23, 53, 61, 115, 108, 14, 66, 80, 29, 122, 52, 51, 31, 38, 30, 22, 119, 21, 57, 41, 33, 54, 47],
[70, 124, 23, 114, 78, 12, 107, 15, 3, 100, 14, 53, 66, 80, 63, 58, 105, 104, 59, 17, 64, 4, 109, 103, 111],
[60, 32, 20, 92, 83, 50, 40, 7, 11, 1, 27, 29, 5, 36, 24, 86, 10, 18, 104, 43, 103],
[50, 83, 13, 76, 20, 85, 19, 92, 126, 26, 11, 46, 39, 33, 30, 22, 8, 35, 125, 88, 121],
[62, 16, 114, 23, 72, 9, 80, 63, 105, 104, 59, 113, 90, 42, 17],
[117, 86, 18, 109, 69, 103, 111, 64, 43, 104, 105, 58, 36, 63, 80, 66, 74, 114, 16, 112, 6, 45, 73, 48, 26],
[41, 57, 30, 33, 39, 38, 47, 54, 51, 52, 122, 29, 9, 70, 66, 14, 100, 12, 56, 15, 107, 3, 96, 78, 71],
[42, 90, 17, 28, 64, 43, 104, 105, 58, 63, 80, 66, 14, 100, 96, 3, 68, 110, 84, 87, 24, 117, 10],
[83, 76, 13, 50, 92, 20, 19, 75, 60, 73, 48, 2, 49, 66, 80, 63, 58, 105, 104, 18, 109, 86, 24],
[92, 83, 50, 40, 93, 88, 25, 30, 57, 41, 33, 31, 52, 122, 29, 80],
[120, 116, 50, 19, 75, 60, 73, 45, 55, 16, 114, 74, 66, 80, 63, 105, 104, 18, 109, 69, 4, 10, 86, 24],
[99, 48, 126, 32, 19, 13, 95, 82, 88, 39, 31, 89, 42, 113, 43, 69, 109, 86, 10, 18, 103, 4, 64, 28, 17],
[100, 12, 107, 3, 96, 78, 114, 2, 11, 77, 1, 118, 52, 89, 17, 98, 103, 64, 43, 42, 90, 59, 113],
[114, 16, 112, 45, 6, 55, 99, 73, 48, 79, 11, 1, 118, 52, 89, 17, 64, 111, 28, 103, 109, 10, 117, 86],
[64, 98, 103, 109, 10, 18, 69, 43, 90, 113, 89, 31, 39, 88, 93, 116, 50, 83, 76],
[117, 10, 86, 24, 5, 80, 70, 66, 49, 2, 48, 126, 92, 83, 50, 116, 40, 95, 65, 101, 7, 93, 120, 26],
[35, 21, 119, 22, 57, 30, 39, 46, 11, 79, 37, 74, 114, 78, 71, 96, 100, 14, 53, 23, 72, 70, 80, 9, 36],
[83, 50, 76, 85, 20, 32, 60, 112, 62, 16, 114, 74, 66, 80, 63, 58, 105, 104, 43, 64, 111, 4, 109, 18, 103],
[107, 15, 12, 3, 115, 106, 102, 87, 108, 61, 53, 23, 2, 11, 46, 39, 30, 22, 8, 119, 21, 125, 91, 123, 35],
[61, 108, 87, 24, 117, 86, 18, 104, 43, 113, 98, 64, 28, 17, 42, 89, 52, 118, 1, 77, 11, 0, 48, 73, 99],
[74, 114, 78, 12, 56, 34, 68, 84, 87, 61, 53, 23, 2, 79, 0, 101, 88, 91, 35, 123, 95, 50, 83, 92],
[77, 0, 11, 46, 67, 27, 94, 29, 36, 24, 117, 86, 10, 69, 43, 59, 89, 31, 33, 30, 22, 119, 8, 57],
[8, 41, 25, 88, 101, 7, 26, 48, 99, 55, 16, 62]]

\
Best Operator Route set string:
\
38-51-52-122-94-29-80-70-66-14-100-78-96-71*31-51-52-122-29-80-66-53-14-100-96-71*96-71-78-100-14-53-66-72-74-114-16-55*51-52-122-94-29-80-70-66-14-100-96-71*22-57-30-33-39-46-11-2-37-23-53-61-108*62-16-114-23-124-72-66-53-14-100-96-71*16-114-74-23-124-66-53-14-100-78-71-96*16-114-74-23-124-66-53-14-100-71-78-96*15-12-100-14-53-66-80-63-58-105-43-90*16-114-23-124-72-66-53-14-100-71-96-78*16-114-74-72-124-66-53-14-100-78-71-96*47-51-52-122-94-29-80-66-14-100-96-71*20-19-75-60-73-48-2-23-53-14-61-108-115*96-71-78-100-14-53-66-72-74-114-16-55*99-73-48-2-49-124-66-53-14-100-78-71*16-114-74-72-124-66-53-14-100-78-71-96*112-6-45-73-48-26-101-88-25-41-8-119-21*60-6-73-48-2-37-23-53-14-61-108-102*16-114-74-37-23-124-66-53-14-100-71-96*16-114-74-72-124-66-53-14-100-78-71-96*13-50-40-7-11-1-27-81-29-5-24-117*16-114-74-23-124-66-53-14-100-78-71-96*99-48-2-49-124-66-53-14-100-78-96-71*16-114-74-72-124-66-53-14-100-78-71-96*24-36-5-9-72-124-49-2-48-73-60-32*16-114-23-124-72-66-53-14-100-78-96-71*10-86-24-36-5-80-66-53-14-100-71-96*32-60-73-48-2-37-23-53-61-87-84-68*16-114-74-72-124-66-53-14-100-78-71-96*20-76-92-126-26-11-1-118-52-89-17-98-103-64*16-114-74-23-124-66-53-14-100-78-71-96*107-3-71-100-14-66-80-29-94-122-52-51*32-60-73-48-97-11-77-67-118-52-89-42*16-114-23-124-72-66-53-14-100-78-96-71*31-52-122-94-81-29-80-63-105-104-59-89*69-4-43-113-89-31-39-88-93-116-50-83*32-60-73-48-2-37-23-53-14-61-108-102*111-28-98-17-89-52-118-1-11-79-48-73*106-115-61-14-53-23-2-48-0-101-88-121*16-114-74-23-124-66-53-14-100-78-71-96*84-110-87-61-53-23-2-79-0-26-40-65-116*31-52-122-94-81-29-80-63-105-104-59-89*3-71-100-14-66-80-29-94-122-52-51-47*95-123-125-88-101-0-79-2-114-78-71-96*16-114-23-124-72-66-53-14-100-78-96-71*35-125-91-88-101-0-79-2-114-78-71-96*16-114-23-124-72-66-53-14-100-78-96-71*16-114-23-124-72-66-53-14-100-78-96-71*89-52-118-1-11-79-97-48-73-60-32-75*15-3-100-14-53-66-80-29-94-122-52-89*56-12-3-78-114-2-79-0-120-93-44-82*99-73-48-2-49-124-66-53-14-100-78-71*85-76-50-83-92-126-48-2-49-66-80-36*84-110-87-61-53-23-2-79-0-26-40-65*16-114-23-124-72-66-53-14-100-78-96-71*96-71-78-100-14-53-66-72-74-114-16-55*34-56-12-3-78-114-2-79-0-120-93-44*16-114-74-66-80-5-24-117-86-10-109-18*60-73-48-97-11-77-67-118-52-51-31-54*51-52-122-94-29-80-70-66-14-100-96-71*

\
Best Passenger Route set sting:
\
61-108-87-84-110-68-34-56-107-15-3-96-71-78-114-2-79-0-101-88-91-123-35-125-121*13-83-92-126-73-48-2-49-72-9-63-58*71-100-78-12-15-107-56-84-110-87-61-53-23-2-79-0-26-40-95-123-35-8-119-21-22*47-54-31-51-52-27-81-29-80-63-105-104-59-89*84-110-68-12-107-15-3-96-78-114-2-79-0-101-88-39-31-89-17-64-111*22-8-21-57-30-54-51-52-118-1-77-11-2-74-114-16-62-112-55-60-32-126-73-99-48*93-7-101-120-116-40-50-83-92-76-85-20-32-60-55-16-114-78-96-71-3-12-56-84-110*6-55-45-73-99-48-2-49-72-124-9-63-58-104-59*90-43-103-111-64-28-17-89-52-118-1-11-26-126-92-76-85-19-13-50-40-116-65-44-93*34-68-110-87-24-36-5-63-58-104-59-89-52-51-38-54-31-33-30-25-39-46-67-81-80*24-86-10-117-18-69-103-90-113-89-52-118-1-11-0-26-126-48-99-55-16-112-60-75*3-68-110-87-102-106-108-14-53-23-37-2-79-0-101-88-91-125-35-123*57-30-38-31-52-122-29-80-66-14-61-115-108-106-87-102-24-5-58-104-42-43-69-111-64*96-71-100-12-107-15-3-78-114-2-79-0-7-101-88-91-123-35-22*66-124-23-53-14-61-102-24-5-29-94-122-52-38-33-30-22-119-21-125-91-82-116*7-120-26-40-92-83-50-19-75-32-60-73-48-97-79-11-1-118-52-51-47-54-31-33-38*13-50-40-26-11-1-81-29-5-24-117-86-18-109-4-69-103-98*28-64-43-104-58-63-80-66-74-114-16-62*8-41-25-88-101-0-79-2-114-78-3-68*34-56-12-100-78-114-2-97-0-120-93-44*32-60-45-112-62-16-55-99-48-26-7-101-88-125-22-119-8-35-123-91-82-93-116-65*56-3-71-100-14-66-80-29-94-122-52-51-47*4-103-111-28-64-17-42-89-52-118-1-11-26-126-92-76-20-85-19-75*85-20-76-13-83-50-92-126-32-112-6-45-73-48-26-101-88-25-41-8-119-21-125-121-91*75-19-76-13-92-83-50-116-65-82-88-39-31-89-113-90-103-69-4-64-28-17-98-43-42*34-68-12-100-78-114-2-79-0-26-120-93-44*37-74-2-97-48-73-60-55-16-114-23-49-72-9-63-105-43-103-111-64-28-17-89-42-59*82-116-40-92-19-20-32-60-73-48-2-23-53-61-106-87-110-84-68-12-78-71-96-100*84-110-68-56-15-107-12-3-71-78-114-2-79-0-101-88-125-35-91-25-39-38-52-51-31*18-117-10-86-24-5-36-80-66-49-2-48-73-60-32-20-85-76-83-92-50-65-44*42-17-43-105-104-59-89-52-118-67-1-77-0-48-73-60-75-20-32-112-6*81-27-118-46-39-88-121-125-21-119-8-41-30-38-52-122-29-5-24-87-110-84-68-56*39-25-38-47-54-30-41-33-31-51-52-118-122-94-29-80-66-53-14-100-12-56-68*110-84-68-34-56-12-3-71-78-114-2-79-0-101-88-91-35-125-22-8-30-31-39-25-38*113-42-28-103-4-10-18-109-69-43-59-89-51-31-39-88-82-44-95-65-40-116-120-101*116-40-92-20-85-76-13-95-82-88-39-38-31-51-89-17-64-111-4-69-43-90-113-59-42*42-90-103-69-111-28-43-105-63-80-66-53-14-100-96-71-78*2-23-53-61-115-108-14-66-80-29-122-52-51-31-38-30-22-119-21-57-41-33-54-47*70-124-23-114-78-12-107-15-3-100-14-53-66-80-63-58-105-104-59-17-64-4-109-103-111*60-32-20-92-83-50-40-7-11-1-27-29-5-36-24-86-10-18-104-43-103*50-83-13-76-20-85-19-92-126-26-11-46-39-33-30-22-8-35-125-88-121*62-16-114-23-72-9-80-63-105-104-59-113-90-42-17*117-86-18-109-69-103-111-64-43-104-105-58-36-63-80-66-74-114-16-112-6-45-73-48-26*41-57-30-33-39-38-47-54-51-52-122-29-9-70-66-14-100-12-56-15-107-3-96-78-71*42-90-17-28-64-43-104-105-58-63-80-66-14-100-96-3-68-110-84-87-24-117-10*83-76-13-50-92-20-19-75-60-73-48-2-49-66-80-63-58-105-104-18-109-86-24*92-83-50-40-93-88-25-30-57-41-33-31-52-122-29-80*120-116-50-19-75-60-73-45-55-16-114-74-66-80-63-105-104-18-109-69-4-10-86-24*99-48-126-32-19-13-95-82-88-39-31-89-42-113-43-69-109-86-10-18-103-4-64-28-17*100-12-107-3-96-78-114-2-11-77-1-118-52-89-17-98-103-64-43-42-90-59-113*114-16-112-45-6-55-99-73-48-79-11-1-118-52-89-17-64-111-28-103-109-10-117-86*64-98-103-109-10-18-69-43-90-113-89-31-39-88-93-116-50-83-76*117-10-86-24-5-80-70-66-49-2-48-126-92-83-50-116-40-95-65-101-7-93-120-26*35-21-119-22-57-30-39-46-11-79-37-74-114-78-71-96-100-14-53-23-72-70-80-9-36*83-50-76-85-20-32-60-112-62-16-114-74-66-80-63-58-105-104-43-64-111-4-109-18-103*107-15-12-3-115-106-102-87-108-61-53-23-2-11-46-39-30-22-8-119-21-125-91-123-35*61-108-87-24-117-86-18-104-43-113-98-64-28-17-42-89-52-118-1-77-11-0-48-73-99*74-114-78-12-56-34-68-84-87-61-53-23-2-79-0-101-88-91-35-123-95-50-83-92*77-0-11-46-67-27-94-29-36-24-117-86-10-69-43-59-89-31-33-30-22-119-8-57*8-41-25-88-101-7-26-48-99-55-16-62*