24_2_Mumford0_SA_Mutations_more RESULTS EVALUATION:
\
HV:0.7971 | BM:0.8087

\
	Operator	Passenger
\
f1_ATT	34.8767		15.6710
\
f2_TRT	98		737
\
d_0	14.7767		62.5760
\
d_1	28.6942		37.4240
\
d_2	27.4112		0.0000
\
d_un	29.1180		0.0000

\
Best Operator Route set:
\
[[6, 15, 10],
[13, 18, 0, 22, 17],
[17, 12, 8],
[4, 24],
[22, 25, 28],
[2, 27, 7, 20, 24, 1],
[1, 9, 23, 14, 11, 17],
[5, 21, 10, 2, 29],
[0, 26],
[16, 27],
[3, 1],
[12, 19]]

\
Best Passenger Route set:
\
[[2, 10, 15, 16, 7, 20, 23, 9, 1, 3, 11, 17, 0, 26],
[9, 1, 4, 7, 27, 29, 15, 16, 28, 0, 18, 19, 12, 17, 22],
[25, 7, 27, 16, 15, 21, 10, 29, 2, 6, 13, 0, 19, 17, 18],
[12, 22, 18, 13, 6, 10, 16, 7, 28, 0, 26, 8, 19, 17, 11],
[5, 21, 10, 27, 15, 2, 7, 16, 6, 13, 0, 25, 11, 14, 3],
[10, 6, 15, 2, 27, 7, 14, 24, 1, 3, 11, 17, 0, 18, 22],
[20, 14, 7, 10, 21, 5, 15, 6, 2, 29, 27, 16, 28, 17, 19],
[11, 3, 23, 24, 4, 7, 25, 22, 18, 13, 6, 15],
[9, 23, 3, 1, 4, 14, 11, 25, 28, 7, 16, 27, 10, 21, 6],
[15, 27, 29, 10, 21, 6, 16, 28, 0, 17, 18, 22, 12, 8, 26],
[2, 16, 28, 17, 11, 14, 23, 3, 24, 20, 7, 25, 0, 13, 6],
[29, 27, 16, 7, 10, 2, 21, 5, 6, 13, 0, 25, 28, 17, 19]]

\
Best Operator Route set string:
\
6-15-10*13-18-0-22-17*17-12-8*4-24*22-25-28*2-27-7-20-24-1*1-9-23-14-11-17*5-21-10-2-29*0-26*16-27*3-1*12-19*

\
Best Passenger Route set sting:
\
2-10-15-16-7-20-23-9-1-3-11-17-0-26*9-1-4-7-27-29-15-16-28-0-18-19-12-17-22*25-7-27-16-15-21-10-29-2-6-13-0-19-17-18*12-22-18-13-6-10-16-7-28-0-26-8-19-17-11*5-21-10-27-15-2-7-16-6-13-0-25-11-14-3*10-6-15-2-27-7-14-24-1-3-11-17-0-18-22*20-14-7-10-21-5-15-6-2-29-27-16-28-17-19*11-3-23-24-4-7-25-22-18-13-6-15*9-23-3-1-4-14-11-25-28-7-16-27-10-21-6*15-27-29-10-21-6-16-28-0-17-18-22-12-8-26*2-16-28-17-11-14-23-3-24-20-7-25-0-13-6*29-27-16-7-10-2-21-5-6-13-0-25-28-17-19*