33_2_Mumford0__ALL_param RESULTS EVALUATION:
\
HV:0.8010 | BM:0.8087

\
	Operator	Passenger
\
f1_ATT	34.8767		15.5773
\
f2_TRT	98		607
\
d_0	14.7767		64.0490
\
d_1	28.6942		35.9510
\
d_2	27.4112		0.0000
\
d_un	29.1180		0.0000

\
Best Operator Route set:
\
[[6, 15, 10],
[13, 18, 0, 22, 17],
[17, 12, 8],
[4, 24],
[22, 25, 28],
[2, 27, 7, 20, 24, 1],
[1, 9, 23, 14, 11, 17],
[5, 21, 10, 2, 29],
[0, 26],
[16, 27],
[3, 1],
[12, 19]]

\
Best Passenger Route set:
\
[[6, 16, 27, 15, 10, 7, 25, 0, 18, 17, 11, 14, 23],
[10, 2, 29, 27, 7, 25, 22, 19, 17, 11, 14],
[13, 0, 17, 19, 8, 12, 22, 25, 7, 4, 24, 23],
[21, 15, 5, 6, 16, 28, 25, 11, 14, 9, 3, 24, 20],
[29, 15, 21, 5, 6, 16, 7, 4, 24, 3],
[21, 10, 16, 27, 7, 28, 0, 26, 8, 19, 18, 13, 6, 15],
[10, 29, 27, 16, 2, 15, 5, 6, 13, 0, 22, 19, 12, 8],
[10, 16, 7, 14, 20, 4, 24, 23, 9, 3, 11, 17, 22],
[12, 19, 18, 0, 28, 16, 6, 5, 21, 10, 27, 7, 24, 1],
[29, 10, 2, 21, 15, 27, 7, 20, 23, 9, 3, 1, 14],
[28, 17, 22, 25, 11, 3, 1, 4],
[22, 19, 17, 28, 16, 10, 21, 6, 15, 29, 2, 7, 14, 23, 3]]

\
Best Operator Route set string:
\
6-15-10*13-18-0-22-17*17-12-8*4-24*22-25-28*2-27-7-20-24-1*1-9-23-14-11-17*5-21-10-2-29*0-26*16-27*3-1*12-19*

\
Best Passenger Route set sting:
\
6-16-27-15-10-7-25-0-18-17-11-14-23*10-2-29-27-7-25-22-19-17-11-14*13-0-17-19-8-12-22-25-7-4-24-23*21-15-5-6-16-28-25-11-14-9-3-24-20*29-15-21-5-6-16-7-4-24-3*21-10-16-27-7-28-0-26-8-19-18-13-6-15*10-29-27-16-2-15-5-6-13-0-22-19-12-8*10-16-7-14-20-4-24-23-9-3-11-17-22*12-19-18-0-28-16-6-5-21-10-27-7-24-1*29-10-2-21-15-27-7-20-23-9-3-1-14*28-17-22-25-11-3-1-4*22-19-17-28-16-10-21-6-15-29-2-7-14-23-3*