3_2_Mumford0_GA_Mutations RESULTS EVALUATION:
\
HV:0.7683 | BM:0.0000

\
	Operator	Passenger
\
f1_ATT	30.0692		16.6333
\
f2_TRT	99		295
\
d_0	23.1471		57.4702
\
d_1	31.0673		40.9633
\
d_2	19.7539		1.5665
\
d_un	26.0317		0.0000

\
Best Operator Route set:
\
[[17, 22],
[10, 2],
[16, 27],
[15, 21],
[11, 17],
[25, 28],
[2, 29],
[17, 19, 12],
[9, 1, 3, 23, 14, 7, 16, 6, 5, 21],
[15, 10],
[24, 4, 20, 7, 25, 22, 18, 0, 26, 8],
[6, 13]]

\
Best Passenger Route set:
\
[[8, 12, 0, 18, 13, 6, 15, 10],
[9, 1, 3, 11, 17, 22, 0, 18, 13],
[8, 12, 19, 22, 25, 7, 27, 29, 2],
[29, 15, 10, 27, 7, 20, 14, 24, 4],
[1, 24],
[5, 21, 6, 13, 0, 18, 12, 19],
[5, 21, 10, 27, 7, 20, 14, 23, 9],
[8, 12, 18, 0, 25, 28, 16, 27, 2],
[24, 4, 7, 25, 22, 18, 0, 26],
[24, 14, 11, 17, 22, 12, 8],
[3, 23, 14, 7, 16, 6, 5],
[19, 12, 17, 28, 25, 7, 20]]

\
Best Operator Route set string:
\
17-22*10-2*16-27*15-21*11-17*25-28*2-29*17-19-12*9-1-3-23-14-7-16-6-5-21*15-10*24-4-20-7-25-22-18-0-26-8*6-13*

\
Best Passenger Route set sting:
\
8-12-0-18-13-6-15-10*9-1-3-11-17-22-0-18-13*8-12-19-22-25-7-27-29-2*29-15-10-27-7-20-14-24-4*1-24*5-21-6-13-0-18-12-19*5-21-10-27-7-20-14-23-9*8-12-18-0-25-28-16-27-2*24-4-7-25-22-18-0-26*24-14-11-17-22-12-8*3-23-14-7-16-6-5*19-12-17-28-25-7-20*