3_3_Mumford1_GA_Mutations RESULTS EVALUATION:
\
HV:0.7066 | BM:0.7758

\
	Operator	Passenger
\
f1_ATT	33.9699		26.0902
\
f2_TRT	476		593
\
d_0	18.3478		29.5478
\
d_1	39.2390		58.5192
\
d_2	34.5125		11.0271
\
d_un	7.9007		0.9059

\
Best Operator Route set:
\
[[64, 58, 45, 36, 38, 19, 66, 3, 29, 69],
[48, 39, 18, 54, 36, 45, 34, 57, 35, 51],
[2, 0, 69, 3, 66, 19, 38, 22, 33, 13],
[46, 40, 53, 47, 6, 56, 28, 8, 10, 59],
[12, 25, 27, 41, 36, 54, 18, 5, 37, 67],
[50, 43, 20, 55, 16, 26, 49, 15, 42, 62],
[23, 69, 38, 36, 45, 58, 64, 52, 8, 28],
[64, 58, 45, 36, 38, 19, 66, 3, 29, 69],
[34, 58, 64, 52, 20, 17, 61, 60, 44, 14],
[63, 21, 24, 30, 26, 16, 10, 55, 20, 43],
[2, 0, 69, 3, 66, 19, 38, 22, 33, 13],
[64, 58, 45, 36, 38, 19, 66, 3, 29, 69],
[68, 9, 11, 31, 1, 26, 8, 51, 41, 45],
[64, 58, 45, 36, 38, 19, 66, 3, 29, 69],
[32, 65, 5, 67, 27, 25, 4, 7, 40, 46]]

\
Best Passenger Route set:
\
[[14, 60, 61, 43, 13, 22, 38, 54, 5, 37],
[65, 54, 36, 45, 58, 64, 52, 8, 26, 49, 15, 62],
[31, 11, 9, 59, 17, 20, 33, 22, 19, 18],
[29, 48, 69, 23, 50, 43, 17, 59, 1, 49, 15, 42],
[53, 7, 47, 6, 56, 8, 55, 10, 59, 9, 68],
[4, 25, 12, 41, 34, 58, 33, 50, 2, 14],
[11, 1, 26, 8, 56, 51, 35, 41, 27, 67],
[46, 40, 7, 4, 25, 27, 67, 5, 37, 65],
[7, 47, 6, 56, 28, 10, 17, 61, 44, 60],
[21, 24, 30, 26, 16, 10, 55, 20, 43, 50],
[2, 50, 13, 22, 45, 41, 25, 4, 40, 46],
[2, 0, 69, 3, 66, 19, 38, 22, 33, 50],
[12, 25, 57, 35, 64, 52, 20, 17, 61, 44],
[32, 39, 18, 54, 36, 45, 34, 57, 35, 51, 56, 28],
[42, 24, 21, 63, 6, 35, 34, 45, 36, 38, 66, 48, 29]]

\
Best Operator Route set string:
\
64-58-45-36-38-19-66-3-29-69*48-39-18-54-36-45-34-57-35-51*2-0-69-3-66-19-38-22-33-13*46-40-53-47-6-56-28-8-10-59*12-25-27-41-36-54-18-5-37-67*50-43-20-55-16-26-49-15-42-62*23-69-38-36-45-58-64-52-8-28*64-58-45-36-38-19-66-3-29-69*34-58-64-52-20-17-61-60-44-14*63-21-24-30-26-16-10-55-20-43*2-0-69-3-66-19-38-22-33-13*64-58-45-36-38-19-66-3-29-69*68-9-11-31-1-26-8-51-41-45*64-58-45-36-38-19-66-3-29-69*32-65-5-67-27-25-4-7-40-46*

\
Best Passenger Route set sting:
\
14-60-61-43-13-22-38-54-5-37*65-54-36-45-58-64-52-8-26-49-15-62*31-11-9-59-17-20-33-22-19-18*29-48-69-23-50-43-17-59-1-49-15-42*53-7-47-6-56-8-55-10-59-9-68*4-25-12-41-34-58-33-50-2-14*11-1-26-8-56-51-35-41-27-67*46-40-7-4-25-27-67-5-37-65*7-47-6-56-28-10-17-61-44-60*21-24-30-26-16-10-55-20-43-50*2-50-13-22-45-41-25-4-40-46*2-0-69-3-66-19-38-22-33-50*12-25-57-35-64-52-20-17-61-44*32-39-18-54-36-45-34-57-35-51-56-28*42-24-21-63-6-35-34-45-36-38-66-48-29*