33_3_Mumford1__ALL_param RESULTS EVALUATION:
\
HV:0.7652 | BM:0.7758

\
	Operator	Passenger
\
f1_ATT	26.6283		22.9227
\
f2_TRT	519		1330
\
d_0	22.8329		49.2537
\
d_1	57.0272		48.4708
\
d_2	19.6276		2.2755
\
d_un	0.5124		0.0000

\
Best Operator Route set:
\
[[9, 68, 1, 26, 8, 51, 35, 57, 25, 12],
[9, 68, 59, 10, 55, 52, 64, 58, 34, 57],
[37, 65, 5, 18, 54, 19, 38, 69, 23, 0],
[26, 16, 10, 20, 33, 22, 38, 54, 5, 65],
[3, 69, 29, 48, 39, 32, 5, 67, 27, 25],
[46, 7, 53, 47, 6, 56, 8, 10, 17, 61],
[58, 64, 52, 20, 17, 59, 1, 26, 30, 24],
[48, 29, 3, 38, 36, 45, 58, 51, 35, 57],
[17, 60, 44, 14, 2, 0, 69, 3, 66, 19],
[46, 40, 7, 4, 25, 41, 58, 33, 50, 2],
[0, 50, 43, 17, 9, 68, 11, 31, 1, 26],
[30, 24, 62, 42, 15, 49, 26, 8, 51, 64],
[54, 38, 36, 45, 34, 35, 6, 63, 21, 24],
[3, 66, 38, 36, 41, 45, 22, 33, 13, 43],
[8, 28, 56, 51, 34, 41, 27, 67, 37, 5]]

\
Best Passenger Route set:
\
[[63, 21, 24, 42, 15, 49, 26, 8, 51, 58, 45, 36, 54, 18, 39, 48, 29, 23, 0, 2, 14, 44, 60, 61],
[13, 43, 20, 55, 8, 56, 51, 35, 57, 34, 45, 36, 54, 32, 65, 67, 27, 41, 58, 64, 52, 10, 59, 9, 68, 1, 16, 26, 49, 11],
[4, 12, 25, 34, 45, 36, 38, 69, 29, 48, 3, 23, 50, 17, 59, 1, 26, 30, 63, 6, 47, 7, 40, 46, 53],
[44, 60, 61, 43, 33, 22, 45, 58, 64, 52, 55, 16, 26, 62, 24],
[21, 63, 6, 35, 64, 52, 55, 8, 28, 56, 51, 34, 45, 36, 19, 3, 0, 23, 50, 2],
[61, 60, 17, 20, 52, 64, 35, 34, 25, 4, 7, 40, 46],
[29, 48, 39, 32, 65, 5, 37, 67, 27, 41, 51, 8, 26, 16, 1, 11, 31],
[67, 37, 65, 54, 66, 69, 23, 50, 43, 20, 10, 16, 26, 30, 24, 63, 6, 47, 40, 46, 7, 4, 25, 12, 41, 35, 58],
[29, 69, 3, 66, 19, 38, 36, 41, 35, 6, 63, 24, 62, 49, 9, 68, 11, 31],
[31, 11, 68, 9, 17, 43, 50, 13, 22, 45, 41, 25, 4, 53, 47, 6, 56, 8, 55, 10, 59, 1, 49, 15, 62, 21, 30, 26, 16],
[17, 20, 55, 8, 51, 58, 33, 22, 38, 19, 65, 39, 32, 37, 5, 18, 69, 29, 3],
[53, 7, 46, 40, 12, 41, 58, 33, 50, 2, 14, 44, 17, 10, 28, 56],
[14, 44, 60, 61, 17, 55, 52, 64, 51, 57, 41, 36, 54, 5, 18, 69, 0, 50, 43, 20, 10, 28, 56, 6, 21, 24, 62, 15, 30, 42],
[39, 32, 18, 19, 22, 33, 20, 10, 16, 1, 49, 15, 42],
[34, 41, 36, 19, 66, 48, 39, 18, 67, 27, 12, 4, 25, 57, 51, 8, 26, 1, 31, 11, 9, 17, 20, 33, 22, 38, 54, 5, 37, 65]]

\
Best Operator Route set string:
\
9-68-1-26-8-51-35-57-25-12*9-68-59-10-55-52-64-58-34-57*37-65-5-18-54-19-38-69-23-0*26-16-10-20-33-22-38-54-5-65*3-69-29-48-39-32-5-67-27-25*46-7-53-47-6-56-8-10-17-61*58-64-52-20-17-59-1-26-30-24*48-29-3-38-36-45-58-51-35-57*17-60-44-14-2-0-69-3-66-19*46-40-7-4-25-41-58-33-50-2*0-50-43-17-9-68-11-31-1-26*30-24-62-42-15-49-26-8-51-64*54-38-36-45-34-35-6-63-21-24*3-66-38-36-41-45-22-33-13-43*8-28-56-51-34-41-27-67-37-5*

\
Best Passenger Route set sting:
\
63-21-24-42-15-49-26-8-51-58-45-36-54-18-39-48-29-23-0-2-14-44-60-61*13-43-20-55-8-56-51-35-57-34-45-36-54-32-65-67-27-41-58-64-52-10-59-9-68-1-16-26-49-11*4-12-25-34-45-36-38-69-29-48-3-23-50-17-59-1-26-30-63-6-47-7-40-46-53*44-60-61-43-33-22-45-58-64-52-55-16-26-62-24*21-63-6-35-64-52-55-8-28-56-51-34-45-36-19-3-0-23-50-2*61-60-17-20-52-64-35-34-25-4-7-40-46*29-48-39-32-65-5-37-67-27-41-51-8-26-16-1-11-31*67-37-65-54-66-69-23-50-43-20-10-16-26-30-24-63-6-47-40-46-7-4-25-12-41-35-58*29-69-3-66-19-38-36-41-35-6-63-24-62-49-9-68-11-31*31-11-68-9-17-43-50-13-22-45-41-25-4-53-47-6-56-8-55-10-59-1-49-15-62-21-30-26-16*17-20-55-8-51-58-33-22-38-19-65-39-32-37-5-18-69-29-3*53-7-46-40-12-41-58-33-50-2-14-44-17-10-28-56*14-44-60-61-17-55-52-64-51-57-41-36-54-5-18-69-0-50-43-20-10-28-56-6-21-24-62-15-30-42*39-32-18-19-22-33-20-10-16-1-49-15-42*34-41-36-19-66-48-39-18-67-27-12-4-25-57-51-8-26-1-31-11-9-17-20-33-22-38-54-5-37-65*