5_2_Mumford0_GA_Mut_threshold RESULTS EVALUATION:
\
HV:0.8264 | BM:0.8087

\
	Operator	Passenger
\
f1_ATT	25.0682		15.0717
\
f2_TRT	96		517
\
d_0	19.7276		77.8992
\
d_1	43.0793		22.1008
\
d_2	28.4925		0.0000
\
d_un	8.7006		0.0000

\
Best Operator Route set:
\
[[26, 0],
[1, 3],
[0, 18],
[22, 19, 12, 8],
[16, 27, 10, 15],
[5, 21, 6, 13, 0, 22, 25, 7, 27, 2, 29],
[7, 20, 14, 23, 1, 9],
[4, 24],
[20, 24],
[25, 28],
[17, 22],
[25, 11]]

\
Best Passenger Route set:
\
[[26, 8, 12, 19, 17, 11, 14, 23, 1, 9],
[8, 26, 0, 18, 22, 25, 7, 27, 29, 10, 15],
[8, 12, 19, 17, 28, 16, 27, 10, 15, 21, 6, 13, 0, 26],
[9, 1, 24, 4, 7, 28, 0, 18, 13],
[19, 22, 0, 13, 6, 5, 21, 15, 2, 29, 27, 7, 28, 25, 11],
[8, 12, 19, 22, 25, 7, 20, 23, 9, 1, 4, 24, 3],
[1, 3, 23, 14, 7, 16, 6, 13],
[9, 14, 7, 16],
[9, 1, 3, 11, 17, 22, 0, 18, 13, 6, 10, 29, 2, 16],
[9, 1, 23, 14, 7, 27, 10, 21, 5, 6, 16, 28, 25, 22, 18],
[20, 14, 23, 1, 3, 24, 7, 27, 2, 29, 15, 16, 28, 25, 0],
[3, 23, 4, 24, 14, 20, 7, 27, 15, 6, 13, 18, 12, 19, 8]]

\
Best Operator Route set string:
\
26-0*1-3*0-18*22-19-12-8*16-27-10-15*5-21-6-13-0-22-25-7-27-2-29*7-20-14-23-1-9*4-24*20-24*25-28*17-22*25-11*

\
Best Passenger Route set sting:
\
26-8-12-19-17-11-14-23-1-9*8-26-0-18-22-25-7-27-29-10-15*8-12-19-17-28-16-27-10-15-21-6-13-0-26*9-1-24-4-7-28-0-18-13*19-22-0-13-6-5-21-15-2-29-27-7-28-25-11*8-12-19-22-25-7-20-23-9-1-4-24-3*1-3-23-14-7-16-6-13*9-14-7-16*9-1-3-11-17-22-0-18-13-6-10-29-2-16*9-1-23-14-7-27-10-21-5-6-16-28-25-22-18*20-14-23-1-3-24-7-27-2-29-15-16-28-25-0*3-23-4-24-14-20-7-27-15-6-13-18-12-19-8*