23_2_Mumford0_SA_Mutations RESULTS EVALUATION:
\
HV:0.7961 | BM:0.8087

\
	Operator	Passenger
\
f1_ATT	29.4440		15.7459
\
f2_TRT	97		603
\
d_0	16.4514		61.2287
\
d_1	27.8232		36.7986
\
d_2	28.7848		1.9728
\
d_un	26.9406		0.0000

\
Best Operator Route set:
\
[[21, 10, 2],
[3, 1],
[0, 12],
[13, 6, 21],
[8, 12, 19],
[27, 16],
[29, 2, 27, 7, 14, 23, 1],
[10, 15],
[21, 5],
[26, 0, 28, 25, 7, 20, 24, 4],
[9, 1],
[18, 0, 22, 17, 11]]

\
Best Passenger Route set:
\
[[25, 22, 18, 17, 11, 14, 7, 28],
[5, 15, 6, 13, 18, 19, 17, 22, 25, 28, 16, 10, 21, 2, 27],
[11, 14, 23, 4, 7, 28, 17, 0],
[21, 6, 13, 18, 19, 12, 8, 26, 0, 22, 17, 11, 3, 1, 23],
[11, 25, 28, 16, 2, 15, 10, 7, 24, 3, 1, 23, 20, 4, 14],
[23, 24, 3, 1, 9, 14, 7, 27, 2, 29, 15, 21, 10, 6, 5],
[1, 24, 14, 11, 3, 9, 23, 20],
[23, 20, 7, 28, 0, 18, 12, 22, 25],
[10, 21, 6, 13, 18, 12, 17, 11, 14, 20, 7, 25, 22, 19, 8],
[10, 29, 27, 16, 15, 21, 5, 6, 2, 7, 4, 24, 3, 11, 17],
[9, 1, 4, 24, 20, 23, 14, 7, 16, 6, 13, 0, 17, 11, 3],
[19, 8, 26, 0, 28, 16, 27, 15]]

\
Best Operator Route set string:
\
21-10-2*3-1*0-12*13-6-21*8-12-19*27-16*29-2-27-7-14-23-1*10-15*21-5*26-0-28-25-7-20-24-4*9-1*18-0-22-17-11*

\
Best Passenger Route set sting:
\
25-22-18-17-11-14-7-28*5-15-6-13-18-19-17-22-25-28-16-10-21-2-27*11-14-23-4-7-28-17-0*21-6-13-18-19-12-8-26-0-22-17-11-3-1-23*11-25-28-16-2-15-10-7-24-3-1-23-20-4-14*23-24-3-1-9-14-7-27-2-29-15-21-10-6-5*1-24-14-11-3-9-23-20*23-20-7-28-0-18-12-22-25*10-21-6-13-18-12-17-11-14-20-7-25-22-19-8*10-29-27-16-15-21-5-6-2-7-4-24-3-11-17*9-1-4-24-20-23-14-7-16-6-13-0-17-11-3*19-8-26-0-28-16-27-15*