33_2_Mumford0__ALL_param RESULTS EVALUATION:
\
HV:0.8004 | BM:0.8087

\
	Operator	Passenger
\
f1_ATT	34.8767		15.6190
\
f2_TRT	98		470
\
d_0	14.7767		64.4085
\
d_1	28.6942		34.6797
\
d_2	27.4112		0.9119
\
d_un	29.1180		0.0000

\
Best Operator Route set:
\
[[6, 15, 10],
[13, 18, 0, 22, 17],
[17, 12, 8],
[4, 24],
[22, 25, 28],
[2, 27, 7, 20, 24, 1],
[1, 9, 23, 14, 11, 17],
[5, 21, 10, 2, 29],
[0, 26],
[16, 27],
[3, 1],
[12, 19]]

\
Best Passenger Route set:
\
[[4, 7, 16, 6, 5, 21],
[4, 20, 23, 14, 11, 17, 22, 18, 0, 28, 25, 7, 2],
[3, 23, 20, 7, 10, 15, 21, 6, 13, 18, 0, 26, 8, 19, 12],
[17, 28, 7, 4, 1, 9, 3, 23, 24],
[0, 18],
[24, 20, 14, 11, 17, 12, 19, 22, 25, 7, 4, 3, 9],
[19, 18, 13, 6, 2, 27, 7, 20, 23, 9, 1, 3],
[18, 22, 17, 19, 8, 12, 0, 25, 7, 20, 24, 14, 11],
[6, 15, 2, 21, 10, 29, 27, 16, 28, 17, 19, 12, 8],
[4, 14, 9, 1, 3, 11, 17, 22, 0, 13, 6, 5, 15],
[27, 10, 15],
[24, 4, 1, 3, 23, 14, 7, 27, 2, 29, 15, 10, 16, 28, 0]]

\
Best Operator Route set string:
\
6-15-10*13-18-0-22-17*17-12-8*4-24*22-25-28*2-27-7-20-24-1*1-9-23-14-11-17*5-21-10-2-29*0-26*16-27*3-1*12-19*

\
Best Passenger Route set sting:
\
4-7-16-6-5-21*4-20-23-14-11-17-22-18-0-28-25-7-2*3-23-20-7-10-15-21-6-13-18-0-26-8-19-12*17-28-7-4-1-9-3-23-24*0-18*24-20-14-11-17-12-19-22-25-7-4-3-9*19-18-13-6-2-27-7-20-23-9-1-3*18-22-17-19-8-12-0-25-7-20-24-14-11*6-15-2-21-10-29-27-16-28-17-19-12-8*4-14-9-1-3-11-17-22-0-13-6-5-15*27-10-15*24-4-1-3-23-14-7-27-2-29-15-10-16-28-0*