5_3_Mumford1_GA_Mut_threshold RESULTS EVALUATION:
\
HV:0.7645 | BM:0.7758

\
	Operator	Passenger
\
f1_ATT	29.7829		23.0287
\
f2_TRT	501		1592
\
d_0	21.9804		51.5188
\
d_1	51.4321		45.7878
\
d_2	23.4252		2.6934
\
d_un	3.1622		0.0000

\
Best Operator Route set:
\
[[32, 39, 18, 54, 36, 45, 58, 51, 35, 6],
[46, 40, 53, 47, 6, 56, 8, 28, 10, 59],
[21, 62, 30, 26, 16, 10, 55, 52, 8, 28],
[29, 3, 69, 23, 50, 43, 20, 10, 16, 26],
[29, 48, 66, 19, 36, 45, 34, 57, 35, 6],
[46, 40, 7, 4, 25, 27, 67, 5, 37, 65],
[64, 51, 35, 34, 41, 45, 36, 54, 18, 32],
[41, 34, 58, 64, 52, 20, 17, 61, 60, 44],
[12, 25, 27, 41, 36, 54, 18, 5, 37, 67],
[32, 54, 38, 19, 66, 3, 69, 0, 2, 23],
[4, 25, 12, 41, 45, 22, 13, 50, 2, 14],
[41, 34, 35, 51, 56, 8, 26, 49, 15, 42],
[33, 22, 38, 36, 45, 41, 34, 57, 35, 64],
[63, 24, 30, 26, 16, 10, 55, 20, 17, 61],
[68, 9, 11, 31, 1, 26, 8, 51, 35, 41]]

\
Best Passenger Route set:
\
[[69, 3, 66, 38, 19, 29, 48, 39, 65, 37, 5, 54, 36, 45, 58, 51, 8, 26, 49, 15, 42, 24, 63, 30, 21, 6, 56, 28, 10, 55],
[34, 35, 57, 58, 64, 52, 10, 59, 68, 9, 11, 31, 1, 16, 26, 8, 56, 6, 47, 7, 40, 46],
[39, 65, 5, 32, 18, 54, 36, 45, 41, 35, 51, 8, 26, 62, 49, 1],
[65, 54, 38, 66, 19, 29, 3, 23, 50, 33, 43, 61, 14, 44, 60, 17, 20, 52, 64, 51, 57, 25, 4, 7, 40, 46],
[36, 45, 58, 64, 52, 10, 16, 1, 31, 11, 68, 59, 17, 20, 33, 22, 19, 54, 18, 65, 5, 32, 37, 67, 27, 41, 51, 56, 8, 55],
[39, 48, 69, 0, 2, 14, 44, 60, 61, 43, 13, 22, 38, 19, 54, 5, 67, 27, 25, 4, 12, 41, 58, 64, 52, 10, 55, 20, 17],
[62, 42, 24, 21, 30, 26, 1, 11, 68, 9, 59, 17, 20, 33, 22, 38, 54, 32, 37, 65, 5, 67, 18, 66, 3, 29, 69, 23, 50, 43],
[24, 30, 15, 42, 62, 21, 6, 47, 53, 46, 40, 7, 4, 25, 41, 45, 22, 13, 50, 2, 14, 60, 17, 9, 11, 31, 1, 59, 10, 55],
[8, 26, 1, 68, 9, 31, 11, 49, 15, 42, 62, 24, 21, 63, 6, 35, 34, 45, 36, 54, 18, 32, 39, 48, 69, 19, 66, 3, 23, 50],
[11, 59, 9, 31, 1, 16, 26, 8, 51, 35, 34, 41, 36, 38, 66, 48, 39, 18, 54, 5],
[37, 18, 69, 0, 50, 17, 59, 68, 11, 15, 42, 30, 63, 24, 21, 62, 49, 9, 31, 1, 26, 8, 51, 34, 25, 4, 7, 40, 46],
[0, 69, 29, 48, 3, 66, 38, 36, 45, 58, 35, 6, 63, 24, 30, 26, 1, 68],
[29, 3, 69, 19, 36, 41, 12, 40, 46, 7, 53, 47, 6, 63, 30, 26, 16, 10, 55, 52, 64, 58, 33, 13, 43, 17, 20],
[64, 35, 58, 33, 50, 2, 14, 44, 61, 17, 10, 28, 8, 56, 6, 47, 53, 4, 12, 25, 41, 45, 36, 22, 13, 43],
[41, 57, 51, 35, 34, 58, 45, 36, 38, 19, 29, 66, 3, 69, 23, 50, 43, 20, 55, 10, 16, 26, 62, 42, 30, 24, 63, 6, 56, 8]]

\
Best Operator Route set string:
\
32-39-18-54-36-45-58-51-35-6*46-40-53-47-6-56-8-28-10-59*21-62-30-26-16-10-55-52-8-28*29-3-69-23-50-43-20-10-16-26*29-48-66-19-36-45-34-57-35-6*46-40-7-4-25-27-67-5-37-65*64-51-35-34-41-45-36-54-18-32*41-34-58-64-52-20-17-61-60-44*12-25-27-41-36-54-18-5-37-67*32-54-38-19-66-3-69-0-2-23*4-25-12-41-45-22-13-50-2-14*41-34-35-51-56-8-26-49-15-42*33-22-38-36-45-41-34-57-35-64*63-24-30-26-16-10-55-20-17-61*68-9-11-31-1-26-8-51-35-41*

\
Best Passenger Route set sting:
\
69-3-66-38-19-29-48-39-65-37-5-54-36-45-58-51-8-26-49-15-42-24-63-30-21-6-56-28-10-55*34-35-57-58-64-52-10-59-68-9-11-31-1-16-26-8-56-6-47-7-40-46*39-65-5-32-18-54-36-45-41-35-51-8-26-62-49-1*65-54-38-66-19-29-3-23-50-33-43-61-14-44-60-17-20-52-64-51-57-25-4-7-40-46*36-45-58-64-52-10-16-1-31-11-68-59-17-20-33-22-19-54-18-65-5-32-37-67-27-41-51-56-8-55*39-48-69-0-2-14-44-60-61-43-13-22-38-19-54-5-67-27-25-4-12-41-58-64-52-10-55-20-17*62-42-24-21-30-26-1-11-68-9-59-17-20-33-22-38-54-32-37-65-5-67-18-66-3-29-69-23-50-43*24-30-15-42-62-21-6-47-53-46-40-7-4-25-41-45-22-13-50-2-14-60-17-9-11-31-1-59-10-55*8-26-1-68-9-31-11-49-15-42-62-24-21-63-6-35-34-45-36-54-18-32-39-48-69-19-66-3-23-50*11-59-9-31-1-16-26-8-51-35-34-41-36-38-66-48-39-18-54-5*37-18-69-0-50-17-59-68-11-15-42-30-63-24-21-62-49-9-31-1-26-8-51-34-25-4-7-40-46*0-69-29-48-3-66-38-36-45-58-35-6-63-24-30-26-1-68*29-3-69-19-36-41-12-40-46-7-53-47-6-63-30-26-16-10-55-52-64-58-33-13-43-17-20*64-35-58-33-50-2-14-44-61-17-10-28-8-56-6-47-53-4-12-25-41-45-36-22-13-43*41-57-51-35-34-58-45-36-38-19-29-66-3-69-23-50-43-20-55-10-16-26-62-42-30-24-63-6-56-8*