23_2_Mumford0_SA_Mutations RESULTS EVALUATION:
\
HV:0.7758 | BM:0.8087

\
	Operator	Passenger
\
f1_ATT	35.5818		15.9099
\
f2_TRT	97		654
\
d_0	14.6160		69.0291
\
d_1	27.1072		30.3045
\
d_2	26.4408		0.6664
\
d_un	31.8360		0.0000

\
Best Operator Route set:
\
[[6, 15, 10],
[13, 18, 0, 22, 17],
[12, 8],
[4, 24],
[22, 25, 28],
[2, 27, 7, 20, 24, 1],
[1, 9, 23, 14, 11, 17],
[5, 21, 10, 2, 29],
[0, 26],
[16, 27],
[3, 1],
[12, 19, 22]]

\
Best Passenger Route set:
\
[[22, 18, 0, 13, 6, 21, 10, 7, 28, 16, 27, 2, 29, 15, 5],
[13, 6, 16, 28, 25, 22, 0, 19, 12, 18, 17, 11, 14, 3, 1],
[26, 0, 18, 22, 19, 8, 12, 17, 28, 7, 27, 2, 10, 15, 21],
[9, 1, 4, 23, 24, 20, 7, 25, 0, 18, 13, 6, 5, 21],
[9, 1, 3, 23, 14, 20, 7, 16, 2, 29, 27, 15, 21, 10, 6],
[6, 13, 18, 0, 22, 17, 11, 14, 20, 7, 27, 10, 15, 29, 2],
[11, 3, 1, 23, 14, 20, 24, 4, 7, 25, 0, 12, 8],
[10, 27, 15, 5, 6, 16, 7, 14, 23, 1, 3, 4, 20],
[5, 6, 2, 15, 21, 10, 29, 27, 16, 28, 17, 19, 12, 8],
[21, 15, 5, 6, 13, 0, 26, 8, 12, 19, 22, 17, 11, 3, 9],
[16, 28, 25, 0, 19, 17, 22, 18, 13, 6, 5, 21, 2, 27],
[8, 12, 18, 0, 25, 11, 3, 24, 20, 14, 23, 1, 9]]

\
Best Operator Route set string:
\
6-15-10*13-18-0-22-17*12-8*4-24*22-25-28*2-27-7-20-24-1*1-9-23-14-11-17*5-21-10-2-29*0-26*16-27*3-1*12-19-22*

\
Best Passenger Route set sting:
\
22-18-0-13-6-21-10-7-28-16-27-2-29-15-5*13-6-16-28-25-22-0-19-12-18-17-11-14-3-1*26-0-18-22-19-8-12-17-28-7-27-2-10-15-21*9-1-4-23-24-20-7-25-0-18-13-6-5-21*9-1-3-23-14-20-7-16-2-29-27-15-21-10-6*6-13-18-0-22-17-11-14-20-7-27-10-15-29-2*11-3-1-23-14-20-24-4-7-25-0-12-8*10-27-15-5-6-16-7-14-23-1-3-4-20*5-6-2-15-21-10-29-27-16-28-17-19-12-8*21-15-5-6-13-0-26-8-12-19-22-17-11-3-9*16-28-25-0-19-17-22-18-13-6-5-21-2-27*8-12-18-0-25-11-3-24-20-14-23-1-9*