23_3_Mumford1_SA_Mutations RESULTS EVALUATION:
\
HV:0.7496 | BM:0.7758

\
	Operator	Passenger
\
f1_ATT	29.5324		23.3754
\
f2_TRT	532		1022
\
d_0	23.4574		40.3952
\
d_1	54.4698		57.1611
\
d_2	20.3196		2.4437
\
d_un	1.7532		0.0000

\
Best Operator Route set:
\
[[27, 41, 34, 58, 64, 52, 20, 17, 61, 60],
[46, 40, 53, 47, 6, 56, 28, 8, 10, 59],
[32, 39, 18, 54, 36, 45, 58, 51, 35, 6],
[23, 2, 0, 69, 3, 66, 19, 38, 22, 33],
[29, 48, 66, 19, 36, 45, 34, 35, 6, 47],
[4, 25, 12, 41, 45, 22, 13, 50, 2, 14],
[7, 4, 12, 25, 41, 34, 57, 35, 51, 8, 26, 62],
[50, 43, 20, 55, 10, 16, 26, 30, 24, 21],
[63, 21, 24, 30, 26, 16, 10, 17, 61, 44],
[5, 18, 54, 36, 45, 58, 64, 52, 10, 16],
[68, 9, 11, 31, 1, 26, 8, 51, 41, 45],
[49, 26, 16, 10, 55, 20, 33, 22, 19, 66],
[37, 65, 5, 54, 19, 22, 33, 43, 61, 60],
[22, 33, 20, 55, 10, 16, 26, 49, 15, 42],
[12, 25, 27, 41, 36, 54, 18, 5, 37, 67]]

\
Best Passenger Route set:
\
[[30, 15, 11, 68, 9, 17, 20, 33, 22, 36, 54, 5, 37, 67, 27, 25, 4, 7, 46],
[59, 68, 9, 11, 31, 1, 26, 8, 51, 41, 27, 67, 5, 54],
[16, 1, 9, 68, 59, 10, 8, 51, 41, 12, 4, 53, 7, 40, 46],
[30, 42, 15, 49, 26, 8, 51, 34, 45, 36, 54, 18, 39],
[23, 50, 13, 20, 10, 28, 56, 6, 47, 53, 40],
[40, 12, 25, 57, 35, 51, 64, 52, 20, 17, 60, 14, 2, 0, 23, 69, 19, 54, 32, 39, 65],
[21, 24, 30, 26, 16, 55, 20, 43, 50, 0, 69, 18, 32, 39, 48, 66],
[16, 26, 8, 28, 56, 51, 58, 33, 22, 38, 66, 19, 36, 54, 32],
[9, 11, 49, 42, 62, 24, 63, 6, 35, 41, 36, 38, 3, 48, 29],
[47, 40, 46, 7, 4, 25, 41, 58, 33, 50, 2, 0, 3, 66, 54, 36],
[33, 43, 61, 44, 17, 55, 8, 56, 6, 47, 7, 46, 40, 4, 12, 41, 36, 38, 69, 29, 3, 23],
[18, 65, 67, 27, 25, 4, 53, 47, 6, 63, 30, 26, 1, 59, 17, 61, 14, 44],
[52, 64, 35, 6, 21, 62, 49, 1, 59, 17, 50, 23, 29, 48, 39, 32, 65, 5, 37, 18],
[43, 13, 22, 45, 41, 57, 34, 58, 35, 6, 63, 21, 62, 49, 26],
[15, 30, 62, 26, 16, 10, 52, 64, 58, 45, 36, 54, 65, 37]]

\
Best Operator Route set string:
\
27-41-34-58-64-52-20-17-61-60*46-40-53-47-6-56-28-8-10-59*32-39-18-54-36-45-58-51-35-6*23-2-0-69-3-66-19-38-22-33*29-48-66-19-36-45-34-35-6-47*4-25-12-41-45-22-13-50-2-14*7-4-12-25-41-34-57-35-51-8-26-62*50-43-20-55-10-16-26-30-24-21*63-21-24-30-26-16-10-17-61-44*5-18-54-36-45-58-64-52-10-16*68-9-11-31-1-26-8-51-41-45*49-26-16-10-55-20-33-22-19-66*37-65-5-54-19-22-33-43-61-60*22-33-20-55-10-16-26-49-15-42*12-25-27-41-36-54-18-5-37-67*

\
Best Passenger Route set sting:
\
30-15-11-68-9-17-20-33-22-36-54-5-37-67-27-25-4-7-46*59-68-9-11-31-1-26-8-51-41-27-67-5-54*16-1-9-68-59-10-8-51-41-12-4-53-7-40-46*30-42-15-49-26-8-51-34-45-36-54-18-39*23-50-13-20-10-28-56-6-47-53-40*40-12-25-57-35-51-64-52-20-17-60-14-2-0-23-69-19-54-32-39-65*21-24-30-26-16-55-20-43-50-0-69-18-32-39-48-66*16-26-8-28-56-51-58-33-22-38-66-19-36-54-32*9-11-49-42-62-24-63-6-35-41-36-38-3-48-29*47-40-46-7-4-25-41-58-33-50-2-0-3-66-54-36*33-43-61-44-17-55-8-56-6-47-7-46-40-4-12-41-36-38-69-29-3-23*18-65-67-27-25-4-53-47-6-63-30-26-1-59-17-61-14-44*52-64-35-6-21-62-49-1-59-17-50-23-29-48-39-32-65-5-37-18*43-13-22-45-41-57-34-58-35-6-63-21-62-49-26*15-30-62-26-16-10-52-64-58-45-36-54-65-37*