33_2_Mumford0__ALL_param RESULTS EVALUATION:
\
HV:0.7993 | BM:0.8087

\
	Operator	Passenger
\
f1_ATT	25.9090		15.8200
\
f2_TRT	98		671
\
d_0	22.1183		63.6807
\
d_1	33.1628		34.3114
\
d_2	28.3230		2.0078
\
d_un	16.3958		0.0000

\
Best Operator Route set:
\
[[4, 24],
[18, 0, 26, 8],
[9, 1, 3, 23, 20, 7, 16, 28, 0, 22, 17, 11],
[10, 15],
[20, 14],
[20, 24],
[25, 28],
[13, 6, 10],
[12, 19],
[22, 19],
[5, 21, 10, 16, 27],
[29, 2, 10]]

\
Best Passenger Route set:
\
[[6, 16, 28, 25, 22, 19, 17, 11, 14, 7, 4, 20, 24, 3],
[20, 24, 4, 1, 3, 23, 14, 7, 16, 6, 5, 21, 15],
[6, 13, 18, 19, 12, 0, 17, 28, 7, 25, 11, 14, 23, 20],
[10, 2, 7, 14, 11, 25, 0, 18, 12, 17, 28, 16, 6, 5],
[0, 25, 28, 7, 2, 29, 15, 6, 13, 18, 12, 8, 19, 22],
[5, 21, 15, 16, 28, 17, 19, 8, 26, 0, 13, 6, 10, 2],
[22, 19, 0, 25, 11, 3, 9, 1, 14, 7, 10, 2, 16],
[23, 9, 3, 24, 7, 25, 0, 18, 13, 6, 16, 27, 10, 21, 5],
[2, 16, 10, 29, 27, 7, 28, 0, 19, 22, 18, 17, 12, 8],
[23, 14, 20, 7, 10, 15, 21, 6, 13, 18, 0, 25, 11, 3, 1],
[5, 15, 10, 2, 7, 28, 25, 22, 19, 17],
[6, 5, 15, 16, 28, 25, 22, 17, 12, 8, 26, 0, 18, 13]]

\
Best Operator Route set string:
\
4-24*18-0-26-8*9-1-3-23-20-7-16-28-0-22-17-11*10-15*20-14*20-24*25-28*13-6-10*12-19*22-19*5-21-10-16-27*29-2-10*

\
Best Passenger Route set sting:
\
6-16-28-25-22-19-17-11-14-7-4-20-24-3*20-24-4-1-3-23-14-7-16-6-5-21-15*6-13-18-19-12-0-17-28-7-25-11-14-23-20*10-2-7-14-11-25-0-18-12-17-28-16-6-5*0-25-28-7-2-29-15-6-13-18-12-8-19-22*5-21-15-16-28-17-19-8-26-0-13-6-10-2*22-19-0-25-11-3-9-1-14-7-10-2-16*23-9-3-24-7-25-0-18-13-6-16-27-10-21-5*2-16-10-29-27-7-28-0-19-22-18-17-12-8*23-14-20-7-10-15-21-6-13-18-0-25-11-3-1*5-15-10-2-7-28-25-22-19-17*6-5-15-16-28-25-22-17-12-8-26-0-18-13*