7_3_Mumford1_GA_Pop_size RESULTS EVALUATION:
\
HV:0.7670 | BM:0.7758

\
	Operator	Passenger
\
f1_ATT	30.5200		23.1387
\
f2_TRT	492		1530
\
d_0	21.3003		50.3611
\
d_1	49.6535		46.7908
\
d_2	24.6707		2.8123
\
d_un	4.3755		0.0358

\
Best Operator Route set:
\
[[4, 25, 12, 41, 45, 22, 13, 50, 2, 14],
[32, 39, 18, 54, 38, 36, 45, 58, 51, 35],
[37, 65, 5, 54, 36, 41, 34, 51, 64, 52],
[36, 45, 34, 57, 35, 6, 63, 21, 24, 62],
[22, 33, 20, 17, 10, 16, 26, 49, 15, 42],
[0, 2, 23, 69, 3, 66, 19, 38, 22, 33],
[24, 30, 26, 16, 55, 20, 17, 61, 44, 60],
[49, 26, 8, 28, 56, 51, 35, 34, 45, 36],
[15, 49, 26, 8, 28, 56, 51, 34, 45, 36],
[22, 33, 20, 55, 10, 16, 26, 49, 15, 42],
[46, 40, 7, 53, 47, 6, 56, 28, 8, 10],
[30, 26, 8, 56, 51, 35, 34, 41, 27, 67],
[68, 9, 11, 31, 1, 26, 8, 56, 51, 35],
[48, 3, 69, 23, 50, 43, 17, 59, 9, 68],
[29, 69, 3, 66, 19, 38, 36, 45, 41, 34]]

\
Best Passenger Route set:
\
[[62, 49, 26, 8, 52, 20, 43, 50, 2, 0, 23, 69, 38, 36, 41, 25, 4, 7, 46, 40, 12, 27, 67, 65],
[33, 43, 20, 13, 50, 0, 69, 48, 39, 18, 54, 36, 41, 51, 8, 26, 49, 42, 62, 30, 24, 63, 21],
[68, 1, 49, 11, 9, 17, 44, 14, 2, 50, 13, 22, 45, 41, 12, 4, 7, 40, 46, 53, 47, 6, 63, 30, 26, 16, 55, 10, 28],
[11, 15, 49, 42, 62, 24, 63, 6, 35, 57, 34, 45, 36, 54, 5, 65, 67, 18, 39, 48, 29, 23, 50, 17, 10, 16, 26],
[46, 40, 7, 4, 25, 57, 51, 64, 52, 20, 17, 60, 44, 14, 61, 43, 13, 50, 33, 58, 35, 34],
[5, 65, 54, 66, 69, 48, 39, 32, 37, 67, 27, 41, 35, 6, 63, 24, 62, 42, 15, 30, 26, 16, 55, 20, 10, 52, 64],
[61, 60, 17, 50, 2, 0, 69, 29, 3, 66, 19, 38, 36, 45, 34, 51, 56, 28, 8, 26, 49, 15, 30, 21],
[62, 21, 6, 47, 40, 46, 7, 53, 4, 12, 25, 34, 51, 8, 26, 1, 31, 11, 59, 10, 55, 52, 64, 58, 45, 22, 38, 36],
[42, 24, 30, 26, 1, 11, 68, 9, 59, 10, 28, 8, 56, 6, 47, 53, 4, 12, 41, 34, 35, 64, 58],
[44, 60, 61, 17, 20, 33, 22, 38, 18, 65, 32, 5, 37, 67, 27, 41, 58, 51],
[8, 52, 55, 16, 9, 11, 31, 1, 59, 17, 20, 33, 22, 38, 54, 5, 37, 65, 19, 3, 23, 50, 2],
[69, 18, 54, 32, 39, 48, 29, 3, 66, 38, 36, 45, 34, 35, 6, 21, 24, 30, 62, 26, 8, 52, 64, 58, 41, 12],
[37, 65, 5, 67, 27, 41, 34, 51, 56, 8, 26, 1, 11, 59, 10, 17, 43, 50, 13, 22, 33],
[68, 59, 11, 31, 1, 49, 42, 62, 21, 24, 30, 26, 8, 51, 35, 34, 45, 36, 54, 18, 39, 48, 3],
[18, 38, 36, 22, 19, 54, 5, 65, 37, 67, 27, 25, 34, 41, 12, 4, 40, 7, 47, 6, 56, 28, 8, 55, 17, 61, 44, 14]]

\
Best Operator Route set string:
\
4-25-12-41-45-22-13-50-2-14*32-39-18-54-38-36-45-58-51-35*37-65-5-54-36-41-34-51-64-52*36-45-34-57-35-6-63-21-24-62*22-33-20-17-10-16-26-49-15-42*0-2-23-69-3-66-19-38-22-33*24-30-26-16-55-20-17-61-44-60*49-26-8-28-56-51-35-34-45-36*15-49-26-8-28-56-51-34-45-36*22-33-20-55-10-16-26-49-15-42*46-40-7-53-47-6-56-28-8-10*30-26-8-56-51-35-34-41-27-67*68-9-11-31-1-26-8-56-51-35*48-3-69-23-50-43-17-59-9-68*29-69-3-66-19-38-36-45-41-34*

\
Best Passenger Route set sting:
\
62-49-26-8-52-20-43-50-2-0-23-69-38-36-41-25-4-7-46-40-12-27-67-65*33-43-20-13-50-0-69-48-39-18-54-36-41-51-8-26-49-42-62-30-24-63-21*68-1-49-11-9-17-44-14-2-50-13-22-45-41-12-4-7-40-46-53-47-6-63-30-26-16-55-10-28*11-15-49-42-62-24-63-6-35-57-34-45-36-54-5-65-67-18-39-48-29-23-50-17-10-16-26*46-40-7-4-25-57-51-64-52-20-17-60-44-14-61-43-13-50-33-58-35-34*5-65-54-66-69-48-39-32-37-67-27-41-35-6-63-24-62-42-15-30-26-16-55-20-10-52-64*61-60-17-50-2-0-69-29-3-66-19-38-36-45-34-51-56-28-8-26-49-15-30-21*62-21-6-47-40-46-7-53-4-12-25-34-51-8-26-1-31-11-59-10-55-52-64-58-45-22-38-36*42-24-30-26-1-11-68-9-59-10-28-8-56-6-47-53-4-12-41-34-35-64-58*44-60-61-17-20-33-22-38-18-65-32-5-37-67-27-41-58-51*8-52-55-16-9-11-31-1-59-17-20-33-22-38-54-5-37-65-19-3-23-50-2*69-18-54-32-39-48-29-3-66-38-36-45-34-35-6-21-24-30-62-26-8-52-64-58-41-12*37-65-5-67-27-41-34-51-56-8-26-1-11-59-10-17-43-50-13-22-33*68-59-11-31-1-49-42-62-21-24-30-26-8-51-35-34-45-36-54-18-39-48-3*18-38-36-22-19-54-5-65-37-67-27-25-34-41-12-4-40-7-47-6-56-28-8-55-17-61-44-14*