33_3_Mumford1__ALL_param RESULTS EVALUATION:
\
HV:0.7602 | BM:0.7758

\
	Operator	Passenger
\
f1_ATT	27.5350		23.0460
\
f2_TRT	524		1596
\
d_0	22.4907		49.6644
\
d_1	54.1375		48.6805
\
d_2	23.0084		1.6551
\
d_un	0.3634		0.0000

\
Best Operator Route set:
\
[[51, 35, 6, 63, 24, 62, 49, 1, 11, 31],
[56, 51, 35, 34, 41, 36, 54, 18, 65, 37],
[38, 66, 3, 48, 39, 32, 18, 54, 5, 37],
[34, 57, 51, 58, 45, 36, 19, 66, 29, 48],
[47, 53, 4, 25, 41, 36, 38, 69, 23, 0],
[68, 9, 59, 10, 52, 64, 58, 41, 27, 67],
[38, 19, 29, 69, 66, 54, 18, 65, 5, 37],
[1, 26, 8, 51, 41, 12, 4, 7, 40, 46],
[10, 55, 20, 43, 50, 13, 33, 58, 35, 34],
[61, 17, 43, 13, 22, 38, 54, 18, 65, 5],
[22, 33, 20, 10, 16, 26, 49, 15, 42, 62],
[51, 64, 52, 20, 17, 60, 44, 14, 2, 0],
[8, 56, 6, 21, 24, 30, 26, 1, 31, 11],
[28, 8, 52, 55, 10, 16, 26, 1, 68, 9],
[3, 69, 0, 2, 50, 43, 17, 59, 1, 49]]

\
Best Passenger Route set:
\
[[57, 34, 58, 41, 36, 38, 54, 5, 37, 65, 19, 22, 13, 20, 52, 64, 35, 51, 56, 28, 8, 55, 17, 61, 60, 44, 14],
[29, 48, 39, 32, 18, 38, 54, 65, 37, 67, 27, 25, 4, 40, 46, 53, 47, 6, 56, 8, 10, 17, 50, 2, 23, 3, 19, 36, 45, 22],
[65, 5, 18, 54, 19, 38, 22, 33, 20, 17, 59, 1, 49, 62, 26, 8, 55, 10, 28],
[67, 65, 18, 38, 66, 48, 29, 19, 36, 45, 58, 64, 52, 10, 59, 9, 11, 31],
[44, 60, 14, 2, 23, 3, 66, 19, 36, 41, 51, 56, 28, 8, 26, 1, 31, 9, 49, 62, 42, 30, 15, 11, 68, 59, 10, 20, 13, 33],
[34, 51, 58, 45, 22, 33, 20, 17, 59, 68, 9, 49, 15, 62, 24, 21, 6, 35, 41, 36, 54, 18, 67, 27, 25, 12, 4, 7, 40, 46],
[43, 33, 20, 55, 52, 64, 58, 35, 6, 63, 30, 42, 15, 49, 26, 8, 51, 41, 27, 67, 5, 32, 39, 48, 3, 69, 66, 29, 23, 0],
[12, 41, 58, 64, 52, 10, 59, 68, 9, 16, 26, 8, 51, 34, 25, 4, 7, 40, 46],
[7, 46, 53, 4, 25, 41, 45, 22, 13, 43, 17, 44, 60, 61],
[63, 21, 24, 30, 26, 16, 55, 20, 43, 50, 23, 29, 48, 39, 18, 67, 65, 19, 38, 36, 41, 57, 51, 56, 28, 10, 59, 68, 11, 1],
[45, 22, 19, 54, 32, 39, 18, 69, 0, 50, 13, 33, 58, 51, 57, 41, 25, 12, 27, 67, 5, 37, 65],
[67, 37, 5, 54, 38, 22, 13, 43, 61, 60, 17, 20, 52, 64, 58, 41, 12, 40, 7, 47, 6, 21, 30, 62, 42, 49, 1, 16],
[39, 48, 66, 54, 32, 37, 65, 18, 69, 23, 50, 17, 9, 68, 11, 31, 1, 16, 10, 55, 52, 64, 51, 57, 25, 4, 7, 53, 40, 12],
[50, 2, 14, 44, 60, 61, 43, 33, 58, 64, 52, 8, 56, 51, 35, 57, 34, 41, 36, 38, 69, 48, 39, 65, 37, 18, 66, 3, 29],
[31, 11, 49, 15, 62, 21, 30, 26, 1, 59, 17, 61, 14, 2, 0, 3, 29, 69, 19, 18, 32, 5]]

\
Best Operator Route set string:
\
51-35-6-63-24-62-49-1-11-31*56-51-35-34-41-36-54-18-65-37*38-66-3-48-39-32-18-54-5-37*34-57-51-58-45-36-19-66-29-48*47-53-4-25-41-36-38-69-23-0*68-9-59-10-52-64-58-41-27-67*38-19-29-69-66-54-18-65-5-37*1-26-8-51-41-12-4-7-40-46*10-55-20-43-50-13-33-58-35-34*61-17-43-13-22-38-54-18-65-5*22-33-20-10-16-26-49-15-42-62*51-64-52-20-17-60-44-14-2-0*8-56-6-21-24-30-26-1-31-11*28-8-52-55-10-16-26-1-68-9*3-69-0-2-50-43-17-59-1-49*

\
Best Passenger Route set sting:
\
57-34-58-41-36-38-54-5-37-65-19-22-13-20-52-64-35-51-56-28-8-55-17-61-60-44-14*29-48-39-32-18-38-54-65-37-67-27-25-4-40-46-53-47-6-56-8-10-17-50-2-23-3-19-36-45-22*65-5-18-54-19-38-22-33-20-17-59-1-49-62-26-8-55-10-28*67-65-18-38-66-48-29-19-36-45-58-64-52-10-59-9-11-31*44-60-14-2-23-3-66-19-36-41-51-56-28-8-26-1-31-9-49-62-42-30-15-11-68-59-10-20-13-33*34-51-58-45-22-33-20-17-59-68-9-49-15-62-24-21-6-35-41-36-54-18-67-27-25-12-4-7-40-46*43-33-20-55-52-64-58-35-6-63-30-42-15-49-26-8-51-41-27-67-5-32-39-48-3-69-66-29-23-0*12-41-58-64-52-10-59-68-9-16-26-8-51-34-25-4-7-40-46*7-46-53-4-25-41-45-22-13-43-17-44-60-61*63-21-24-30-26-16-55-20-43-50-23-29-48-39-18-67-65-19-38-36-41-57-51-56-28-10-59-68-11-1*45-22-19-54-32-39-18-69-0-50-13-33-58-51-57-41-25-12-27-67-5-37-65*67-37-5-54-38-22-13-43-61-60-17-20-52-64-58-41-12-40-7-47-6-21-30-62-42-49-1-16*39-48-66-54-32-37-65-18-69-23-50-17-9-68-11-31-1-16-10-55-52-64-51-57-25-4-7-53-40-12*50-2-14-44-60-61-43-33-58-64-52-8-56-51-35-57-34-41-36-38-69-48-39-65-37-18-66-3-29*31-11-49-15-62-21-30-26-1-59-17-61-14-2-0-3-29-69-19-18-32-5*