7_3_Mumford1_GA_Pop_size RESULTS EVALUATION:
\
HV:0.7681 | BM:0.7758

\
	Operator	Passenger
\
f1_ATT	33.7361		23.1037
\
f2_TRT	491		1559
\
d_0	19.1473		50.3917
\
d_1	50.1840		47.4340
\
d_2	27.0641		2.1743
\
d_un	3.6046		0.0000

\
Best Operator Route set:
\
[[2, 50, 13, 22, 45, 41, 12, 4, 40, 46],
[62, 42, 49, 26, 16, 10, 52, 64, 58, 33],
[57, 34, 41, 45, 36, 54, 18, 39, 32, 37],
[35, 57, 34, 41, 45, 36, 54, 18, 65, 67],
[29, 48, 3, 66, 19, 38, 54, 18, 39, 32],
[48, 3, 69, 23, 50, 43, 17, 61, 44, 14],
[42, 15, 49, 1, 16, 10, 55, 52, 64, 58],
[27, 25, 12, 41, 34, 57, 35, 51, 8, 26],
[31, 11, 49, 26, 16, 10, 17, 59, 68, 9],
[42, 15, 49, 26, 16, 55, 52, 64, 58, 45],
[15, 49, 26, 8, 28, 56, 6, 47, 53, 7],
[63, 24, 30, 26, 16, 55, 52, 64, 58, 45],
[21, 30, 26, 16, 10, 55, 20, 17, 61, 60],
[0, 3, 66, 19, 38, 54, 18, 65, 67, 5],
[35, 57, 34, 41, 45, 36, 54, 18, 39, 32]]

\
Best Passenger Route set:
\
[[60, 14, 2, 0, 3, 66, 18, 19, 54, 32, 39, 48, 29, 69, 23, 50, 43, 17, 59, 9, 68, 11, 31, 1, 26, 30, 21, 24, 42, 62],
[14, 2, 50, 33, 58, 34, 25, 12, 4, 40, 46],
[2, 14, 61, 17, 10, 55, 8, 56, 6, 47, 53, 46, 40, 12, 41, 51, 64, 52, 20, 13, 22, 36, 38, 3, 66, 54, 18, 67, 37],
[0, 50, 13, 20, 55, 8, 56, 6, 47, 7, 40, 53, 4, 25, 34, 35, 57, 41, 36, 54, 18, 39, 48, 3, 38, 19, 66, 69],
[65, 37, 5, 32, 18, 38, 54, 19, 22, 33, 20, 17, 59, 9, 68, 1, 16, 26, 49, 62, 15, 30, 24, 21],
[53, 40, 4, 25, 57, 35, 64, 52, 20, 17, 60, 44, 14, 2, 0, 23, 69, 66, 19, 54, 5, 37, 65, 32, 39, 48, 29],
[6, 35, 57, 41, 27, 67, 65, 37, 5, 54, 18, 19, 38, 22, 33, 20, 10, 16, 26, 30, 24, 42, 15, 49, 11, 31, 1, 59, 17, 55],
[2, 0, 23, 69, 38, 36, 45, 41, 25, 4, 7, 40, 53],
[28, 10, 59, 11, 1, 16, 26, 8, 56, 51, 41, 27, 67, 37, 5, 65, 54, 38, 19, 36, 45, 34, 35, 6, 63, 24, 62, 42],
[19, 29, 3, 69, 38, 66, 48, 39, 65, 37, 5, 54, 36, 45, 58, 51, 8, 26, 49, 15, 42, 24, 63, 30, 21, 6, 56, 28, 10, 55],
[22, 45, 58, 51, 41, 36, 38, 3, 69, 23, 0, 2, 50, 43, 20, 55, 10, 16, 26, 49, 15, 62, 30, 63, 21, 6, 35, 34, 57, 25],
[39, 32, 5, 37, 67, 27, 12, 4, 7, 46, 40, 47, 6, 56, 28, 8, 10, 55, 17, 60, 61, 43, 13, 33, 58, 51, 57, 25, 34, 45],
[50, 43, 61, 17, 9, 68, 59, 10, 52, 64, 58, 41, 27, 12],
[20, 33, 58, 35, 51, 34, 45, 22, 19, 3, 48, 29, 66, 38, 36, 41, 25, 4, 53, 47, 6, 56, 8, 26, 1, 68, 9, 11, 31],
[60, 44, 17, 10, 8, 28, 56, 6, 63, 30, 26, 16, 55, 52, 64, 58, 45, 36, 54, 32, 39, 48, 3, 69, 19, 66, 18, 37]]

\
Best Operator Route set string:
\
2-50-13-22-45-41-12-4-40-46*62-42-49-26-16-10-52-64-58-33*57-34-41-45-36-54-18-39-32-37*35-57-34-41-45-36-54-18-65-67*29-48-3-66-19-38-54-18-39-32*48-3-69-23-50-43-17-61-44-14*42-15-49-1-16-10-55-52-64-58*27-25-12-41-34-57-35-51-8-26*31-11-49-26-16-10-17-59-68-9*42-15-49-26-16-55-52-64-58-45*15-49-26-8-28-56-6-47-53-7*63-24-30-26-16-55-52-64-58-45*21-30-26-16-10-55-20-17-61-60*0-3-66-19-38-54-18-65-67-5*35-57-34-41-45-36-54-18-39-32*

\
Best Passenger Route set sting:
\
60-14-2-0-3-66-18-19-54-32-39-48-29-69-23-50-43-17-59-9-68-11-31-1-26-30-21-24-42-62*14-2-50-33-58-34-25-12-4-40-46*2-14-61-17-10-55-8-56-6-47-53-46-40-12-41-51-64-52-20-13-22-36-38-3-66-54-18-67-37*0-50-13-20-55-8-56-6-47-7-40-53-4-25-34-35-57-41-36-54-18-39-48-3-38-19-66-69*65-37-5-32-18-38-54-19-22-33-20-17-59-9-68-1-16-26-49-62-15-30-24-21*53-40-4-25-57-35-64-52-20-17-60-44-14-2-0-23-69-66-19-54-5-37-65-32-39-48-29*6-35-57-41-27-67-65-37-5-54-18-19-38-22-33-20-10-16-26-30-24-42-15-49-11-31-1-59-17-55*2-0-23-69-38-36-45-41-25-4-7-40-53*28-10-59-11-1-16-26-8-56-51-41-27-67-37-5-65-54-38-19-36-45-34-35-6-63-24-62-42*19-29-3-69-38-66-48-39-65-37-5-54-36-45-58-51-8-26-49-15-42-24-63-30-21-6-56-28-10-55*22-45-58-51-41-36-38-3-69-23-0-2-50-43-20-55-10-16-26-49-15-62-30-63-21-6-35-34-57-25*39-32-5-37-67-27-12-4-7-46-40-47-6-56-28-8-10-55-17-60-61-43-13-33-58-51-57-25-34-45*50-43-61-17-9-68-59-10-52-64-58-41-27-12*20-33-58-35-51-34-45-22-19-3-48-29-66-38-36-41-25-4-53-47-6-56-8-26-1-68-9-11-31*60-44-17-10-8-28-56-6-63-30-26-16-55-52-64-58-45-36-54-32-39-48-3-69-19-66-18-37*