5_3_Mumford1_GA_Mut_threshold RESULTS EVALUATION:
\
HV:0.7604 | BM:0.7758

\
	Operator	Passenger
\
f1_ATT	30.4689		23.0435
\
f2_TRT	510		1774
\
d_0	21.2494		51.9705
\
d_1	48.2704		46.2851
\
d_2	28.8578		1.7444
\
d_un	1.6224		0.0000

\
Best Operator Route set:
\
[[12, 25, 27, 41, 36, 54, 18, 5, 37, 67],
[41, 34, 58, 64, 52, 20, 17, 61, 60, 44],
[0, 50, 23, 69, 3, 66, 19, 38, 22, 33],
[29, 66, 38, 36, 45, 58, 64, 52, 10, 16],
[33, 20, 55, 10, 16, 26, 49, 15, 42, 62],
[7, 4, 12, 25, 41, 34, 57, 35, 6, 63],
[29, 48, 66, 19, 36, 45, 58, 51, 35, 6],
[41, 51, 56, 8, 26, 1, 31, 11, 9, 68],
[68, 9, 11, 31, 1, 26, 8, 51, 58, 45],
[14, 2, 0, 69, 66, 19, 38, 22, 33, 13],
[46, 7, 4, 12, 25, 41, 34, 57, 35, 6],
[2, 50, 43, 20, 10, 16, 26, 30, 24, 21],
[32, 39, 18, 54, 36, 45, 58, 51, 35, 6],
[6, 35, 57, 34, 41, 45, 36, 54, 5, 65],
[46, 40, 53, 47, 6, 56, 28, 8, 10, 59]]

\
Best Passenger Route set:
\
[[46, 40, 7, 4, 25, 57, 51, 64, 52, 20, 17, 60, 44, 61, 43, 13, 33, 58, 35, 6, 56, 28, 8, 55, 16, 9],
[10, 55, 52, 64, 35, 41, 45, 36, 54, 18, 67, 27, 25, 34, 51, 8, 26, 1, 31, 11, 68, 9, 17, 43, 50, 23, 3, 69, 48, 39],
[2, 0, 50, 33, 58, 34, 25, 12, 4, 40, 7, 53, 47, 6, 35, 51, 64, 52, 10, 59, 68, 9, 1, 49, 26, 30, 15, 62, 21, 24],
[33, 58, 45, 36, 19, 38, 66, 69, 23, 50, 43, 17, 55, 8, 56, 6, 47, 40, 46],
[10, 16, 26, 1, 59, 17, 9, 68, 11, 15, 62, 24, 63, 6, 35, 58, 45, 36, 38, 19, 66, 3, 0, 2, 50, 23, 69, 29, 48],
[67, 27, 25, 57, 58, 34, 51, 64, 52, 55, 8, 26, 49, 9, 17, 61, 60, 14, 2, 50, 13, 22, 45, 41, 12, 4, 7, 46, 40],
[49, 62, 24, 21, 6, 47, 53, 46, 40, 7, 4, 25, 34, 58, 33, 43, 61, 60, 14, 44, 17, 50, 2, 0, 69, 48, 3, 66, 54, 5],
[18, 5, 37, 67, 65, 19, 22, 36, 38, 66, 3, 29, 69, 23, 50, 43, 20, 55, 16, 1, 49, 62, 26, 8, 28, 56, 51, 35, 6, 47],
[32, 39, 48, 29, 69, 19, 36, 41, 25, 4, 40, 46, 7, 53, 47, 6, 63, 30, 26, 16, 10, 17, 43, 13, 33, 58, 51, 64, 52, 20],
[43, 17, 10, 28, 56, 6, 63, 30, 26, 16, 55, 52, 64, 58, 45, 36, 38, 54, 32, 39, 48, 3, 69, 19, 66, 18, 37, 65],
[44, 14, 2, 23, 3, 66, 19, 65, 67, 37, 5, 32, 18, 54, 36, 45, 58, 64, 52, 8, 26, 49, 15, 42, 62, 24, 21, 63],
[60, 44, 17, 59, 68, 9, 31, 11, 49, 15, 42, 30, 24, 63, 6, 35, 57, 34, 45, 36, 54, 5, 65, 32, 37, 67, 27, 41, 51, 56],
[24, 21, 63, 6, 47, 7, 46, 40, 53, 4, 12, 27, 67, 5, 54, 19, 38, 22, 33, 20, 17, 59, 9, 11, 49, 26, 62, 30, 42],
[22, 45, 58, 51, 41, 36, 38, 3, 29, 69, 23, 0, 2, 50, 43, 20, 55, 10, 16, 26, 49, 15, 42, 24, 63, 21, 6, 35, 34, 25],
[14, 44, 61, 17, 59, 10, 55, 8, 56, 6, 47, 7, 40, 53, 4, 25, 34, 35, 57, 41, 36, 54, 18, 39, 48, 3, 38, 19, 66, 69]]

\
Best Operator Route set string:
\
12-25-27-41-36-54-18-5-37-67*41-34-58-64-52-20-17-61-60-44*0-50-23-69-3-66-19-38-22-33*29-66-38-36-45-58-64-52-10-16*33-20-55-10-16-26-49-15-42-62*7-4-12-25-41-34-57-35-6-63*29-48-66-19-36-45-58-51-35-6*41-51-56-8-26-1-31-11-9-68*68-9-11-31-1-26-8-51-58-45*14-2-0-69-66-19-38-22-33-13*46-7-4-12-25-41-34-57-35-6*2-50-43-20-10-16-26-30-24-21*32-39-18-54-36-45-58-51-35-6*6-35-57-34-41-45-36-54-5-65*46-40-53-47-6-56-28-8-10-59*

\
Best Passenger Route set sting:
\
46-40-7-4-25-57-51-64-52-20-17-60-44-61-43-13-33-58-35-6-56-28-8-55-16-9*10-55-52-64-35-41-45-36-54-18-67-27-25-34-51-8-26-1-31-11-68-9-17-43-50-23-3-69-48-39*2-0-50-33-58-34-25-12-4-40-7-53-47-6-35-51-64-52-10-59-68-9-1-49-26-30-15-62-21-24*33-58-45-36-19-38-66-69-23-50-43-17-55-8-56-6-47-40-46*10-16-26-1-59-17-9-68-11-15-62-24-63-6-35-58-45-36-38-19-66-3-0-2-50-23-69-29-48*67-27-25-57-58-34-51-64-52-55-8-26-49-9-17-61-60-14-2-50-13-22-45-41-12-4-7-46-40*49-62-24-21-6-47-53-46-40-7-4-25-34-58-33-43-61-60-14-44-17-50-2-0-69-48-3-66-54-5*18-5-37-67-65-19-22-36-38-66-3-29-69-23-50-43-20-55-16-1-49-62-26-8-28-56-51-35-6-47*32-39-48-29-69-19-36-41-25-4-40-46-7-53-47-6-63-30-26-16-10-17-43-13-33-58-51-64-52-20*43-17-10-28-56-6-63-30-26-16-55-52-64-58-45-36-38-54-32-39-48-3-69-19-66-18-37-65*44-14-2-23-3-66-19-65-67-37-5-32-18-54-36-45-58-64-52-8-26-49-15-42-62-24-21-63*60-44-17-59-68-9-31-11-49-15-42-30-24-63-6-35-57-34-45-36-54-5-65-32-37-67-27-41-51-56*24-21-63-6-47-7-46-40-53-4-12-27-67-5-54-19-38-22-33-20-17-59-9-11-49-26-62-30-42*22-45-58-51-41-36-38-3-29-69-23-0-2-50-43-20-55-10-16-26-49-15-42-24-63-21-6-35-34-25*14-44-61-17-59-10-55-8-56-6-47-7-40-53-4-25-34-35-57-41-36-54-18-39-48-3-38-19-66-69*