33_2_Mumford0__ALL_param RESULTS EVALUATION:
\
HV:0.8054 | BM:0.8087

\
	Operator	Passenger
\
f1_ATT	27.4718		15.4607
\
f2_TRT	98		584
\
d_0	21.3087		71.6858
\
d_1	31.7045		28.3142
\
d_2	17.8016		0.0000
\
d_un	29.1852		0.0000

\
Best Operator Route set:
\
[[24, 4, 7, 27],
[13, 0, 22, 25, 7, 20, 14, 23, 3, 1, 9],
[5, 21],
[25, 28],
[10, 2, 29],
[7, 16],
[8, 12, 19, 22, 17, 11],
[15, 10],
[18, 0],
[27, 10, 6],
[26, 0],
[5, 6]]

\
Best Passenger Route set:
\
[[24, 20, 14, 23, 9, 3, 4, 7, 27, 2, 10, 6],
[8, 12, 18, 13, 6, 15, 10, 27, 16, 28, 25],
[4, 20, 23, 9, 3, 24, 14, 11, 17, 22, 0, 26, 8],
[29, 2, 10, 15, 21, 6, 13, 0, 22, 17, 11, 14, 23, 3, 1],
[9, 23, 20, 7, 25, 22, 18, 0, 26, 8, 12, 17, 19],
[12, 0, 28, 7, 20, 24, 4, 1, 3, 9, 14, 11, 25, 22, 17],
[5, 6, 16, 7, 20, 23, 1, 3, 11],
[23, 9, 14, 7, 16, 28, 0, 26, 8, 19, 22],
[9, 1, 24, 7, 10, 29, 27, 16, 28, 25, 22, 17, 19, 12],
[2, 7, 28, 17, 19, 12, 0, 13, 6, 21, 5],
[9, 1, 3, 11, 17, 18, 12, 22, 25, 28, 16, 10, 7, 4, 23],
[14, 7, 27, 15, 5, 21, 2, 16, 28, 25, 11, 3, 1, 4]]

\
Best Operator Route set string:
\
24-4-7-27*13-0-22-25-7-20-14-23-3-1-9*5-21*25-28*10-2-29*7-16*8-12-19-22-17-11*15-10*18-0*27-10-6*26-0*5-6*

\
Best Passenger Route set sting:
\
24-20-14-23-9-3-4-7-27-2-10-6*8-12-18-13-6-15-10-27-16-28-25*4-20-23-9-3-24-14-11-17-22-0-26-8*29-2-10-15-21-6-13-0-22-17-11-14-23-3-1*9-23-20-7-25-22-18-0-26-8-12-17-19*12-0-28-7-20-24-4-1-3-9-14-11-25-22-17*5-6-16-7-20-23-1-3-11*23-9-14-7-16-28-0-26-8-19-22*9-1-24-7-10-29-27-16-28-25-22-17-19-12*2-7-28-17-19-12-0-13-6-21-5*9-1-3-11-17-18-12-22-25-28-16-10-7-4-23*14-7-27-15-5-21-2-16-28-25-11-3-1-4*