33_2_Mumford0__ALL_param RESULTS EVALUATION:
\
HV:0.7993 | BM:0.8087

\
	Operator	Passenger
\
f1_ATT	25.0857		15.7490
\
f2_TRT	98		457
\
d_0	23.3633		62.9588
\
d_1	44.6487		36.2170
\
d_2	24.5879		0.8242
\
d_un	7.4000		0.0000

\
Best Operator Route set:
\
[[28, 25, 11],
[29, 2, 10, 27, 16, 7],
[0, 22, 17],
[14, 24],
[18, 0],
[9, 1, 3, 23, 14, 7, 25, 0, 13, 6, 21, 5],
[12, 8],
[7, 20],
[0, 12, 19],
[4, 24],
[15, 10],
[0, 26]]

\
Best Passenger Route set:
\
[[12, 22, 17, 28, 7, 27, 29, 2, 10, 15, 6, 5],
[4, 7, 24, 23, 9],
[8, 12, 22, 25, 7, 2, 21, 6, 13, 0, 18, 19, 17, 28],
[1, 23, 4, 24, 14, 11, 17, 12, 8, 19, 18, 0, 25, 7, 20],
[0, 12, 8],
[7, 25, 0, 26, 8, 12, 19, 22],
[1, 14, 11, 25, 28, 16, 6, 21, 10, 29, 15, 5],
[5, 6, 16, 7, 14, 23, 9, 3, 11, 17, 22, 0, 18, 13],
[7, 25, 11, 17, 19],
[1, 23, 14, 20, 4, 3, 24, 7, 16, 27, 2],
[26, 8, 19, 12, 0, 28, 16, 10, 15, 21, 5],
[9, 3, 1, 24, 20, 7, 27, 15, 6, 13]]

\
Best Operator Route set string:
\
28-25-11*29-2-10-27-16-7*0-22-17*14-24*18-0*9-1-3-23-14-7-25-0-13-6-21-5*12-8*7-20*0-12-19*4-24*15-10*0-26*

\
Best Passenger Route set sting:
\
12-22-17-28-7-27-29-2-10-15-6-5*4-7-24-23-9*8-12-22-25-7-2-21-6-13-0-18-19-17-28*1-23-4-24-14-11-17-12-8-19-18-0-25-7-20*0-12-8*7-25-0-26-8-12-19-22*1-14-11-25-28-16-6-21-10-29-15-5*5-6-16-7-14-23-9-3-11-17-22-0-18-13*7-25-11-17-19*1-23-14-20-4-3-24-7-16-27-2*26-8-19-12-0-28-16-10-15-21-5*9-3-1-24-20-7-27-15-6-13*