33_2_Mumford0__ALL_param RESULTS EVALUATION:
\
HV:0.7991 | BM:0.8087

\
	Operator	Passenger
\
f1_ATT	34.7574		15.6003
\
f2_TRT	98		593
\
d_0	14.7767		64.5663
\
d_1	28.6942		34.4459
\
d_2	27.4112		0.9878
\
d_un	29.1180		0.0000

\
Best Operator Route set:
\
[[6, 10, 15],
[13, 18, 0, 22, 17],
[17, 12, 8],
[4, 24],
[22, 25, 28],
[2, 27, 7, 20, 24, 1],
[1, 9, 23, 14, 11, 17],
[5, 21, 10, 2, 29],
[0, 26],
[16, 27],
[3, 1],
[12, 19]]

\
Best Passenger Route set:
\
[[18, 12, 22, 25, 28, 16, 27, 7, 2],
[5, 15, 2, 6, 13, 18, 19, 12, 17, 28, 7, 20, 14, 1],
[24, 23, 4, 20, 7, 16, 6, 13, 0, 17, 11, 3, 1, 9, 14],
[6, 13, 18, 22, 0, 25, 11, 3, 1, 4],
[12, 18, 13, 6, 5, 21, 10, 7, 14, 23, 9, 3, 11, 17, 28],
[18, 17, 11, 14, 24, 4, 20, 23],
[26, 0, 28, 25, 11, 14, 23, 1, 3, 24, 7, 27, 10, 15, 16],
[1, 14, 11, 17, 22, 18, 0, 25, 7, 20, 24],
[18, 22, 17, 28, 16, 27, 29, 10, 15, 6, 13, 0, 12, 8, 26],
[2, 16, 10, 27, 15, 29],
[16, 28, 0, 26, 8, 19, 17, 22, 25, 7, 4, 1, 3, 14, 20],
[3, 4, 24, 20, 23, 1, 14, 7, 27, 2, 29, 10, 21, 15, 5]]

\
Best Operator Route set string:
\
6-10-15*13-18-0-22-17*17-12-8*4-24*22-25-28*2-27-7-20-24-1*1-9-23-14-11-17*5-21-10-2-29*0-26*16-27*3-1*12-19*

\
Best Passenger Route set sting:
\
18-12-22-25-28-16-27-7-2*5-15-2-6-13-18-19-12-17-28-7-20-14-1*24-23-4-20-7-16-6-13-0-17-11-3-1-9-14*6-13-18-22-0-25-11-3-1-4*12-18-13-6-5-21-10-7-14-23-9-3-11-17-28*18-17-11-14-24-4-20-23*26-0-28-25-11-14-23-1-3-24-7-27-10-15-16*1-14-11-17-22-18-0-25-7-20-24*18-22-17-28-16-27-29-10-15-6-13-0-12-8-26*2-16-10-27-15-29*16-28-0-26-8-19-17-22-25-7-4-1-3-14-20*3-4-24-20-23-1-14-7-27-2-29-10-21-15-5*