7_3_Mumford1_GA_Pop_size RESULTS EVALUATION:
\
HV:0.7687 | BM:0.7758

\
	Operator	Passenger
\
f1_ATT	30.7763		22.9553
\
f2_TRT	498		1491
\
d_0	20.7682		53.0036
\
d_1	48.6992		45.0563
\
d_2	28.8526		1.9401
\
d_un	1.6800		0.0000

\
Best Operator Route set:
\
[[37, 65, 5, 54, 19, 22, 13, 43, 61, 60],
[57, 35, 64, 52, 20, 17, 61, 60, 44, 14],
[12, 25, 27, 41, 36, 38, 19, 66, 48, 29],
[35, 34, 45, 36, 54, 18, 65, 5, 37, 67],
[5, 18, 54, 36, 45, 58, 64, 52, 10, 16],
[68, 9, 11, 1, 16, 26, 8, 51, 57, 25],
[39, 32, 5, 67, 27, 25, 4, 7, 40, 46],
[9, 68, 11, 31, 1, 16, 26, 8, 51, 41],
[0, 2, 23, 69, 3, 66, 19, 38, 22, 33],
[22, 33, 20, 10, 16, 26, 49, 15, 42, 62],
[35, 34, 45, 36, 54, 18, 65, 5, 37, 67],
[69, 48, 29, 66, 19, 38, 36, 45, 34, 35],
[9, 68, 59, 10, 28, 8, 56, 6, 47, 53],
[65, 5, 18, 54, 36, 45, 58, 64, 52, 8],
[50, 43, 20, 55, 10, 16, 26, 30, 24, 21, 63]]

\
Best Passenger Route set:
\
[[15, 42, 62, 21, 6, 47, 7, 40, 46, 53, 4, 25, 41, 36, 38, 69, 23, 2, 50, 17, 60, 44, 14],
[64, 35, 57, 34, 58, 33, 22, 38, 3, 29, 48, 69, 0, 50, 43, 20, 55, 10, 16, 26, 49, 15, 11, 31, 9, 17, 61, 60, 44],
[2, 50, 43, 17, 59, 1, 49, 15, 42, 62, 26],
[38, 69, 23, 50, 43, 20, 10, 16, 26, 30, 24, 21, 6, 35, 41, 27, 67, 37, 32],
[65, 32, 39, 48, 29, 69, 66, 38, 3, 23, 50, 17, 59, 68, 9, 11, 49, 26, 8, 51, 34, 45, 36, 54, 18],
[24, 42, 15, 49, 26, 8, 56, 51, 35, 34, 41, 27, 67, 37, 32, 39, 48, 3, 0, 2, 14, 44],
[53, 46, 40, 7, 4, 25, 57, 51, 64, 52, 20, 17, 60, 14, 61, 43, 13, 33, 58, 35, 6, 63, 24, 62],
[21, 63, 6, 35, 64, 58, 41, 27, 67, 37, 5, 54, 19, 22, 33, 20, 17, 59, 9, 11, 49, 42, 15, 30],
[40, 46, 7, 53, 4, 12, 25, 34, 51, 8, 26, 16, 9, 68, 59, 10, 55, 20, 43, 13, 33],
[67, 18, 39, 48, 29, 69, 19, 36, 41, 25, 4, 40, 46, 7, 47, 6, 63, 30, 26, 16, 10, 55, 52, 64, 51, 58, 33, 13, 43, 17],
[36, 19, 69, 3, 66, 38, 22, 33, 20, 17, 9, 31, 1, 26, 8, 51, 35, 34, 41, 27, 67, 65, 39, 48, 29, 23, 0, 50, 13],
[5, 65, 54, 32, 18, 69, 29, 48, 66, 19, 38, 36, 45, 34, 35, 6, 63, 24, 62, 15, 49, 26, 1, 59, 9, 68],
[31, 1, 26, 8, 52, 64, 58, 45, 36, 54, 5, 65, 37, 67, 27, 25, 4, 53],
[5, 32, 54, 38, 66, 19, 29, 23, 50, 2, 14, 44, 61, 17, 10, 28, 8, 56, 6, 47, 53, 4, 12, 25, 41, 45, 36, 22, 13, 43],
[1, 68, 9, 16, 26, 8, 56, 6, 47, 53, 46, 40, 7, 4, 12, 41, 58, 33, 50, 2, 14, 44, 60, 61, 43, 13, 22, 36, 45]]

\
Best Operator Route set string:
\
37-65-5-54-19-22-13-43-61-60*57-35-64-52-20-17-61-60-44-14*12-25-27-41-36-38-19-66-48-29*35-34-45-36-54-18-65-5-37-67*5-18-54-36-45-58-64-52-10-16*68-9-11-1-16-26-8-51-57-25*39-32-5-67-27-25-4-7-40-46*9-68-11-31-1-16-26-8-51-41*0-2-23-69-3-66-19-38-22-33*22-33-20-10-16-26-49-15-42-62*35-34-45-36-54-18-65-5-37-67*69-48-29-66-19-38-36-45-34-35*9-68-59-10-28-8-56-6-47-53*65-5-18-54-36-45-58-64-52-8*50-43-20-55-10-16-26-30-24-21-63*

\
Best Passenger Route set sting:
\
15-42-62-21-6-47-7-40-46-53-4-25-41-36-38-69-23-2-50-17-60-44-14*64-35-57-34-58-33-22-38-3-29-48-69-0-50-43-20-55-10-16-26-49-15-11-31-9-17-61-60-44*2-50-43-17-59-1-49-15-42-62-26*38-69-23-50-43-20-10-16-26-30-24-21-6-35-41-27-67-37-32*65-32-39-48-29-69-66-38-3-23-50-17-59-68-9-11-49-26-8-51-34-45-36-54-18*24-42-15-49-26-8-56-51-35-34-41-27-67-37-32-39-48-3-0-2-14-44*53-46-40-7-4-25-57-51-64-52-20-17-60-14-61-43-13-33-58-35-6-63-24-62*21-63-6-35-64-58-41-27-67-37-5-54-19-22-33-20-17-59-9-11-49-42-15-30*40-46-7-53-4-12-25-34-51-8-26-16-9-68-59-10-55-20-43-13-33*67-18-39-48-29-69-19-36-41-25-4-40-46-7-47-6-63-30-26-16-10-55-52-64-51-58-33-13-43-17*36-19-69-3-66-38-22-33-20-17-9-31-1-26-8-51-35-34-41-27-67-65-39-48-29-23-0-50-13*5-65-54-32-18-69-29-48-66-19-38-36-45-34-35-6-63-24-62-15-49-26-1-59-9-68*31-1-26-8-52-64-58-45-36-54-5-65-37-67-27-25-4-53*5-32-54-38-66-19-29-23-50-2-14-44-61-17-10-28-8-56-6-47-53-4-12-25-41-45-36-22-13-43*1-68-9-16-26-8-56-6-47-53-46-40-7-4-12-41-58-33-50-2-14-44-60-61-43-13-22-36-45*