23_2_Mumford0_SA_Mutations RESULTS EVALUATION:
\
HV:0.8183 | BM:0.8087

\
	Operator	Passenger
\
f1_ATT	34.8767		15.2083
\
f2_TRT	98		542
\
d_0	14.7767		73.1529
\
d_1	28.6942		26.8471
\
d_2	27.4112		0.0000
\
d_un	29.1180		0.0000

\
Best Operator Route set:
\
[[6, 15, 10],
[13, 18, 0, 22, 17],
[17, 12, 8],
[4, 24],
[22, 25, 28],
[2, 27, 7, 20, 24, 1],
[1, 9, 23, 14, 11, 17],
[5, 21, 10, 2, 29],
[0, 26],
[16, 27],
[3, 1],
[12, 19]]

\
Best Passenger Route set:
\
[[23, 1, 9, 3, 11, 17, 19, 8, 26, 0, 25, 7, 27, 10, 6],
[20, 24, 23, 9, 14, 7, 27, 10, 15, 5],
[17, 19, 18, 0, 26],
[3, 1, 23, 24, 7, 27, 10, 21],
[20, 23, 14, 11, 17, 22, 18, 13, 6, 21, 5, 15, 16, 28, 25],
[29, 27, 15, 21, 5, 6, 16, 7, 14, 11],
[26, 8, 12, 18, 0, 28, 7, 20, 4, 1, 9],
[10, 16, 28, 0, 12, 19, 22, 25, 7, 20, 14, 3, 4, 23, 9],
[8, 12, 19, 17, 28, 16, 27, 29, 2, 7, 20, 24, 1, 3, 23],
[9, 1, 4, 7, 28, 25, 22, 17, 0, 19],
[19, 12, 17, 11, 14, 24, 4, 7, 2, 29, 10, 15, 21, 5],
[5, 21, 2, 15, 10, 6, 13, 18, 0, 25, 11, 3, 1, 9, 14]]

\
Best Operator Route set string:
\
6-15-10*13-18-0-22-17*17-12-8*4-24*22-25-28*2-27-7-20-24-1*1-9-23-14-11-17*5-21-10-2-29*0-26*16-27*3-1*12-19*

\
Best Passenger Route set sting:
\
23-1-9-3-11-17-19-8-26-0-25-7-27-10-6*20-24-23-9-14-7-27-10-15-5*17-19-18-0-26*3-1-23-24-7-27-10-21*20-23-14-11-17-22-18-13-6-21-5-15-16-28-25*29-27-15-21-5-6-16-7-14-11*26-8-12-18-0-28-7-20-4-1-9*10-16-28-0-12-19-22-25-7-20-14-3-4-23-9*8-12-19-17-28-16-27-29-2-7-20-24-1-3-23*9-1-4-7-28-25-22-17-0-19*19-12-17-11-14-24-4-7-2-29-10-15-21-5*5-21-2-15-10-6-13-18-0-25-11-3-1-9-14*