5_2_Mumford0_GA_Mut_threshold RESULTS EVALUATION:
\
HV:0.8273 | BM:0.8087

\
	Operator	Passenger
\
f1_ATT	30.1408		14.9191
\
f2_TRT	94		598
\
d_0	16.6092		78.0337
\
d_1	32.1545		21.9663
\
d_2	28.8549		0.0000
\
d_un	22.3813		0.0000

\
Best Operator Route set:
\
[[15, 10, 6, 13],
[18, 0, 22, 17],
[12, 19, 17],
[4, 24],
[22, 25, 28],
[2, 29],
[9, 1, 23, 14, 11, 17],
[5, 21, 10, 2, 27, 7, 20, 24, 14],
[0, 26],
[16, 27],
[3, 1],
[12, 8]]

\
Best Passenger Route set:
\
[[21, 6, 10, 2, 29, 27, 16, 28, 0, 18, 12, 17, 11, 14, 23],
[22, 12, 0, 17, 11, 3, 9, 23, 14, 7, 16, 6, 5, 21, 2],
[29, 2, 15, 5, 21, 10, 27, 7, 25, 11, 14, 24, 4],
[7, 20, 24, 14, 9, 1, 3, 11, 17, 22, 18, 0, 13, 6, 5],
[8, 12, 19, 22, 18, 13, 6, 15, 10, 27, 7, 20, 23, 1, 9],
[29, 27, 7, 25, 22, 19, 12, 8, 26, 0, 18, 13, 6, 21, 2],
[29, 2, 10, 21, 5, 6, 16, 7, 24, 1, 3, 23, 14, 20],
[26, 0, 22, 17, 28, 7, 4, 24, 3, 1, 9, 23, 20],
[13, 0, 25, 28, 16, 15, 21, 10, 29, 2, 7, 24, 4, 3, 1],
[10, 27, 7, 28, 17, 19, 8],
[4, 20, 7, 25, 0, 18, 12, 17, 28, 16, 27, 2, 29],
[0, 22, 25, 28, 16, 10, 27, 7, 20, 14, 24]]

\
Best Operator Route set string:
\
15-10-6-13*18-0-22-17*12-19-17*4-24*22-25-28*2-29*9-1-23-14-11-17*5-21-10-2-27-7-20-24-14*0-26*16-27*3-1*12-8*

\
Best Passenger Route set sting:
\
21-6-10-2-29-27-16-28-0-18-12-17-11-14-23*22-12-0-17-11-3-9-23-14-7-16-6-5-21-2*29-2-15-5-21-10-27-7-25-11-14-24-4*7-20-24-14-9-1-3-11-17-22-18-0-13-6-5*8-12-19-22-18-13-6-15-10-27-7-20-23-1-9*29-27-7-25-22-19-12-8-26-0-18-13-6-21-2*29-2-10-21-5-6-16-7-24-1-3-23-14-20*26-0-22-17-28-7-4-24-3-1-9-23-20*13-0-25-28-16-15-21-10-29-2-7-24-4-3-1*10-27-7-28-17-19-8*4-20-7-25-0-18-12-17-28-16-27-2-29*0-22-25-28-16-10-27-7-20-14-24*