3_3_Mumford1_GA_Mutations RESULTS EVALUATION:
\
HV:0.7435 | BM:0.7758

\
	Operator	Passenger
\
f1_ATT	30.8296		23.9484
\
f2_TRT	511		954
\
d_0	20.3741		44.8180
\
d_1	50.5371		52.2825
\
d_2	28.2826		2.8995
\
d_un	0.8063		0.0000

\
Best Operator Route set:
\
[[10, 55, 52, 64, 58, 45, 36, 54, 5, 37],
[10, 55, 52, 64, 58, 45, 36, 54, 5, 37],
[46, 40, 53, 47, 6, 56, 28, 8, 10, 59],
[4, 25, 12, 41, 45, 22, 13, 50, 2, 14],
[4, 25, 57, 35, 51, 8, 26, 16, 9, 68],
[32, 65, 5, 67, 27, 25, 4, 7, 40, 46],
[39, 18, 54, 36, 45, 34, 57, 35, 51, 56],
[48, 66, 19, 38, 36, 45, 34, 35, 51, 56],
[39, 18, 54, 36, 45, 34, 57, 35, 51, 56],
[63, 21, 24, 30, 26, 16, 10, 17, 61, 60, 44],
[0, 2, 50, 43, 17, 59, 1, 16, 26, 30, 24, 62],
[39, 18, 54, 36, 45, 34, 57, 35, 51, 56],
[32, 65, 5, 67, 27, 25, 4, 7, 40, 46],
[29, 3, 69, 23, 50, 43, 17, 59, 9, 11, 31],
[22, 33, 20, 55, 10, 16, 26, 49, 15, 42]]

\
Best Passenger Route set:
\
[[30, 26, 16, 10, 52, 64, 58, 45, 36, 54, 32],
[2, 0, 23, 69, 38, 36, 41, 25, 4, 7, 46, 40, 47, 6, 56, 8, 28, 10, 17, 44],
[32, 5, 54, 36, 45, 58, 64, 52, 8, 26, 49, 15, 42, 62],
[56, 51, 35, 57, 34, 45, 36, 54, 18, 39, 48, 3, 69, 23, 50, 43, 17, 59, 1, 49, 15, 42],
[46, 40, 53, 47, 6, 56, 8, 28, 10, 59],
[46, 40, 7, 53, 47, 6, 56, 8, 26, 1, 11, 68, 59, 10, 55, 52, 64, 51, 35, 41, 27, 67],
[62, 49, 26, 8, 51, 35, 34, 41, 27, 67, 37, 5, 54, 38, 22, 13, 43, 61, 60],
[14, 61, 17, 59, 1, 16, 26, 30, 24, 21, 63, 6, 35, 41, 45, 36, 54, 18, 32, 65, 5, 67, 27, 25, 4, 7, 40, 46, 53],
[40, 7, 47, 6, 56, 8, 10, 17, 61, 44],
[42, 62, 24, 63, 6, 35, 57, 34, 45, 36, 38, 66, 48, 29, 3, 69, 23, 50, 43, 20, 10, 16, 26, 30],
[53, 4, 25, 57, 35, 51, 8, 26, 16, 9, 68],
[27, 41, 34, 35, 51, 56, 8, 26, 1, 31, 11, 9, 59, 17, 20, 33, 22, 38, 19, 18, 65],
[27, 41, 34, 58, 64, 52, 20, 17, 61, 60, 44],
[0, 50, 13, 33, 58, 64, 51, 35, 6, 47],
[44, 60, 61, 14, 2, 50, 13, 22, 45, 41, 12, 4, 40, 7]]

\
Best Operator Route set string:
\
10-55-52-64-58-45-36-54-5-37*10-55-52-64-58-45-36-54-5-37*46-40-53-47-6-56-28-8-10-59*4-25-12-41-45-22-13-50-2-14*4-25-57-35-51-8-26-16-9-68*32-65-5-67-27-25-4-7-40-46*39-18-54-36-45-34-57-35-51-56*48-66-19-38-36-45-34-35-51-56*39-18-54-36-45-34-57-35-51-56*63-21-24-30-26-16-10-17-61-60-44*0-2-50-43-17-59-1-16-26-30-24-62*39-18-54-36-45-34-57-35-51-56*32-65-5-67-27-25-4-7-40-46*29-3-69-23-50-43-17-59-9-11-31*22-33-20-55-10-16-26-49-15-42*

\
Best Passenger Route set sting:
\
30-26-16-10-52-64-58-45-36-54-32*2-0-23-69-38-36-41-25-4-7-46-40-47-6-56-8-28-10-17-44*32-5-54-36-45-58-64-52-8-26-49-15-42-62*56-51-35-57-34-45-36-54-18-39-48-3-69-23-50-43-17-59-1-49-15-42*46-40-53-47-6-56-8-28-10-59*46-40-7-53-47-6-56-8-26-1-11-68-59-10-55-52-64-51-35-41-27-67*62-49-26-8-51-35-34-41-27-67-37-5-54-38-22-13-43-61-60*14-61-17-59-1-16-26-30-24-21-63-6-35-41-45-36-54-18-32-65-5-67-27-25-4-7-40-46-53*40-7-47-6-56-8-10-17-61-44*42-62-24-63-6-35-57-34-45-36-38-66-48-29-3-69-23-50-43-20-10-16-26-30*53-4-25-57-35-51-8-26-16-9-68*27-41-34-35-51-56-8-26-1-31-11-9-59-17-20-33-22-38-19-18-65*27-41-34-58-64-52-20-17-61-60-44*0-50-13-33-58-64-51-35-6-47*44-60-61-14-2-50-13-22-45-41-12-4-40-7*