24_2_Mumford0_SA_Mutations_more RESULTS EVALUATION:
\
HV:0.8037 | BM:0.8087

\
	Operator	Passenger
\
f1_ATT	34.8767		15.6611
\
f2_TRT	98		597
\
d_0	14.7767		66.3199
\
d_1	28.6942		33.6275
\
d_2	27.4112		0.0526
\
d_un	29.1180		0.0000

\
Best Operator Route set:
\
[[6, 15, 10],
[13, 18, 0, 22, 17],
[17, 12, 8],
[4, 24],
[22, 25, 28],
[2, 27, 7, 20, 24, 1],
[1, 9, 23, 14, 11, 17],
[5, 21, 10, 2, 29],
[0, 26],
[16, 27],
[3, 1],
[12, 19]]

\
Best Passenger Route set:
\
[[18, 0, 28, 25, 11, 14, 24],
[9, 1, 3, 24, 7, 27, 2, 29, 15, 10, 6, 13],
[29, 27, 15, 2, 21, 6, 16, 7, 14, 23, 1, 24, 20, 4],
[21, 5, 15, 10, 27, 16, 28, 17, 19, 8, 26, 0, 18, 22, 12],
[9, 1, 3, 23, 20, 7, 28, 0, 12, 18, 13, 6, 5],
[9, 3, 1, 24, 4, 7, 10, 21, 6, 13, 0, 18, 19, 12, 8],
[14, 4, 24, 23, 9, 1, 3, 11, 17, 22, 18, 0, 13, 6, 15],
[18, 19, 8, 12, 22, 25, 28, 16, 27, 2, 6],
[11, 14, 23, 4, 3, 24, 7, 28, 17, 12],
[13, 18, 0, 22, 17, 11, 14, 20, 24, 4, 3, 1, 23, 9],
[22, 19, 18, 13, 0, 12, 17, 11, 3, 14, 7, 27, 15, 10, 29],
[14, 9, 23, 4, 7, 25, 0, 22, 17, 28, 16, 15, 2, 6, 13]]

\
Best Operator Route set string:
\
6-15-10*13-18-0-22-17*17-12-8*4-24*22-25-28*2-27-7-20-24-1*1-9-23-14-11-17*5-21-10-2-29*0-26*16-27*3-1*12-19*

\
Best Passenger Route set sting:
\
18-0-28-25-11-14-24*9-1-3-24-7-27-2-29-15-10-6-13*29-27-15-2-21-6-16-7-14-23-1-24-20-4*21-5-15-10-27-16-28-17-19-8-26-0-18-22-12*9-1-3-23-20-7-28-0-12-18-13-6-5*9-3-1-24-4-7-10-21-6-13-0-18-19-12-8*14-4-24-23-9-1-3-11-17-22-18-0-13-6-15*18-19-8-12-22-25-28-16-27-2-6*11-14-23-4-3-24-7-28-17-12*13-18-0-22-17-11-14-20-24-4-3-1-23-9*22-19-18-13-0-12-17-11-3-14-7-27-15-10-29*14-9-23-4-7-25-0-22-17-28-16-15-2-6-13*