33_3_Mumford1__ALL_param RESULTS EVALUATION:
\
HV:0.7513 | BM:0.7758

\
	Operator	Passenger
\
f1_ATT	29.6191		23.1652
\
f2_TRT	532		1296
\
d_0	23.5909		47.4870
\
d_1	53.2212		50.4192
\
d_2	20.8782		2.0938
\
d_un	2.3098		0.0000

\
Best Operator Route set:
\
[[27, 41, 34, 58, 64, 52, 20, 17, 61, 60],
[46, 40, 53, 47, 6, 56, 28, 8, 10, 59],
[32, 39, 18, 54, 36, 45, 58, 51, 35, 6],
[23, 2, 0, 69, 3, 66, 19, 38, 22, 33],
[29, 48, 66, 19, 36, 45, 34, 35, 51, 8, 26, 62],
[4, 25, 12, 41, 45, 22, 13, 50, 2, 14],
[7, 4, 12, 25, 41, 34, 57, 35, 6, 47],
[50, 43, 20, 55, 10, 16, 26, 30, 24, 21],
[63, 21, 24, 30, 26, 16, 10, 17, 61, 44],
[5, 18, 54, 36, 45, 58, 64, 52, 10, 16],
[68, 9, 11, 31, 1, 26, 8, 51, 41, 45],
[49, 26, 16, 10, 55, 20, 33, 22, 19, 66],
[37, 65, 5, 54, 19, 22, 33, 43, 61, 60],
[22, 33, 20, 55, 10, 16, 26, 49, 15, 42],
[12, 25, 27, 41, 36, 54, 18, 5, 37, 67]]

\
Best Passenger Route set:
\
[[9, 68, 11, 15, 42, 49, 1, 59, 17, 50, 23, 3, 66, 54, 32, 65],
[13, 43, 17, 59, 9, 68, 11, 15, 49, 26, 8, 51, 34, 41, 45, 22, 19, 38, 66, 29, 23, 50],
[46, 40, 4, 25, 57, 51, 8, 10, 16, 1, 68],
[38, 22, 33, 13, 50, 2, 14, 44, 17, 59, 11, 68, 9, 16, 26, 62, 24, 63, 6, 35, 41, 36, 54, 32, 39, 18, 66, 69, 0],
[31, 11, 68, 9, 1, 26, 8, 51, 41, 27, 67, 37, 65, 54, 38, 22, 13, 43, 17, 59, 10, 20, 52, 64, 58, 35, 34, 57],
[8, 26, 1, 31, 11, 68, 59, 10, 55, 20, 33, 22, 19, 54, 5, 37, 67, 27, 25, 4, 7, 46, 40, 12, 41, 36, 38, 3, 29, 69],
[68, 9, 11, 49, 26, 30, 63, 6, 47, 53, 7, 46],
[2, 23, 69, 48, 66, 19, 36, 45, 34, 35, 6, 21, 62, 42, 30, 26, 8, 28],
[41, 34, 51, 56, 28, 8, 52, 64, 58, 45, 36, 54, 18, 39, 48, 29, 69, 0, 50, 43, 61],
[28, 56, 8, 51, 35, 58, 33, 22, 45, 34, 25, 27, 67, 37, 5, 65],
[46, 7, 40, 4, 25, 27, 67, 65, 18, 69, 0, 50, 17, 10, 28, 56, 6, 63, 21, 30, 26, 8, 55, 20, 13, 22, 45, 34, 57],
[32, 5, 65, 39, 48, 3, 0, 2, 14, 44, 17, 20, 52, 64, 35, 57, 41, 12, 4, 7, 53],
[23, 3, 48, 39, 18, 37, 5, 67, 27, 12, 41, 58, 64, 52, 20, 17, 61, 60, 44],
[21, 24, 30, 26, 16, 55, 20, 43, 50, 23, 69, 38, 36, 45, 41, 25, 4, 53, 47],
[14, 2, 50, 33, 58, 34, 25, 4, 40, 7, 47, 6, 63, 24, 42, 15, 49, 1, 16, 10, 52, 64]]

\
Best Operator Route set string:
\
27-41-34-58-64-52-20-17-61-60*46-40-53-47-6-56-28-8-10-59*32-39-18-54-36-45-58-51-35-6*23-2-0-69-3-66-19-38-22-33*29-48-66-19-36-45-34-35-51-8-26-62*4-25-12-41-45-22-13-50-2-14*7-4-12-25-41-34-57-35-6-47*50-43-20-55-10-16-26-30-24-21*63-21-24-30-26-16-10-17-61-44*5-18-54-36-45-58-64-52-10-16*68-9-11-31-1-26-8-51-41-45*49-26-16-10-55-20-33-22-19-66*37-65-5-54-19-22-33-43-61-60*22-33-20-55-10-16-26-49-15-42*12-25-27-41-36-54-18-5-37-67*

\
Best Passenger Route set sting:
\
9-68-11-15-42-49-1-59-17-50-23-3-66-54-32-65*13-43-17-59-9-68-11-15-49-26-8-51-34-41-45-22-19-38-66-29-23-50*46-40-4-25-57-51-8-10-16-1-68*38-22-33-13-50-2-14-44-17-59-11-68-9-16-26-62-24-63-6-35-41-36-54-32-39-18-66-69-0*31-11-68-9-1-26-8-51-41-27-67-37-65-54-38-22-13-43-17-59-10-20-52-64-58-35-34-57*8-26-1-31-11-68-59-10-55-20-33-22-19-54-5-37-67-27-25-4-7-46-40-12-41-36-38-3-29-69*68-9-11-49-26-30-63-6-47-53-7-46*2-23-69-48-66-19-36-45-34-35-6-21-62-42-30-26-8-28*41-34-51-56-28-8-52-64-58-45-36-54-18-39-48-29-69-0-50-43-61*28-56-8-51-35-58-33-22-45-34-25-27-67-37-5-65*46-7-40-4-25-27-67-65-18-69-0-50-17-10-28-56-6-63-21-30-26-8-55-20-13-22-45-34-57*32-5-65-39-48-3-0-2-14-44-17-20-52-64-35-57-41-12-4-7-53*23-3-48-39-18-37-5-67-27-12-41-58-64-52-20-17-61-60-44*21-24-30-26-16-55-20-43-50-23-69-38-36-45-41-25-4-53-47*14-2-50-33-58-34-25-4-40-7-47-6-63-24-42-15-49-1-16-10-52-64*