8_3_Mumford1_GA_Crossover_prob RESULTS EVALUATION:
\
HV:0.7619 | BM:0.7758

\
	Operator	Passenger
\
f1_ATT	31.2161		23.1414
\
f2_TRT	498		1663
\
d_0	20.4530		54.4801
\
d_1	49.2231		43.9063
\
d_2	29.6895		1.6136
\
d_un	0.6344		0.0000

\
Best Operator Route set:
\
[[46, 40, 7, 4, 25, 41, 58, 64, 52, 10],
[46, 40, 53, 47, 6, 56, 28, 8, 10, 59],
[0, 2, 23, 69, 3, 66, 19, 38, 22, 33],
[32, 39, 18, 54, 36, 45, 58, 51, 35, 6],
[63, 21, 30, 26, 16, 10, 17, 61, 60, 44],
[50, 43, 20, 55, 10, 16, 26, 30, 24, 21],
[57, 34, 41, 45, 36, 38, 19, 66, 48, 29],
[13, 50, 43, 20, 55, 16, 26, 30, 24, 62],
[22, 33, 20, 55, 10, 16, 26, 49, 15, 42],
[22, 33, 20, 55, 10, 16, 26, 49, 15, 42],
[27, 25, 12, 41, 36, 54, 18, 5, 37, 67],
[63, 21, 24, 30, 26, 1, 31, 11, 9, 68],
[65, 5, 54, 19, 22, 33, 43, 61, 60, 14],
[0, 2, 23, 69, 3, 66, 19, 38, 22, 33],
[68, 9, 11, 31, 1, 26, 8, 51, 41, 45]]

\
Best Passenger Route set:
\
[[17, 20, 33, 22, 13, 50, 23, 0, 69, 18, 54, 19, 38, 36, 45, 34, 35, 6, 63, 21, 24, 62, 42, 15, 11, 68, 1, 26],
[67, 18, 39, 48, 69, 0, 2, 14, 60, 44, 61, 43, 33, 58, 41, 12, 4, 7, 40, 46, 53, 47, 6, 35, 64, 51, 56, 8, 10, 17],
[42, 24, 62, 15, 49, 26, 8, 51, 35, 41, 27, 67, 37, 32, 39, 48, 29, 3, 0, 2, 14, 44],
[4, 25, 34, 58, 41, 35, 6, 47, 7, 46, 40, 12, 27, 67, 37, 65, 5, 54, 19, 22, 33, 43, 61, 60, 44, 17, 59, 10, 8, 56],
[68, 11, 31, 9, 17, 50, 23, 3, 29, 69, 66, 19, 18, 54, 38, 22, 33, 20, 55, 10, 16, 26, 49, 15, 42, 24, 63, 21, 30, 62],
[10, 17, 60, 61, 43, 13, 50, 2, 0, 23, 69, 38, 36, 41, 25, 4, 7, 46, 40, 53],
[21, 6, 35, 34, 41, 12, 25, 27, 67, 65, 32, 37, 5, 18, 54, 38, 22, 33, 20, 17, 59, 9, 11, 31, 1, 26, 16, 10],
[4, 53, 47, 6, 63, 21, 62, 42, 15, 49, 26, 16, 10, 55, 20, 43, 50, 23, 69, 3, 48, 39, 32, 65, 5, 54],
[6, 35, 58, 33, 13, 50, 0, 69, 38, 36, 45, 41, 25, 4, 7, 46, 40],
[55, 8, 56, 6, 47, 53, 46, 40, 7, 4, 25, 41, 45, 22, 13, 50, 2, 14, 44, 60, 17, 59, 68, 9, 16, 26, 49, 11, 1, 31],
[64, 52, 55, 10, 59, 9, 16, 26, 8, 28, 56, 51, 35, 34, 45, 36, 54, 18, 65, 67, 27, 41, 12, 25, 57, 58, 33, 22, 38, 3],
[51, 57, 25, 27, 12, 4, 53, 46, 40, 7, 47, 6, 63, 21, 24, 30, 26, 1, 59, 17, 43, 50, 0, 2, 14, 61, 60],
[9, 59, 11, 31, 1, 16, 55, 52, 64, 58, 45, 36, 54, 65, 32, 37, 5, 67, 27, 25, 41, 51, 34, 57],
[34, 51, 8, 26, 16, 55, 10, 28, 56, 6, 47, 53, 46, 40, 4, 25, 57, 35, 64, 52, 20, 17, 61, 44, 14, 2, 23, 50],
[33, 58, 51, 35, 34, 45, 22, 19, 3, 29, 48, 66, 38, 36, 41, 25, 4, 40, 47, 6, 56, 28, 8, 26, 1, 9, 68, 11, 31]]

\
Best Operator Route set string:
\
46-40-7-4-25-41-58-64-52-10*46-40-53-47-6-56-28-8-10-59*0-2-23-69-3-66-19-38-22-33*32-39-18-54-36-45-58-51-35-6*63-21-30-26-16-10-17-61-60-44*50-43-20-55-10-16-26-30-24-21*57-34-41-45-36-38-19-66-48-29*13-50-43-20-55-16-26-30-24-62*22-33-20-55-10-16-26-49-15-42*22-33-20-55-10-16-26-49-15-42*27-25-12-41-36-54-18-5-37-67*63-21-24-30-26-1-31-11-9-68*65-5-54-19-22-33-43-61-60-14*0-2-23-69-3-66-19-38-22-33*68-9-11-31-1-26-8-51-41-45*

\
Best Passenger Route set sting:
\
17-20-33-22-13-50-23-0-69-18-54-19-38-36-45-34-35-6-63-21-24-62-42-15-11-68-1-26*67-18-39-48-69-0-2-14-60-44-61-43-33-58-41-12-4-7-40-46-53-47-6-35-64-51-56-8-10-17*42-24-62-15-49-26-8-51-35-41-27-67-37-32-39-48-29-3-0-2-14-44*4-25-34-58-41-35-6-47-7-46-40-12-27-67-37-65-5-54-19-22-33-43-61-60-44-17-59-10-8-56*68-11-31-9-17-50-23-3-29-69-66-19-18-54-38-22-33-20-55-10-16-26-49-15-42-24-63-21-30-62*10-17-60-61-43-13-50-2-0-23-69-38-36-41-25-4-7-46-40-53*21-6-35-34-41-12-25-27-67-65-32-37-5-18-54-38-22-33-20-17-59-9-11-31-1-26-16-10*4-53-47-6-63-21-62-42-15-49-26-16-10-55-20-43-50-23-69-3-48-39-32-65-5-54*6-35-58-33-13-50-0-69-38-36-45-41-25-4-7-46-40*55-8-56-6-47-53-46-40-7-4-25-41-45-22-13-50-2-14-44-60-17-59-68-9-16-26-49-11-1-31*64-52-55-10-59-9-16-26-8-28-56-51-35-34-45-36-54-18-65-67-27-41-12-25-57-58-33-22-38-3*51-57-25-27-12-4-53-46-40-7-47-6-63-21-24-30-26-1-59-17-43-50-0-2-14-61-60*9-59-11-31-1-16-55-52-64-58-45-36-54-65-32-37-5-67-27-25-41-51-34-57*34-51-8-26-16-55-10-28-56-6-47-53-46-40-4-25-57-35-64-52-20-17-61-44-14-2-23-50*33-58-51-35-34-45-22-19-3-29-48-66-38-36-41-25-4-40-47-6-56-28-8-26-1-9-68-11-31*