5_2_Mumford0_GA_Mut_threshold RESULTS EVALUATION:
\
HV:0.8277 | BM:0.8087

\
	Operator	Passenger
\
f1_ATT	28.9845		14.8945
\
f2_TRT	94		615
\
d_0	18.4621		77.8817
\
d_1	33.3704		22.1183
\
d_2	28.7789		0.0000
\
d_un	19.3886		0.0000

\
Best Operator Route set:
\
[[13, 6, 10],
[18, 0],
[22, 17, 11, 14, 23, 1, 3],
[4, 24],
[18, 22, 25, 28],
[2, 29],
[12, 8],
[5, 21, 15, 10, 2, 27, 7, 20, 14, 24],
[0, 26],
[16, 27],
[9, 1],
[17, 19, 12]]

\
Best Passenger Route set:
\
[[17, 12, 8, 19, 22, 0, 28, 16, 2, 27, 10],
[9, 23, 3, 1, 4, 24, 20, 7, 25, 0, 18, 22, 17, 19, 8],
[29, 2, 7, 24, 14, 9, 3, 11, 17, 22, 0, 18, 13, 6, 15],
[29, 10, 21, 5, 6, 16, 7, 20, 23, 3, 1, 9, 14, 24, 4],
[0, 17, 11, 3, 1, 23, 9, 14, 7, 27, 10, 15, 6, 13],
[29, 27, 16, 7, 4, 20, 14, 24, 23],
[8, 12, 17, 11, 14, 24, 4, 7, 28, 0, 18, 13, 6, 21, 5],
[3, 1, 24, 7, 10, 15, 6, 13, 0, 12, 8],
[12, 18, 13, 6, 2, 29, 15, 5, 21, 10, 27, 16, 28, 25, 11],
[20, 24, 1, 3, 23, 14, 11, 17, 22, 18, 0, 26],
[5, 6, 13, 0, 26, 8, 12, 19, 22, 25, 7, 27, 29, 15, 2],
[23, 14, 7, 25, 0, 18, 19, 17, 28, 16, 15, 21, 6, 10, 27]]

\
Best Operator Route set string:
\
13-6-10*18-0*22-17-11-14-23-1-3*4-24*18-22-25-28*2-29*12-8*5-21-15-10-2-27-7-20-14-24*0-26*16-27*9-1*17-19-12*

\
Best Passenger Route set sting:
\
17-12-8-19-22-0-28-16-2-27-10*9-23-3-1-4-24-20-7-25-0-18-22-17-19-8*29-2-7-24-14-9-3-11-17-22-0-18-13-6-15*29-10-21-5-6-16-7-20-23-3-1-9-14-24-4*0-17-11-3-1-23-9-14-7-27-10-15-6-13*29-27-16-7-4-20-14-24-23*8-12-17-11-14-24-4-7-28-0-18-13-6-21-5*3-1-24-7-10-15-6-13-0-12-8*12-18-13-6-2-29-15-5-21-10-27-16-28-25-11*20-24-1-3-23-14-11-17-22-18-0-26*5-6-13-0-26-8-12-19-22-25-7-27-29-15-2*23-14-7-25-0-18-19-17-28-16-15-21-6-10-27*