5_3_Mumford1_GA_Mut_threshold RESULTS EVALUATION:
\
HV:0.7660 | BM:0.7758

\
	Operator	Passenger
\
f1_ATT	29.7347		23.0619
\
f2_TRT	493		1757
\
d_0	21.8838		50.5267
\
d_1	51.4695		47.8130
\
d_2	24.9204		1.6603
\
d_un	1.7262		0.0000

\
Best Operator Route set:
\
[[46, 40, 7, 4, 12, 41, 45, 22, 13, 50, 2, 14],
[68, 9, 11, 31, 1, 26, 8, 51, 41, 45],
[41, 34, 35, 51, 8, 26, 1, 9, 68, 59],
[10, 55, 52, 64, 51, 35, 41, 25, 27, 67],
[1, 16, 10, 28, 8, 56, 6, 47, 53, 40],
[50, 43, 20, 10, 16, 26, 30, 24, 21, 63],
[2, 0, 23, 69, 3, 66, 19, 38, 22, 33],
[39, 18, 54, 19, 38, 22, 33, 43, 61, 60],
[65, 37, 5, 18, 54, 36, 45, 58, 64, 52],
[39, 32, 18, 54, 36, 45, 34, 57, 35, 51],
[26, 16, 10, 55, 20, 33, 22, 19, 66, 48],
[64, 58, 45, 36, 38, 19, 66, 3, 69, 29],
[32, 39, 18, 54, 36, 45, 34, 57, 35, 51],
[44, 60, 17, 10, 16, 26, 49, 15, 42, 62],
[52, 64, 58, 45, 36, 38, 19, 66, 3, 69]]

\
Best Passenger Route set:
\
[[64, 58, 41, 12, 25, 27, 67, 65, 5, 54, 36, 45, 34, 35, 51, 8, 26, 49, 15, 42, 62, 21, 6, 56, 28, 10, 20, 43],
[59, 1, 49, 26, 8, 28, 56, 51, 35, 34, 45, 36, 54, 32, 65, 5, 18, 37, 67, 27, 12, 25],
[41, 34, 57, 25, 27, 12, 4, 53, 46, 40, 7, 47, 6, 63, 21, 24, 30, 26, 1, 59, 17, 43, 50, 23, 0, 2, 14, 61, 44, 60],
[54, 18, 39, 48, 69, 19, 36, 41, 25, 4, 40, 46, 7, 53, 47, 6, 63, 30, 26, 16, 10, 55, 52, 64, 51, 58, 33, 13, 43, 17],
[4, 12, 25, 34, 58, 33, 50, 0, 2, 14, 61, 17, 20, 13, 22, 38, 66, 3, 69, 23, 29, 19, 65, 39, 32, 18, 54, 5, 67, 37],
[31, 11, 68, 9, 59, 10, 55, 52, 64, 51, 35, 41, 27, 67, 37, 18, 54, 66, 3, 0, 23, 69, 29, 19, 36, 22, 45, 34, 58, 33],
[48, 3, 23, 50, 43, 17, 59, 9, 68, 11, 31, 1, 26, 8, 51, 41, 36, 54, 18, 37, 67, 27, 25, 34, 35, 64, 52, 55, 10, 16],
[27, 67, 37, 65, 5, 32, 39, 18, 54, 36, 45, 41, 51, 8, 26, 62, 42, 15, 11, 49, 9, 31, 1, 59, 17, 55, 10, 52, 64],
[46, 40, 7, 4, 25, 57, 51, 64, 52, 20, 17, 60, 44, 14, 61, 43, 13, 33, 58, 35],
[32, 54, 38, 19, 66, 29, 23, 50, 2, 14, 44, 61, 17, 10, 28, 8, 56, 6, 47, 53, 4, 25, 12, 41, 45, 22, 13, 43],
[66, 48, 29, 69, 0, 23, 3, 38, 54, 5, 37, 32, 39, 18, 19, 22, 33, 20, 55, 16, 26, 49, 62, 15, 30, 21, 63, 24, 42],
[36, 45, 58, 64, 35, 34, 51, 57, 41, 12, 27, 67, 37, 5, 54, 19, 22, 33, 20, 17, 59, 9, 68, 1, 16, 10, 28, 8, 52, 55],
[43, 61, 44, 17, 60, 14, 2, 0, 3, 66, 38, 36, 45, 34, 51, 8, 26, 49, 15, 62, 24, 63, 21, 6, 35, 64, 58, 57],
[61, 43, 17, 9, 68, 11, 15, 62, 30, 21, 24, 63, 6, 35, 34, 45, 36, 38, 66, 3, 69, 23, 50, 13, 22, 33, 20, 55, 8, 56],
[51, 34, 57, 58, 33, 22, 38, 66, 29, 19, 69, 0, 50, 43, 20, 10, 8, 56, 6, 47, 7, 46, 40, 12, 27, 41, 36]]

\
Best Operator Route set string:
\
46-40-7-4-12-41-45-22-13-50-2-14*68-9-11-31-1-26-8-51-41-45*41-34-35-51-8-26-1-9-68-59*10-55-52-64-51-35-41-25-27-67*1-16-10-28-8-56-6-47-53-40*50-43-20-10-16-26-30-24-21-63*2-0-23-69-3-66-19-38-22-33*39-18-54-19-38-22-33-43-61-60*65-37-5-18-54-36-45-58-64-52*39-32-18-54-36-45-34-57-35-51*26-16-10-55-20-33-22-19-66-48*64-58-45-36-38-19-66-3-69-29*32-39-18-54-36-45-34-57-35-51*44-60-17-10-16-26-49-15-42-62*52-64-58-45-36-38-19-66-3-69*

\
Best Passenger Route set sting:
\
64-58-41-12-25-27-67-65-5-54-36-45-34-35-51-8-26-49-15-42-62-21-6-56-28-10-20-43*59-1-49-26-8-28-56-51-35-34-45-36-54-32-65-5-18-37-67-27-12-25*41-34-57-25-27-12-4-53-46-40-7-47-6-63-21-24-30-26-1-59-17-43-50-23-0-2-14-61-44-60*54-18-39-48-69-19-36-41-25-4-40-46-7-53-47-6-63-30-26-16-10-55-52-64-51-58-33-13-43-17*4-12-25-34-58-33-50-0-2-14-61-17-20-13-22-38-66-3-69-23-29-19-65-39-32-18-54-5-67-37*31-11-68-9-59-10-55-52-64-51-35-41-27-67-37-18-54-66-3-0-23-69-29-19-36-22-45-34-58-33*48-3-23-50-43-17-59-9-68-11-31-1-26-8-51-41-36-54-18-37-67-27-25-34-35-64-52-55-10-16*27-67-37-65-5-32-39-18-54-36-45-41-51-8-26-62-42-15-11-49-9-31-1-59-17-55-10-52-64*46-40-7-4-25-57-51-64-52-20-17-60-44-14-61-43-13-33-58-35*32-54-38-19-66-29-23-50-2-14-44-61-17-10-28-8-56-6-47-53-4-25-12-41-45-22-13-43*66-48-29-69-0-23-3-38-54-5-37-32-39-18-19-22-33-20-55-16-26-49-62-15-30-21-63-24-42*36-45-58-64-35-34-51-57-41-12-27-67-37-5-54-19-22-33-20-17-59-9-68-1-16-10-28-8-52-55*43-61-44-17-60-14-2-0-3-66-38-36-45-34-51-8-26-49-15-62-24-63-21-6-35-64-58-57*61-43-17-9-68-11-15-62-30-21-24-63-6-35-34-45-36-38-66-3-69-23-50-13-22-33-20-55-8-56*51-34-57-58-33-22-38-66-29-19-69-0-50-43-20-10-8-56-6-47-7-46-40-12-27-41-36*