23_3_Mumford1_SA_Mutations RESULTS EVALUATION:
\
HV:0.7605 | BM:0.7758

\
	Operator	Passenger
\
f1_ATT	29.6263		22.5921
\
f2_TRT	534		1344
\
d_0	23.8271		50.3746
\
d_1	53.5659		49.0523
\
d_2	20.2973		0.5732
\
d_un	2.3098		0.0000

\
Best Operator Route set:
\
[[27, 41, 34, 58, 64, 52, 20, 17, 61, 60],
[46, 40, 53, 47, 6, 56, 28, 8, 10, 59],
[32, 39, 18, 54, 36, 45, 58, 51, 35, 6],
[23, 2, 0, 69, 3, 66, 19, 38, 22, 33],
[29, 48, 66, 19, 36, 45, 34, 35, 51, 8, 26, 62],
[4, 25, 12, 41, 45, 22, 13, 50, 2, 14],
[7, 4, 12, 25, 41, 34, 57, 35, 6, 47],
[50, 43, 20, 55, 10, 16, 26, 30, 24, 21],
[63, 21, 24, 30, 26, 16, 10, 17, 61, 60, 44],
[5, 18, 54, 36, 45, 58, 64, 52, 10, 16],
[68, 9, 11, 31, 1, 26, 8, 51, 41, 45],
[49, 26, 16, 10, 55, 20, 33, 22, 19, 66],
[37, 65, 5, 54, 19, 22, 33, 43, 61, 60],
[22, 33, 20, 55, 10, 16, 26, 49, 15, 42],
[12, 25, 27, 41, 36, 54, 18, 5, 37, 67]]

\
Best Passenger Route set:
\
[[63, 21, 24, 30, 26, 16, 10, 20, 43, 50, 23, 69, 3, 48],
[18, 54, 66, 3, 0, 50, 13, 22, 45, 41, 12, 4, 53, 47, 6, 56, 28, 10, 17, 44, 61, 43, 33],
[10, 28, 56, 51, 35, 58, 33, 13, 20, 52, 55, 16, 26, 49, 15, 11, 9, 59, 1],
[31, 9, 68, 59, 10, 8, 56, 6, 47, 7, 40, 4, 25, 57, 51, 64, 52, 55, 17, 61, 14, 2, 50, 33, 58, 41, 27, 67, 5],
[19, 3, 69, 66, 18, 32, 54, 36, 45, 58, 64, 52, 55, 10, 59, 68, 9, 16, 26, 8, 51, 35, 34, 25],
[21, 30, 42, 15, 49, 26, 8, 51, 34, 45, 36, 54, 18, 39, 32, 65, 19, 29, 69, 0, 50],
[66, 48, 39, 32, 5, 37, 65, 18, 38, 22, 33, 20, 10, 16, 1, 49, 15, 42, 24, 63, 6, 35, 57, 34, 45],
[38, 69, 48, 66, 19, 36, 41, 35, 6, 63, 24, 62, 30],
[30, 21, 6, 35, 41, 36, 54, 32, 39, 48, 29, 23, 50, 17, 59, 1, 49, 62],
[65, 54, 66, 38, 22, 33, 20, 17, 59, 11, 31, 1, 26, 8, 51, 41, 27, 67, 37, 5, 18, 69, 3, 29, 19, 36, 45],
[62, 42, 49, 11, 68, 9, 17, 43, 13, 22, 19, 54, 18, 5, 67, 27, 25, 12, 4, 53, 47, 6, 56, 28, 8, 26, 1],
[7, 40, 46, 53, 47, 6, 56, 8, 55, 20, 43, 50, 0, 69, 38, 36, 41, 34],
[40, 7, 4, 25, 41, 36, 38, 3, 23, 2, 14, 44, 60, 17, 10, 16, 26, 30, 63],
[18, 5, 65, 37, 67, 27, 25, 4, 7, 46, 40, 12, 41, 34, 35, 64, 52, 20, 17, 44, 60, 61, 43, 33, 22, 45, 36, 54, 19, 3],
[15, 42, 62, 26, 8, 52, 64, 58, 33, 22, 45, 34, 35]]

\
Best Operator Route set string:
\
27-41-34-58-64-52-20-17-61-60*46-40-53-47-6-56-28-8-10-59*32-39-18-54-36-45-58-51-35-6*23-2-0-69-3-66-19-38-22-33*29-48-66-19-36-45-34-35-51-8-26-62*4-25-12-41-45-22-13-50-2-14*7-4-12-25-41-34-57-35-6-47*50-43-20-55-10-16-26-30-24-21*63-21-24-30-26-16-10-17-61-60-44*5-18-54-36-45-58-64-52-10-16*68-9-11-31-1-26-8-51-41-45*49-26-16-10-55-20-33-22-19-66*37-65-5-54-19-22-33-43-61-60*22-33-20-55-10-16-26-49-15-42*12-25-27-41-36-54-18-5-37-67*

\
Best Passenger Route set sting:
\
63-21-24-30-26-16-10-20-43-50-23-69-3-48*18-54-66-3-0-50-13-22-45-41-12-4-53-47-6-56-28-10-17-44-61-43-33*10-28-56-51-35-58-33-13-20-52-55-16-26-49-15-11-9-59-1*31-9-68-59-10-8-56-6-47-7-40-4-25-57-51-64-52-55-17-61-14-2-50-33-58-41-27-67-5*19-3-69-66-18-32-54-36-45-58-64-52-55-10-59-68-9-16-26-8-51-35-34-25*21-30-42-15-49-26-8-51-34-45-36-54-18-39-32-65-19-29-69-0-50*66-48-39-32-5-37-65-18-38-22-33-20-10-16-1-49-15-42-24-63-6-35-57-34-45*38-69-48-66-19-36-41-35-6-63-24-62-30*30-21-6-35-41-36-54-32-39-48-29-23-50-17-59-1-49-62*65-54-66-38-22-33-20-17-59-11-31-1-26-8-51-41-27-67-37-5-18-69-3-29-19-36-45*62-42-49-11-68-9-17-43-13-22-19-54-18-5-67-27-25-12-4-53-47-6-56-28-8-26-1*7-40-46-53-47-6-56-8-55-20-43-50-0-69-38-36-41-34*40-7-4-25-41-36-38-3-23-2-14-44-60-17-10-16-26-30-63*18-5-65-37-67-27-25-4-7-46-40-12-41-34-35-64-52-20-17-44-60-61-43-33-22-45-36-54-19-3*15-42-62-26-8-52-64-58-33-22-45-34-35*