33_2_Mumford0__ALL_param RESULTS EVALUATION:
\
HV:0.7995 | BM:0.8087

\
	Operator	Passenger
\
f1_ATT	25.8575		15.6258
\
f2_TRT	96		723
\
d_0	25.3887		65.6593
\
d_1	40.4431		32.8764
\
d_2	25.2338		1.4642
\
d_un	8.9344		0.0000

\
Best Operator Route set:
\
[[29, 2],
[25, 28],
[9, 1, 3, 23, 14, 20, 7, 25, 22, 0, 13, 6, 21],
[8, 19],
[10, 2, 27, 16, 7],
[15, 10],
[11, 17, 22, 19, 12],
[24, 14],
[24, 4],
[0, 26],
[5, 21],
[18, 0]]

\
Best Passenger Route set:
\
[[29, 2, 27, 7, 25, 0, 18, 19, 17, 28, 16, 6, 10],
[29, 2, 21, 5, 15, 16, 7, 14, 9, 3, 11, 25, 22, 0, 13],
[6, 10, 15, 2, 29, 27, 16, 28, 0, 25, 7, 4, 14, 3, 9],
[29, 10, 2, 6, 21, 15, 27, 16, 28, 17, 22, 25, 7],
[8, 12, 18, 22, 17, 11, 14, 23, 1, 24, 4, 7, 28, 16, 6],
[2, 27, 29, 15, 10, 7, 20, 23, 1, 3, 14, 11, 17, 19, 18],
[2, 21, 10, 6, 15, 27, 7, 28, 0, 12, 19, 17, 11, 14, 20],
[26, 8, 12, 0, 13, 6, 15, 27, 2, 21, 10, 16, 28, 25],
[25, 22, 19, 12, 17, 11, 3, 23, 24, 7, 2, 15, 5, 6],
[19, 8, 26, 0, 18, 17, 11, 3, 23, 20, 7, 16, 6, 21],
[26, 8, 12, 19, 18, 13, 6, 15, 10, 29, 27, 7, 25, 11, 17],
[11, 3, 9, 23, 14, 7, 28, 17, 12, 8, 19, 22, 18, 13, 0]]

\
Best Operator Route set string:
\
29-2*25-28*9-1-3-23-14-20-7-25-22-0-13-6-21*8-19*10-2-27-16-7*15-10*11-17-22-19-12*24-14*24-4*0-26*5-21*18-0*

\
Best Passenger Route set sting:
\
29-2-27-7-25-0-18-19-17-28-16-6-10*29-2-21-5-15-16-7-14-9-3-11-25-22-0-13*6-10-15-2-29-27-16-28-0-25-7-4-14-3-9*29-10-2-6-21-15-27-16-28-17-22-25-7*8-12-18-22-17-11-14-23-1-24-4-7-28-16-6*2-27-29-15-10-7-20-23-1-3-14-11-17-19-18*2-21-10-6-15-27-7-28-0-12-19-17-11-14-20*26-8-12-0-13-6-15-27-2-21-10-16-28-25*25-22-19-12-17-11-3-23-24-7-2-15-5-6*19-8-26-0-18-17-11-3-23-20-7-16-6-21*26-8-12-19-18-13-6-15-10-29-27-7-25-11-17*11-3-9-23-14-7-28-17-12-8-19-22-18-13-0*