23_2_Mumford0_SA_Mutations RESULTS EVALUATION:
\
HV:0.7930 | BM:0.8087

\
	Operator	Passenger
\
f1_ATT	34.8767		15.6323
\
f2_TRT	98		449
\
d_0	14.7767		65.3349
\
d_1	28.6942		34.6651
\
d_2	27.4112		0.0000
\
d_un	29.1180		0.0000

\
Best Operator Route set:
\
[[6, 15, 10],
[13, 18, 0, 22, 17],
[17, 12, 8],
[4, 24],
[22, 25, 28],
[2, 27, 7, 20, 24, 1],
[1, 9, 23, 14, 11, 17],
[5, 21, 10, 2, 29],
[0, 26],
[16, 27],
[3, 1],
[12, 19]]

\
Best Passenger Route set:
\
[[26, 8, 19, 22, 0, 28, 16, 10, 15, 27, 7, 25, 11],
[2, 29, 27, 16, 28, 17, 22, 18, 0, 26, 8],
[9, 23, 14, 20, 7, 16, 6, 5, 21, 10, 27],
[18, 19, 8, 12, 17, 11, 3, 1, 9, 23, 20, 7, 10, 29],
[14, 1, 3, 24, 7, 2, 29, 10, 6],
[2, 15, 6, 13, 18, 0, 25, 7, 4, 24, 14],
[9, 14, 11, 17, 22, 0, 13, 6, 21, 5, 15],
[29, 15, 21, 2, 16, 28, 17, 22, 25],
[4, 1],
[3, 1, 23, 20, 7, 28, 25, 22, 19, 12, 8, 26],
[11, 3, 4, 23, 24],
[23, 14, 11, 17, 19, 12, 0, 25, 7]]

\
Best Operator Route set string:
\
6-15-10*13-18-0-22-17*17-12-8*4-24*22-25-28*2-27-7-20-24-1*1-9-23-14-11-17*5-21-10-2-29*0-26*16-27*3-1*12-19*

\
Best Passenger Route set sting:
\
26-8-19-22-0-28-16-10-15-27-7-25-11*2-29-27-16-28-17-22-18-0-26-8*9-23-14-20-7-16-6-5-21-10-27*18-19-8-12-17-11-3-1-9-23-20-7-10-29*14-1-3-24-7-2-29-10-6*2-15-6-13-18-0-25-7-4-24-14*9-14-11-17-22-0-13-6-21-5-15*29-15-21-2-16-28-17-22-25*4-1*3-1-23-20-7-28-25-22-19-12-8-26*11-3-4-23-24*23-14-11-17-19-12-0-25-7*