23_2_Mumford0_SA_Mutations RESULTS EVALUATION:
\
HV:0.7861 | BM:0.8087

\
	Operator	Passenger
\
f1_ATT	31.5468		15.8101
\
f2_TRT	98		469
\
d_0	16.3257		67.8396
\
d_1	22.6824		31.9850
\
d_2	23.0448		0.1754
\
d_un	37.9472		0.0000

\
Best Operator Route set:
\
[[19, 12, 8, 26],
[19, 17],
[24, 20],
[4, 24],
[7, 28, 0, 18, 22, 17],
[6, 5, 21, 10, 27],
[9, 3, 1, 24],
[11, 14, 20, 7, 16, 27, 2, 29],
[9, 23],
[13, 18],
[25, 28],
[15, 10]]

\
Best Passenger Route set:
\
[[11, 25, 7, 27, 10, 15, 5, 21],
[26, 0, 18, 19],
[15, 5, 6, 13, 18, 19, 12, 8, 26, 0, 22, 17, 11, 14, 9],
[20, 14, 9, 1, 3, 4, 24, 7, 27, 29, 2],
[23, 3, 1, 24, 4, 7, 16, 10, 15, 6, 13, 18, 0, 12, 22],
[29, 2, 27, 16, 28, 0, 18, 12, 19, 22, 17, 11, 3, 9, 1],
[1, 9, 23, 14, 11, 25, 28, 16, 6, 5, 21, 2, 29, 10],
[2, 29, 15, 10, 6, 13, 18, 0, 17],
[12, 19, 17, 28, 7, 25, 22, 0, 18],
[1, 3, 9, 14, 7, 2, 10, 21, 6, 13, 0, 22, 17, 12, 8],
[28, 25, 22, 17, 19, 8],
[4, 24, 14, 11, 17, 22, 18, 0, 28, 7, 20, 23, 1, 3, 9]]

\
Best Operator Route set string:
\
19-12-8-26*19-17*24-20*4-24*7-28-0-18-22-17*6-5-21-10-27*9-3-1-24*11-14-20-7-16-27-2-29*9-23*13-18*25-28*15-10*

\
Best Passenger Route set sting:
\
11-25-7-27-10-15-5-21*26-0-18-19*15-5-6-13-18-19-12-8-26-0-22-17-11-14-9*20-14-9-1-3-4-24-7-27-29-2*23-3-1-24-4-7-16-10-15-6-13-18-0-12-22*29-2-27-16-28-0-18-12-19-22-17-11-3-9-1*1-9-23-14-11-25-28-16-6-5-21-2-29-10*2-29-15-10-6-13-18-0-17*12-19-17-28-7-25-22-0-18*1-3-9-14-7-2-10-21-6-13-0-22-17-12-8*28-25-22-17-19-8*4-24-14-11-17-22-18-0-28-7-20-23-1-3-9*