3_2_Mumford0_GA_Mutations RESULTS EVALUATION:
\
HV:0.7676 | BM:0.8087

\
	Operator	Passenger
\
f1_ATT	31.7654		16.1460
\
f2_TRT	105		421
\
d_0	26.3181		56.9763
\
d_1	28.8082		41.8956
\
d_2	10.8575		1.1281
\
d_un	34.0162		0.0000

\
Best Operator Route set:
\
[[13, 6, 5, 21],
[12, 19, 22],
[2, 29],
[3, 1, 9, 23, 14, 20, 7, 27, 16, 28, 25],
[5, 21],
[4, 24, 14, 11, 17, 22, 18, 0, 12, 8, 26],
[15, 21],
[2, 10],
[10, 15],
[2, 29],
[10, 27],
[10, 15]]

\
Best Passenger Route set:
\
[[7, 10, 21, 15, 16, 28, 25, 11, 3, 9, 14, 4, 20],
[26, 8, 12, 17, 28, 16, 27, 2],
[11, 17, 22, 0, 13, 6, 21],
[3, 1, 23, 20, 7, 2, 16],
[13, 6, 16, 10, 29, 27, 7, 25, 0, 18, 22, 17],
[24, 3, 4, 7, 28, 25, 22, 18, 0, 26],
[4, 23, 20, 24, 14, 11, 17, 19, 0, 22, 12, 8],
[5, 21, 10, 15, 6, 13, 18, 19, 17],
[9, 1, 3, 11, 17, 22, 0, 26],
[4, 24, 1, 9, 14, 11, 17, 22, 18, 12, 8],
[4, 20, 24, 7, 25, 22, 19, 12, 8],
[9, 23, 14, 7, 16, 6, 5, 21]]

\
Best Operator Route set string:
\
13-6-5-21*12-19-22*2-29*3-1-9-23-14-20-7-27-16-28-25*5-21*4-24-14-11-17-22-18-0-12-8-26*15-21*2-10*10-15*2-29*10-27*10-15*

\
Best Passenger Route set sting:
\
7-10-21-15-16-28-25-11-3-9-14-4-20*26-8-12-17-28-16-27-2*11-17-22-0-13-6-21*3-1-23-20-7-2-16*13-6-16-10-29-27-7-25-0-18-22-17*24-3-4-7-28-25-22-18-0-26*4-23-20-24-14-11-17-19-0-22-12-8*5-21-10-15-6-13-18-19-17*9-1-3-11-17-22-0-26*4-24-1-9-14-11-17-22-18-12-8*4-20-24-7-25-22-19-12-8*9-23-14-7-16-6-5-21*