3_2_Mumford0_GA_Mutations RESULTS EVALUATION:
\
HV:0.8002 | BM:0.8087

\
	Operator	Passenger
\
f1_ATT	26.5888		15.6055
\
f2_TRT	106		413
\
d_0	30.9212		70.2771
\
d_1	38.7743		29.7229
\
d_2	22.7291		0.0000
\
d_un	7.5754		0.0000

\
Best Operator Route set:
\
[[4, 24],
[5, 21],
[4, 24],
[4, 24],
[29, 2, 27, 10, 15, 21],
[4, 24],
[28, 25, 0, 18, 22],
[4, 24],
[3, 1, 9, 23, 14, 20, 7, 27, 16, 28, 17, 19, 12, 8, 26],
[13, 6, 21],
[14, 11],
[20, 24]]

\
Best Passenger Route set:
\
[[1, 9, 3, 23, 14, 7, 16, 6, 5, 21],
[3, 9, 23, 14, 7, 27, 10, 21],
[29, 10, 21, 5, 6, 13, 0, 22, 17, 11, 3, 1, 9],
[1, 23, 14, 24, 4, 7, 27, 29, 2],
[7, 10, 21],
[9, 1, 3, 11, 25, 28, 16, 10, 15, 21, 6, 13, 0, 22, 19],
[1, 3, 23, 20, 7, 27, 29, 2],
[8, 12, 19, 17, 28, 7, 20, 24],
[21, 15, 10, 2, 29, 27, 16, 28, 17, 22, 18, 0, 26],
[20, 4, 24, 14, 11, 17, 22, 18, 13, 6, 10, 15, 27, 16, 7],
[4, 24, 20, 7, 25, 0, 18, 22, 17, 11, 14, 23],
[2, 29, 27, 16, 28, 25, 0, 12, 8]]

\
Best Operator Route set string:
\
4-24*5-21*4-24*4-24*29-2-27-10-15-21*4-24*28-25-0-18-22*4-24*3-1-9-23-14-20-7-27-16-28-17-19-12-8-26*13-6-21*14-11*20-24*

\
Best Passenger Route set sting:
\
1-9-3-23-14-7-16-6-5-21*3-9-23-14-7-27-10-21*29-10-21-5-6-13-0-22-17-11-3-1-9*1-23-14-24-4-7-27-29-2*7-10-21*9-1-3-11-25-28-16-10-15-21-6-13-0-22-19*1-3-23-20-7-27-29-2*8-12-19-17-28-7-20-24*21-15-10-2-29-27-16-28-17-22-18-0-26*20-4-24-14-11-17-22-18-13-6-10-15-27-16-7*4-24-20-7-25-0-18-22-17-11-14-23*2-29-27-16-28-25-0-12-8*