3_3_Mumford1_GA_Mutations RESULTS EVALUATION:
\
HV:0.7238 | BM:0.7758

\
	Operator	Passenger
\
f1_ATT	32.1179		24.8461
\
f2_TRT	513		738
\
d_0	20.0335		33.3143
\
d_1	44.8813		60.0357
\
d_2	30.5913		6.2835
\
d_un	4.4939		0.3665

\
Best Operator Route set:
\
[[37, 65, 5, 54, 19, 22, 13, 43, 61, 60],
[31, 11, 68, 9, 59, 17, 20, 33, 22, 38],
[52, 64, 58, 45, 36, 38, 19, 66, 3, 69, 29, 48],
[4, 12, 25, 57, 35, 51, 8, 26, 49, 11],
[46, 40, 7, 4, 25, 27, 67, 5, 37, 65],
[6, 56, 8, 26, 49, 15, 62, 24, 21, 63],
[0, 2, 50, 43, 20, 55, 10, 16, 26, 49, 15],
[53, 47, 6, 56, 28, 8, 55, 16, 1, 59],
[14, 44, 61, 17, 55, 10, 16, 26, 30, 24],
[46, 40, 7, 4, 25, 27, 67, 5, 37, 65],
[28, 8, 51, 34, 41, 45, 36, 54, 18, 39, 32],
[23, 50, 43, 20, 55, 16, 26, 49, 15, 42],
[31, 11, 68, 9, 59, 17, 20, 33, 22, 38],
[52, 64, 58, 45, 36, 38, 19, 66, 3, 69, 29],
[6, 56, 8, 26, 49, 15, 62, 24, 21, 63]]

\
Best Passenger Route set:
\
[[65, 54, 66, 38, 22, 33, 20, 17, 59, 9, 68, 11],
[46, 40, 53, 4, 25, 41, 58, 33, 43, 61, 60],
[21, 63, 6, 35, 34, 45, 36, 54, 5, 32, 37],
[0, 3, 66, 19, 36, 41, 57, 35, 6, 63, 24, 62],
[5, 32, 39, 48, 3, 69, 23, 50, 43, 17, 9, 11, 49, 62, 42],
[31, 1, 26, 8, 28, 56, 51, 41, 27, 67, 37],
[14, 2, 50, 13, 22, 45, 41, 12, 40, 7, 46],
[14, 44, 61, 17, 50, 2, 23, 69, 38, 36, 41, 25, 4, 7, 46],
[28, 10, 55, 20, 13, 22, 38, 19, 18, 65, 37, 5],
[7, 40, 46, 53, 47, 6, 56, 8, 10, 17, 61, 14, 60],
[39, 18, 54, 36, 45, 58, 64, 52, 8, 26, 49, 11],
[4, 25, 57, 35, 51, 8, 26, 1, 68, 9, 31],
[29, 69, 23, 50, 43, 20, 10, 16, 26, 30, 24, 62],
[29, 66, 48, 69, 0, 50, 43, 17, 59, 1, 49, 15, 42],
[57, 25, 27, 41, 34, 35, 64, 52, 20, 17, 60, 44, 14]]

\
Best Operator Route set string:
\
37-65-5-54-19-22-13-43-61-60*31-11-68-9-59-17-20-33-22-38*52-64-58-45-36-38-19-66-3-69-29-48*4-12-25-57-35-51-8-26-49-11*46-40-7-4-25-27-67-5-37-65*6-56-8-26-49-15-62-24-21-63*0-2-50-43-20-55-10-16-26-49-15*53-47-6-56-28-8-55-16-1-59*14-44-61-17-55-10-16-26-30-24*46-40-7-4-25-27-67-5-37-65*28-8-51-34-41-45-36-54-18-39-32*23-50-43-20-55-16-26-49-15-42*31-11-68-9-59-17-20-33-22-38*52-64-58-45-36-38-19-66-3-69-29*6-56-8-26-49-15-62-24-21-63*

\
Best Passenger Route set sting:
\
65-54-66-38-22-33-20-17-59-9-68-11*46-40-53-4-25-41-58-33-43-61-60*21-63-6-35-34-45-36-54-5-32-37*0-3-66-19-36-41-57-35-6-63-24-62*5-32-39-48-3-69-23-50-43-17-9-11-49-62-42*31-1-26-8-28-56-51-41-27-67-37*14-2-50-13-22-45-41-12-40-7-46*14-44-61-17-50-2-23-69-38-36-41-25-4-7-46*28-10-55-20-13-22-38-19-18-65-37-5*7-40-46-53-47-6-56-8-10-17-61-14-60*39-18-54-36-45-58-64-52-8-26-49-11*4-25-57-35-51-8-26-1-68-9-31*29-69-23-50-43-20-10-16-26-30-24-62*29-66-48-69-0-50-43-17-59-1-49-15-42*57-25-27-41-34-35-64-52-20-17-60-44-14*