8_2_Mumford0_GA_Crossover_prob RESULTS EVALUATION:
\
HV:0.8311 | BM:0.8087

\
	Operator	Passenger
\
f1_ATT	24.5952		14.8907
\
f2_TRT	96		536
\
d_0	25.0643		77.5544
\
d_1	40.6213		22.4456
\
d_2	25.1023		0.0000
\
d_un	9.2121		0.0000

\
Best Operator Route set:
\
[[26, 0],
[1, 3],
[0, 18],
[22, 17],
[16, 27, 10, 15],
[8, 12, 19, 22],
[5, 21, 6, 13, 0, 22, 25, 7, 20, 14, 23, 3, 9],
[4, 24],
[20, 24],
[11, 25],
[29, 2, 27, 7],
[28, 25]]

\
Best Passenger Route set:
\
[[3, 1, 9, 14, 7, 27, 29, 2, 10, 15, 16, 28, 17, 19, 12],
[23, 14, 11, 17, 22, 18, 13, 6, 15],
[24, 4, 20, 7, 28, 0, 12, 19, 17, 11, 3, 1, 9, 14],
[29, 2, 6, 13, 18, 0, 22, 17, 11, 3, 1, 9, 23],
[23, 1, 4, 7, 27, 10, 21, 5, 6, 13, 0, 12, 19],
[0, 25, 22, 17, 12, 8, 19, 18, 13, 6, 10, 7, 24, 1, 9],
[15, 29, 2, 27, 16, 28, 17, 22, 18, 0, 26],
[4, 24, 23, 20, 14, 9, 3, 11, 25, 28, 7, 10, 21, 6, 16],
[4, 24, 14, 11, 17, 19, 12, 8, 26],
[8, 12, 19, 22, 25, 7, 2, 29],
[9, 3, 23, 14, 7, 16, 6, 5],
[9, 1, 3, 24, 20, 7, 27, 15, 21, 5, 6, 16, 28, 25, 11]]

\
Best Operator Route set string:
\
26-0*1-3*0-18*22-17*16-27-10-15*8-12-19-22*5-21-6-13-0-22-25-7-20-14-23-3-9*4-24*20-24*11-25*29-2-27-7*28-25*

\
Best Passenger Route set sting:
\
3-1-9-14-7-27-29-2-10-15-16-28-17-19-12*23-14-11-17-22-18-13-6-15*24-4-20-7-28-0-12-19-17-11-3-1-9-14*29-2-6-13-18-0-22-17-11-3-1-9-23*23-1-4-7-27-10-21-5-6-13-0-12-19*0-25-22-17-12-8-19-18-13-6-10-7-24-1-9*15-29-2-27-16-28-17-22-18-0-26*4-24-23-20-14-9-3-11-25-28-7-10-21-6-16*4-24-14-11-17-19-12-8-26*8-12-19-22-25-7-2-29*9-3-23-14-7-16-6-5*9-1-3-24-20-7-27-15-21-5-6-16-28-25-11*