33_3_Mumford1__ALL_param RESULTS EVALUATION:
\
HV:0.7582 | BM:0.7758

\
	Operator	Passenger
\
f1_ATT	26.8532		23.2092
\
f2_TRT	525		1275
\
d_0	24.8981		46.4435
\
d_1	56.4047		51.3060
\
d_2	17.5929		2.2506
\
d_un	1.1043		0.0000

\
Best Operator Route set:
\
[[52, 20, 43, 50, 0, 69, 3, 66, 19, 38],
[40, 7, 4, 25, 41, 36, 38, 69, 29, 48],
[48, 39, 18, 19, 22, 33, 58, 51, 8, 28],
[68, 9, 11, 49, 26, 16, 55, 52, 64, 58],
[65, 37, 5, 54, 19, 69, 0, 2, 14, 44],
[41, 34, 35, 51, 56, 28, 10, 16, 1, 49],
[42, 15, 49, 26, 16, 10, 20, 33, 22, 38],
[25, 12, 41, 57, 35, 51, 64, 52, 8, 28],
[46, 40, 7, 53, 47, 6, 63, 30, 26, 16],
[5, 54, 38, 22, 33, 20, 17, 61, 60, 44],
[51, 35, 6, 63, 24, 62, 49, 1, 9, 68],
[37, 65, 5, 67, 27, 41, 51, 8, 26, 1],
[32, 18, 54, 36, 45, 41, 35, 6, 63, 21],
[36, 22, 13, 43, 17, 59, 9, 68, 11, 31],
[6, 56, 8, 55, 20, 43, 50, 23, 69, 29]]

\
Best Passenger Route set:
\
[[65, 32, 54, 36, 45, 34, 51, 56, 28, 8, 26, 49, 9, 59, 11, 15],
[20, 55, 16, 9, 11, 68, 1, 26, 8, 51, 41, 27, 67, 37, 65, 5, 54, 18, 38, 19, 69, 29, 3],
[46, 7, 40, 12, 41, 58, 33, 50, 2, 14, 44, 17, 43, 13, 20],
[46, 40, 47, 53, 4, 12, 41, 34, 51, 64, 52, 55, 10, 59, 9, 68, 11, 31],
[46, 7, 4, 25, 41, 36, 19, 66, 3, 23, 29, 48, 39, 18, 67],
[3, 66, 18, 37, 65, 32, 39, 48, 29, 23, 50, 17, 9, 11, 31, 1, 26, 8, 51, 57, 25, 12, 27, 67, 5, 54, 36, 41, 34, 35],
[9, 31, 11, 15, 62, 24, 63, 6, 35, 41, 36, 38, 69, 29, 48, 3],
[12, 25, 41, 51, 56, 6, 63, 30, 24, 42, 62, 26, 8, 52, 64, 58, 45, 36, 54, 18, 39, 32, 37],
[24, 21, 6, 35, 58, 57, 34, 25, 27, 67, 37, 5, 54, 38, 22, 33, 20, 17, 59, 1, 49, 15, 42, 62],
[14, 60, 44, 61, 43, 33, 22, 38, 54, 66, 48, 39, 32, 65, 5, 18, 69, 23, 50, 17, 10, 16, 26, 30, 24, 21, 63, 6],
[46, 40, 7, 47, 6, 56, 8, 55, 20, 43, 50, 0, 23, 69, 66, 19, 22, 45, 58, 34, 35],
[44, 60, 61, 17, 20, 52, 64, 35, 57, 41, 27, 67, 65, 5, 54, 38, 3, 0, 50, 13, 22, 33],
[67, 37, 65, 5, 54, 36, 22, 13, 43, 61, 60, 44, 14, 2, 23, 3, 29, 48, 39],
[53, 7, 40, 12, 25, 34, 35, 51, 57, 41, 45, 22, 13, 50, 2, 0, 69, 48, 39, 65, 67],
[46, 40, 53, 47, 6, 56, 28, 10, 20, 17, 9, 68, 11, 49, 62, 24, 30]]

\
Best Operator Route set string:
\
52-20-43-50-0-69-3-66-19-38*40-7-4-25-41-36-38-69-29-48*48-39-18-19-22-33-58-51-8-28*68-9-11-49-26-16-55-52-64-58*65-37-5-54-19-69-0-2-14-44*41-34-35-51-56-28-10-16-1-49*42-15-49-26-16-10-20-33-22-38*25-12-41-57-35-51-64-52-8-28*46-40-7-53-47-6-63-30-26-16*5-54-38-22-33-20-17-61-60-44*51-35-6-63-24-62-49-1-9-68*37-65-5-67-27-41-51-8-26-1*32-18-54-36-45-41-35-6-63-21*36-22-13-43-17-59-9-68-11-31*6-56-8-55-20-43-50-23-69-29*

\
Best Passenger Route set sting:
\
65-32-54-36-45-34-51-56-28-8-26-49-9-59-11-15*20-55-16-9-11-68-1-26-8-51-41-27-67-37-65-5-54-18-38-19-69-29-3*46-7-40-12-41-58-33-50-2-14-44-17-43-13-20*46-40-47-53-4-12-41-34-51-64-52-55-10-59-9-68-11-31*46-7-4-25-41-36-19-66-3-23-29-48-39-18-67*3-66-18-37-65-32-39-48-29-23-50-17-9-11-31-1-26-8-51-57-25-12-27-67-5-54-36-41-34-35*9-31-11-15-62-24-63-6-35-41-36-38-69-29-48-3*12-25-41-51-56-6-63-30-24-42-62-26-8-52-64-58-45-36-54-18-39-32-37*24-21-6-35-58-57-34-25-27-67-37-5-54-38-22-33-20-17-59-1-49-15-42-62*14-60-44-61-43-33-22-38-54-66-48-39-32-65-5-18-69-23-50-17-10-16-26-30-24-21-63-6*46-40-7-47-6-56-8-55-20-43-50-0-23-69-66-19-22-45-58-34-35*44-60-61-17-20-52-64-35-57-41-27-67-65-5-54-38-3-0-50-13-22-33*67-37-65-5-54-36-22-13-43-61-60-44-14-2-23-3-29-48-39*53-7-40-12-25-34-35-51-57-41-45-22-13-50-2-0-69-48-39-65-67*46-40-53-47-6-56-28-10-20-17-9-68-11-49-62-24-30*