8_3_Mumford1_GA_Crossover_prob RESULTS EVALUATION:
\
HV:0.7645 | BM:0.7758

\
	Operator	Passenger
\
f1_ATT	31.8254		23.0577
\
f2_TRT	498		1731
\
d_0	20.7671		51.1772
\
d_1	49.2651		46.9720
\
d_2	25.5164		1.8508
\
d_un	4.4513		0.0000

\
Best Operator Route set:
\
[[6, 56, 28, 8, 26, 16, 1, 11, 9, 68],
[40, 7, 4, 12, 25, 41, 34, 51, 8, 26],
[29, 48, 66, 19, 38, 36, 45, 34, 57, 35],
[50, 43, 20, 55, 10, 16, 26, 30, 24, 21],
[42, 15, 49, 26, 16, 10, 17, 61, 60, 44, 14],
[21, 24, 30, 63, 6, 47, 53, 7, 40, 46],
[32, 39, 18, 54, 36, 45, 58, 51, 35, 6],
[13, 33, 22, 19, 66, 69, 0, 2, 50, 43],
[45, 58, 64, 52, 8, 26, 49, 15, 42, 62],
[46, 40, 7, 4, 25, 27, 67, 5, 37, 65],
[50, 43, 20, 55, 10, 16, 26, 30, 24, 21],
[45, 58, 64, 52, 8, 26, 49, 15, 42, 62],
[46, 40, 7, 4, 25, 27, 67, 5, 37, 65],
[37, 5, 54, 36, 45, 58, 64, 52, 10, 16],
[29, 3, 69, 23, 50, 43, 17, 59, 9, 31]]

\
Best Passenger Route set:
\
[[24, 62, 15, 11, 59, 9, 1, 26, 16, 55, 17, 60, 44, 61, 43, 33, 58, 41, 12, 4, 7, 40, 46, 53, 47, 6, 56, 28, 8, 51],
[51, 34, 57, 58, 33, 22, 38, 19, 29, 3, 66, 69, 0, 50, 43, 20, 55, 10, 8, 56, 6, 47, 7, 46, 40, 12, 27, 25, 41, 36],
[10, 17, 20, 43, 13, 22, 38, 19, 66, 48, 39, 18, 54, 36, 45, 58, 51, 8, 26, 62, 42, 15, 49, 1, 31, 11, 68, 59],
[59, 10, 52, 8, 28, 56, 51, 35, 6, 47, 53, 7, 46, 40, 4, 12, 41, 45, 22, 13, 50, 2, 14, 44, 17, 43, 33, 58, 34, 57],
[28, 56, 8, 26, 30, 21, 24, 63, 6, 35, 34, 45, 36, 38, 19, 66, 29, 48, 69, 23, 50, 17, 43, 13, 33, 58, 51, 41, 27, 67],
[58, 34, 45, 41, 57, 35, 6, 63, 21, 30, 42, 15, 11, 9, 68, 59, 17, 50, 23, 69, 3, 48, 39, 32, 18, 38, 22, 19, 66, 29],
[31, 9, 17, 61, 60, 44, 14, 2, 0, 3, 69, 23, 50, 43, 20, 10, 16, 26, 49, 15, 30, 63, 6, 56, 51, 64, 52, 55, 8, 28],
[65, 5, 18, 38, 36, 22, 13, 43, 61, 14, 44, 60, 17, 20, 52, 64, 51, 57, 25, 4, 7, 40, 46],
[2, 0, 69, 19, 36, 41, 25, 4, 40, 46, 53, 47, 6, 63, 30, 26, 16, 10, 55, 52, 64, 58, 33, 13, 43, 17, 20],
[53, 4, 25, 57, 35, 64, 58, 51, 34, 41, 27, 67, 37, 5, 54, 19, 22, 33, 20, 17, 59, 10, 28, 8, 52, 55, 16, 9, 49],
[23, 3, 48, 39, 65, 37, 32, 54, 36, 45, 34, 35, 51, 8, 26, 49, 11],
[43, 20, 10, 28, 56, 51, 8, 26, 1, 59, 17, 61, 60, 44, 14, 2, 0, 23, 69, 38, 36, 45, 41, 12, 4, 53, 7, 40],
[12, 41, 35, 58, 33, 50, 13, 20, 55, 16, 10, 59, 68, 9, 11, 1, 26, 8, 56, 6, 47, 7, 40, 46],
[68, 9, 16, 1, 31, 11, 15, 30, 63, 21, 62, 24, 42, 49, 26, 8, 52, 64, 58, 45, 36, 54, 18, 65, 37, 5, 67, 27, 25, 4],
[47, 53, 46, 40, 7, 4, 12, 41, 34, 51, 56, 8, 26, 1, 9, 68, 59, 10, 55, 20, 17, 43, 50, 2, 0, 3, 66, 19, 65, 32]]

\
Best Operator Route set string:
\
6-56-28-8-26-16-1-11-9-68*40-7-4-12-25-41-34-51-8-26*29-48-66-19-38-36-45-34-57-35*50-43-20-55-10-16-26-30-24-21*42-15-49-26-16-10-17-61-60-44-14*21-24-30-63-6-47-53-7-40-46*32-39-18-54-36-45-58-51-35-6*13-33-22-19-66-69-0-2-50-43*45-58-64-52-8-26-49-15-42-62*46-40-7-4-25-27-67-5-37-65*50-43-20-55-10-16-26-30-24-21*45-58-64-52-8-26-49-15-42-62*46-40-7-4-25-27-67-5-37-65*37-5-54-36-45-58-64-52-10-16*29-3-69-23-50-43-17-59-9-31*

\
Best Passenger Route set sting:
\
24-62-15-11-59-9-1-26-16-55-17-60-44-61-43-33-58-41-12-4-7-40-46-53-47-6-56-28-8-51*51-34-57-58-33-22-38-19-29-3-66-69-0-50-43-20-55-10-8-56-6-47-7-46-40-12-27-25-41-36*10-17-20-43-13-22-38-19-66-48-39-18-54-36-45-58-51-8-26-62-42-15-49-1-31-11-68-59*59-10-52-8-28-56-51-35-6-47-53-7-46-40-4-12-41-45-22-13-50-2-14-44-17-43-33-58-34-57*28-56-8-26-30-21-24-63-6-35-34-45-36-38-19-66-29-48-69-23-50-17-43-13-33-58-51-41-27-67*58-34-45-41-57-35-6-63-21-30-42-15-11-9-68-59-17-50-23-69-3-48-39-32-18-38-22-19-66-29*31-9-17-61-60-44-14-2-0-3-69-23-50-43-20-10-16-26-49-15-30-63-6-56-51-64-52-55-8-28*65-5-18-38-36-22-13-43-61-14-44-60-17-20-52-64-51-57-25-4-7-40-46*2-0-69-19-36-41-25-4-40-46-53-47-6-63-30-26-16-10-55-52-64-58-33-13-43-17-20*53-4-25-57-35-64-58-51-34-41-27-67-37-5-54-19-22-33-20-17-59-10-28-8-52-55-16-9-49*23-3-48-39-65-37-32-54-36-45-34-35-51-8-26-49-11*43-20-10-28-56-51-8-26-1-59-17-61-60-44-14-2-0-23-69-38-36-45-41-12-4-53-7-40*12-41-35-58-33-50-13-20-55-16-10-59-68-9-11-1-26-8-56-6-47-7-40-46*68-9-16-1-31-11-15-30-63-21-62-24-42-49-26-8-52-64-58-45-36-54-18-65-37-5-67-27-25-4*47-53-46-40-7-4-12-41-34-51-56-8-26-1-9-68-59-10-55-20-17-43-50-2-0-3-66-19-65-32*