2_3_Mumford1_GA_Crossover RESULTS EVALUATION:
\
HV:0.7600 | BM:0.7758

\
	Operator	Passenger
\
f1_ATT	30.6840		24.0346
\
f2_TRT	480		930
\
d_0	22.3018		42.1562
\
d_1	57.2442		53.5545
\
d_2	19.5180		4.2893
\
d_un	0.9361		0.0000

\
Best Operator Route set:
\
[[23, 69, 3, 66, 19, 38, 22, 13, 20, 17],
[57, 35, 51, 8, 26, 1, 68, 9, 11, 31],
[3, 66, 38, 36, 41, 12, 4, 7, 40, 46],
[35, 57, 34, 45, 36, 54, 5, 67, 37, 65],
[41, 34, 35, 51, 8, 26, 30, 24, 21, 63],
[48, 3, 66, 38, 36, 45, 34, 57, 35, 51],
[62, 42, 15, 49, 26, 16, 10, 20, 43, 50, 0],
[56, 28, 10, 55, 20, 17, 61, 60, 44, 14],
[10, 8, 28, 56, 6, 47, 53, 40, 46, 7],
[29, 3, 66, 19, 38, 36, 54, 18, 39, 32],
[56, 51, 35, 57, 34, 45, 36, 54, 18, 32],
[57, 58, 64, 52, 10, 55, 20, 43, 50, 2],
[31, 11, 68, 9, 59, 10, 55, 20, 17, 61],
[27, 25, 12, 41, 45, 36, 38, 19, 66, 3],
[10, 55, 20, 33, 22, 38, 19, 54, 18, 39]]

\
Best Passenger Route set:
\
[[57, 34, 51, 58, 33, 43, 50, 0, 23, 69, 38, 36, 45, 41, 25, 4, 7, 40, 46, 53],
[9, 31, 1, 26, 8, 51, 35, 41, 27, 67, 5, 54, 19, 38, 22, 13, 43, 61, 44, 60, 14],
[67, 18, 69, 0, 2, 14, 44, 61, 17, 10, 28, 8, 56, 6, 47, 53],
[29, 3, 66, 19, 38, 36, 45, 58, 35, 6, 63, 24, 62, 42, 15],
[1, 59, 10, 55, 52, 64, 35, 57, 25, 4, 40, 46],
[60, 17, 20, 52, 64, 51, 34, 25, 12, 4, 53, 7],
[47, 6, 63, 24, 30, 26, 1, 9, 68, 59],
[5, 65, 39, 48, 29, 23, 50, 43, 20, 55, 10, 16, 26, 30, 24, 63],
[53, 46, 7, 47, 6, 56, 8, 26, 1, 9, 68, 11, 31],
[3, 66, 19, 22, 33, 20, 55, 10, 16, 26, 62, 42, 30, 21, 6, 35, 34, 57],
[16, 1, 49, 11, 9, 59, 17, 20, 33, 22, 38, 54, 32],
[34, 45, 22, 38, 18, 39, 48, 3, 69, 23, 50, 43, 17, 9, 68, 1, 11, 15, 42],
[24, 21, 62, 42, 15, 49, 26, 8, 51, 35, 34, 45, 36, 54, 18, 65, 37, 5],
[41, 58, 64, 35, 6, 47, 40, 7, 4, 12, 27, 67, 37, 65, 32, 39, 48, 69, 29],
[3, 0, 2, 50, 33, 58, 41, 25, 12, 4, 53, 47, 6]]

\
Best Operator Route set string:
\
23-69-3-66-19-38-22-13-20-17*57-35-51-8-26-1-68-9-11-31*3-66-38-36-41-12-4-7-40-46*35-57-34-45-36-54-5-67-37-65*41-34-35-51-8-26-30-24-21-63*48-3-66-38-36-45-34-57-35-51*62-42-15-49-26-16-10-20-43-50-0*56-28-10-55-20-17-61-60-44-14*10-8-28-56-6-47-53-40-46-7*29-3-66-19-38-36-54-18-39-32*56-51-35-57-34-45-36-54-18-32*57-58-64-52-10-55-20-43-50-2*31-11-68-9-59-10-55-20-17-61*27-25-12-41-45-36-38-19-66-3*10-55-20-33-22-38-19-54-18-39*

\
Best Passenger Route set sting:
\
57-34-51-58-33-43-50-0-23-69-38-36-45-41-25-4-7-40-46-53*9-31-1-26-8-51-35-41-27-67-5-54-19-38-22-13-43-61-44-60-14*67-18-69-0-2-14-44-61-17-10-28-8-56-6-47-53*29-3-66-19-38-36-45-58-35-6-63-24-62-42-15*1-59-10-55-52-64-35-57-25-4-40-46*60-17-20-52-64-51-34-25-12-4-53-7*47-6-63-24-30-26-1-9-68-59*5-65-39-48-29-23-50-43-20-55-10-16-26-30-24-63*53-46-7-47-6-56-8-26-1-9-68-11-31*3-66-19-22-33-20-55-10-16-26-62-42-30-21-6-35-34-57*16-1-49-11-9-59-17-20-33-22-38-54-32*34-45-22-38-18-39-48-3-69-23-50-43-17-9-68-1-11-15-42*24-21-62-42-15-49-26-8-51-35-34-45-36-54-18-65-37-5*41-58-64-35-6-47-40-7-4-12-27-67-37-65-32-39-48-69-29*3-0-2-50-33-58-41-25-12-4-53-47-6*