33_3_Mumford1__ALL_param RESULTS EVALUATION:
\
HV:0.7656 | BM:0.7758

\
	Operator	Passenger
\
f1_ATT	31.9913		22.9915
\
f2_TRT	512		1420
\
d_0	21.4893		48.8835
\
d_1	40.1242		49.8793
\
d_2	25.7485		1.2372
\
d_un	12.6380		0.0000

\
Best Operator Route set:
\
[[69, 3, 23, 50, 43, 13, 33, 58, 51, 35],
[10, 28, 8, 52, 20, 17, 43, 13, 33, 22],
[68, 9, 11, 49, 42, 62, 26, 8, 52, 64],
[50, 2, 0, 23, 69, 3, 66, 18, 5, 67],
[29, 3, 69, 66, 54, 18, 39, 32, 5, 37],
[3, 66, 38, 19, 54, 18, 65, 32, 39, 48],
[16, 1, 31, 11, 68, 9, 17, 10, 55, 20],
[12, 25, 57, 35, 64, 52, 55, 17, 61, 60],
[63, 21, 24, 30, 26, 16, 10, 20, 43, 13],
[1, 49, 15, 62, 24, 21, 6, 35, 34, 57],
[52, 64, 51, 35, 6, 47, 53, 7, 46, 40],
[42, 15, 11, 9, 68, 59, 17, 60, 44, 14],
[68, 9, 11, 49, 26, 8, 56, 28, 10, 17],
[4, 25, 41, 34, 45, 36, 54, 18, 5, 65],
[51, 34, 41, 27, 67, 5, 37, 65, 18, 54]]

\
Best Passenger Route set:
\
[[64, 52, 55, 10, 59, 68, 9, 11, 31, 1, 26, 8, 51, 34, 25, 27, 67, 18, 19, 29, 69, 3, 66, 38, 22, 33, 50, 2, 23],
[60, 44, 17, 59, 11, 15, 42, 62, 24, 63, 6, 35, 41, 36, 38, 3, 69, 0, 23],
[40, 4, 12, 25, 57, 51, 56, 28, 10, 55, 20, 13, 22, 38, 18, 54, 5, 65, 32],
[41, 27, 67, 5, 65, 37, 18, 66, 29, 3, 19, 54, 38, 22, 13, 43, 17, 9, 68, 11, 15, 30, 21, 6, 35, 58, 33, 50, 2, 14],
[21, 62, 49, 9, 16, 1, 26, 30, 63, 6, 47, 40, 46, 7, 4, 25, 41, 45, 22, 13, 50, 0, 23, 69, 66, 54],
[31, 9, 68, 1, 16, 55, 52, 64, 58, 34, 25, 4, 7],
[29, 48, 39, 65, 37, 18, 69, 23, 50, 2, 14, 61, 17, 10, 16, 1, 9, 68],
[63, 21, 30, 62, 42, 15, 49, 1, 59, 17, 50, 23, 29, 48, 39, 32, 37, 5, 54, 36, 45, 34, 57, 35, 64, 52, 20, 13, 33],
[31, 9, 59, 10, 55, 8, 56, 6, 47, 53, 4, 12, 41, 36, 19, 66, 69, 23, 2, 14, 44, 61, 17, 20, 52, 64, 51, 35, 57, 58],
[39, 48, 3, 66, 54, 65, 5, 18, 69, 0, 2, 14, 44, 60, 17, 20, 52, 64, 58, 41, 12, 40, 46, 53],
[68, 9, 11, 49, 42, 62, 26, 8, 51, 58, 45, 36, 54, 18, 39, 32, 65, 37, 67, 27, 12, 4, 7, 40, 46],
[65, 18, 39, 48, 66, 69, 38, 36, 22, 33, 43, 61, 60, 44],
[57, 41, 51, 35, 34, 45, 36, 19, 69, 48, 3, 0, 50, 43, 20, 52, 8, 28, 56, 6, 21],
[12, 25, 34, 57, 35, 58, 45, 22, 38, 54, 32, 5, 65, 37, 67, 27, 41, 51, 8, 26, 49, 1, 59],
[49, 15, 42, 24, 30, 26, 16, 10, 20, 33, 22, 19, 18, 39, 48, 69, 0, 2, 14]]

\
Best Operator Route set string:
\
69-3-23-50-43-13-33-58-51-35*10-28-8-52-20-17-43-13-33-22*68-9-11-49-42-62-26-8-52-64*50-2-0-23-69-3-66-18-5-67*29-3-69-66-54-18-39-32-5-37*3-66-38-19-54-18-65-32-39-48*16-1-31-11-68-9-17-10-55-20*12-25-57-35-64-52-55-17-61-60*63-21-24-30-26-16-10-20-43-13*1-49-15-62-24-21-6-35-34-57*52-64-51-35-6-47-53-7-46-40*42-15-11-9-68-59-17-60-44-14*68-9-11-49-26-8-56-28-10-17*4-25-41-34-45-36-54-18-5-65*51-34-41-27-67-5-37-65-18-54*

\
Best Passenger Route set sting:
\
64-52-55-10-59-68-9-11-31-1-26-8-51-34-25-27-67-18-19-29-69-3-66-38-22-33-50-2-23*60-44-17-59-11-15-42-62-24-63-6-35-41-36-38-3-69-0-23*40-4-12-25-57-51-56-28-10-55-20-13-22-38-18-54-5-65-32*41-27-67-5-65-37-18-66-29-3-19-54-38-22-13-43-17-9-68-11-15-30-21-6-35-58-33-50-2-14*21-62-49-9-16-1-26-30-63-6-47-40-46-7-4-25-41-45-22-13-50-0-23-69-66-54*31-9-68-1-16-55-52-64-58-34-25-4-7*29-48-39-65-37-18-69-23-50-2-14-61-17-10-16-1-9-68*63-21-30-62-42-15-49-1-59-17-50-23-29-48-39-32-37-5-54-36-45-34-57-35-64-52-20-13-33*31-9-59-10-55-8-56-6-47-53-4-12-41-36-19-66-69-23-2-14-44-61-17-20-52-64-51-35-57-58*39-48-3-66-54-65-5-18-69-0-2-14-44-60-17-20-52-64-58-41-12-40-46-53*68-9-11-49-42-62-26-8-51-58-45-36-54-18-39-32-65-37-67-27-12-4-7-40-46*65-18-39-48-66-69-38-36-22-33-43-61-60-44*57-41-51-35-34-45-36-19-69-48-3-0-50-43-20-52-8-28-56-6-21*12-25-34-57-35-58-45-22-38-54-32-5-65-37-67-27-41-51-8-26-49-1-59*49-15-42-24-30-26-16-10-20-33-22-19-18-39-48-69-0-2-14*