4_2_Mumford0_GA_Update_mut_ratio RESULTS EVALUATION:
\
HV:0.8102 | BM:0.8087

\
	Operator	Passenger
\
f1_ATT	29.0458		15.4970
\
f2_TRT	97		428
\
d_0	21.5542		73.4744
\
d_1	30.0064		26.5256
\
d_2	30.3805		0.0000
\
d_un	18.0588		0.0000

\
Best Operator Route set:
\
[[9, 1, 3, 23, 14, 20, 7, 16, 27, 2, 10],
[21, 6, 13],
[29, 2],
[26, 8, 12, 19, 17, 28, 16],
[5, 21],
[25, 28],
[21, 10],
[24, 4],
[11, 17, 22, 18, 0],
[10, 15],
[5, 21],
[24, 14]]

\
Best Passenger Route set:
\
[[1, 9, 23, 14, 11, 17, 22, 0, 13, 6, 5, 21, 15],
[14, 24, 20, 7, 25, 0, 18, 22, 12],
[26, 8, 12, 19, 17, 28, 7, 20, 24, 4, 1, 3, 11, 25],
[8, 12, 19, 22, 25, 28, 16, 27, 10, 21, 6, 13],
[4, 24, 14, 7, 27, 2, 29, 10, 21, 5],
[3, 24, 14],
[9, 1, 3, 23, 14, 7, 16, 6, 5, 21],
[0, 19, 8, 12, 18, 13, 6, 15, 10, 2, 16, 28, 17],
[26, 0, 18, 22, 25, 7, 27, 2, 29],
[24, 4, 7, 27, 10, 21, 5],
[20, 23, 24, 4, 7, 27, 29, 15],
[26, 0, 18, 22, 17, 11, 3, 1, 9, 14, 7, 27, 10, 15]]

\
Best Operator Route set string:
\
9-1-3-23-14-20-7-16-27-2-10*21-6-13*29-2*26-8-12-19-17-28-16*5-21*25-28*21-10*24-4*11-17-22-18-0*10-15*5-21*24-14*

\
Best Passenger Route set sting:
\
1-9-23-14-11-17-22-0-13-6-5-21-15*14-24-20-7-25-0-18-22-12*26-8-12-19-17-28-7-20-24-4-1-3-11-25*8-12-19-22-25-28-16-27-10-21-6-13*4-24-14-7-27-2-29-10-21-5*3-24-14*9-1-3-23-14-7-16-6-5-21*0-19-8-12-18-13-6-15-10-2-16-28-17*26-0-18-22-25-7-27-2-29*24-4-7-27-10-21-5*20-23-24-4-7-27-29-15*26-0-18-22-17-11-3-1-9-14-7-27-10-15*