3_2_Mumford0_GA_Mutations RESULTS EVALUATION:
\
HV:0.7780 | BM:0.8087

\
	Operator	Passenger
\
f1_ATT	29.3250		15.2032
\
f2_TRT	130		571
\
d_0	51.3882		80.2256
\
d_1	45.4173		19.7744
\
d_2	3.1944		0.0000
\
d_un	0.0000		0.0000

\
Best Operator Route set:
\
[[6, 5, 21],
[5, 21],
[7, 20, 4, 24, 3, 1, 9, 23, 14, 11, 17, 22, 0, 18, 13],
[5, 21],
[5, 21],
[5, 21],
[5, 21],
[5, 21],
[5, 21],
[26, 8, 12, 19, 22, 25, 28, 16, 27, 29, 2, 15, 10, 21, 5],
[5, 21],
[5, 21]]

\
Best Passenger Route set:
\
[[11, 14, 4, 1, 3, 23, 20, 7, 10, 15, 21, 5, 6, 2],
[1, 3, 9, 23, 14, 7, 27, 10, 15, 6, 13, 0, 12, 19, 8],
[10, 16, 6, 15, 2, 29, 27, 7, 20, 14, 11, 17, 19, 12, 8],
[9, 1, 23, 14, 11, 17, 22, 18, 0, 26],
[14, 9, 1, 3, 24, 4, 7, 2, 29, 15],
[5, 21, 15, 16, 28, 17, 22, 18, 0, 25, 7, 20, 24, 14, 11],
[11, 17, 12, 22, 18, 0, 25, 7, 20, 24, 14, 23, 3, 4],
[23, 9, 1, 3, 24, 4, 7, 16, 6, 5, 21, 10, 2, 29],
[8, 12, 19, 17, 28, 25, 7, 24, 4, 23],
[26, 8, 12, 19, 22, 25, 28, 16, 27, 2, 29, 10, 6, 13, 0],
[28, 7, 20, 23, 9, 1, 3, 11, 17, 22, 0, 18, 13, 6, 21],
[8, 26, 0, 12, 19, 22, 18, 13, 6, 5, 21, 2]]

\
Best Operator Route set string:
\
6-5-21*5-21*7-20-4-24-3-1-9-23-14-11-17-22-0-18-13*5-21*5-21*5-21*5-21*5-21*5-21*26-8-12-19-22-25-28-16-27-29-2-15-10-21-5*5-21*5-21*

\
Best Passenger Route set sting:
\
11-14-4-1-3-23-20-7-10-15-21-5-6-2*1-3-9-23-14-7-27-10-15-6-13-0-12-19-8*10-16-6-15-2-29-27-7-20-14-11-17-19-12-8*9-1-23-14-11-17-22-18-0-26*14-9-1-3-24-4-7-2-29-15*5-21-15-16-28-17-22-18-0-25-7-20-24-14-11*11-17-12-22-18-0-25-7-20-24-14-23-3-4*23-9-1-3-24-4-7-16-6-5-21-10-2-29*8-12-19-17-28-25-7-24-4-23*26-8-12-19-22-25-28-16-27-2-29-10-6-13-0*28-7-20-23-9-1-3-11-17-22-0-18-13-6-21*8-26-0-12-19-22-18-13-6-5-21-2*