23_3_Mumford1_SA_Mutations RESULTS EVALUATION:
\
HV:0.7386 | BM:0.7758

\
	Operator	Passenger
\
f1_ATT	29.6263		23.7964
\
f2_TRT	534		1101
\
d_0	23.8271		45.1035
\
d_1	53.5659		50.5298
\
d_2	20.2973		4.2006
\
d_un	2.3098		0.1661

\
Best Operator Route set:
\
[[27, 41, 34, 58, 64, 52, 20, 17, 61, 60],
[46, 40, 53, 47, 6, 56, 28, 8, 10, 59],
[32, 39, 18, 54, 36, 45, 58, 51, 35, 6],
[23, 2, 0, 69, 3, 66, 19, 38, 22, 33],
[29, 48, 66, 19, 36, 45, 34, 35, 51, 8, 26, 62],
[4, 25, 12, 41, 45, 22, 13, 50, 2, 14],
[7, 4, 12, 25, 41, 34, 57, 35, 6, 47],
[50, 43, 20, 55, 10, 16, 26, 30, 24, 21],
[63, 21, 24, 30, 26, 16, 10, 17, 61, 60, 44],
[5, 18, 54, 36, 45, 58, 64, 52, 10, 16],
[68, 9, 11, 31, 1, 26, 8, 51, 41, 45],
[49, 26, 16, 10, 55, 20, 33, 22, 19, 66],
[37, 65, 5, 54, 19, 22, 33, 43, 61, 60],
[22, 33, 20, 55, 10, 16, 26, 49, 15, 42],
[12, 25, 27, 41, 36, 54, 18, 5, 37, 67]]

\
Best Passenger Route set:
\
[[29, 48, 3, 19, 36, 41, 35, 58, 33, 13, 43, 17, 9, 68, 11, 31, 1, 49, 62],
[46, 40, 7, 53, 47, 6, 56, 8, 10, 55, 17, 61, 60, 44, 14, 2, 23, 29, 3],
[39, 32, 18, 54, 36, 45, 58, 35, 6, 63, 24, 30, 26, 62],
[0, 69, 3, 29, 48, 39, 65, 67, 27, 25, 57, 51, 64, 52, 20],
[32, 39, 48, 69, 23, 50, 17, 59, 11, 49, 15, 42, 24, 63, 6, 56, 28, 8, 52, 64, 35, 34],
[57, 58, 34, 25, 12, 41, 45, 22, 13, 43, 61, 60, 44, 17],
[29, 69, 38, 36, 41, 34, 57, 51, 8, 26, 49, 15, 42],
[17, 61, 14, 2, 50, 43, 20, 55, 10, 28, 56, 51, 58, 45, 36, 38, 66, 3, 48, 39, 18, 19, 69, 23, 0],
[45, 34, 57, 35, 6, 63, 21, 30, 26, 16, 10, 17, 61, 44, 14, 2, 50, 33],
[40, 12, 25, 57, 35, 64, 52, 10, 59, 9, 68, 11, 15, 42, 62, 49, 1, 16, 55, 17, 20, 13, 50, 0, 69],
[9, 68, 1, 26, 8, 51, 41, 27, 67, 37, 5, 18, 66, 38, 22, 33, 43, 61, 60],
[46, 40, 7, 4, 12, 27, 67, 5, 32, 37, 65, 18, 54, 66, 3, 69, 0, 2, 14, 44],
[39, 32, 65, 5, 54, 19, 22, 33, 20, 55, 8, 26, 49, 42, 30],
[53, 46, 40, 12, 41, 58, 64, 52, 55, 16, 26, 49, 15],
[24, 42, 62, 21, 6, 47, 53, 4, 12, 25, 57, 35, 51, 8, 26, 1, 31, 9]]

\
Best Operator Route set string:
\
27-41-34-58-64-52-20-17-61-60*46-40-53-47-6-56-28-8-10-59*32-39-18-54-36-45-58-51-35-6*23-2-0-69-3-66-19-38-22-33*29-48-66-19-36-45-34-35-51-8-26-62*4-25-12-41-45-22-13-50-2-14*7-4-12-25-41-34-57-35-6-47*50-43-20-55-10-16-26-30-24-21*63-21-24-30-26-16-10-17-61-60-44*5-18-54-36-45-58-64-52-10-16*68-9-11-31-1-26-8-51-41-45*49-26-16-10-55-20-33-22-19-66*37-65-5-54-19-22-33-43-61-60*22-33-20-55-10-16-26-49-15-42*12-25-27-41-36-54-18-5-37-67*

\
Best Passenger Route set sting:
\
29-48-3-19-36-41-35-58-33-13-43-17-9-68-11-31-1-49-62*46-40-7-53-47-6-56-8-10-55-17-61-60-44-14-2-23-29-3*39-32-18-54-36-45-58-35-6-63-24-30-26-62*0-69-3-29-48-39-65-67-27-25-57-51-64-52-20*32-39-48-69-23-50-17-59-11-49-15-42-24-63-6-56-28-8-52-64-35-34*57-58-34-25-12-41-45-22-13-43-61-60-44-17*29-69-38-36-41-34-57-51-8-26-49-15-42*17-61-14-2-50-43-20-55-10-28-56-51-58-45-36-38-66-3-48-39-18-19-69-23-0*45-34-57-35-6-63-21-30-26-16-10-17-61-44-14-2-50-33*40-12-25-57-35-64-52-10-59-9-68-11-15-42-62-49-1-16-55-17-20-13-50-0-69*9-68-1-26-8-51-41-27-67-37-5-18-66-38-22-33-43-61-60*46-40-7-4-12-27-67-5-32-37-65-18-54-66-3-69-0-2-14-44*39-32-65-5-54-19-22-33-20-55-8-26-49-42-30*53-46-40-12-41-58-64-52-55-16-26-49-15*24-42-62-21-6-47-53-4-12-25-57-35-51-8-26-1-31-9*