36_5_Mumford3_SA_Stat_long_run RESULTS EVALUATION:
\
HV:0.5750 | BM:0.6385

\
	Operator	Passenger
\
f1_ATT	29.2457		28.6247
\
f2_TRT	2668		2946
\
d_0	33.3970		37.6505
\
d_1	61.4411		60.7199
\
d_2	5.0316		1.6296
\
d_un	0.1303		0.0000

\
Best Operator Route set:
\
[[99, 48, 2, 37, 74, 23, 53, 14, 100, 71, 96, 78],
[33, 30, 25, 121, 88, 39, 31, 52, 122, 94, 29, 80],
[32, 45, 6, 73, 48, 2, 49, 124, 9, 63, 58, 104],
[11, 77, 67, 1, 46, 39, 33, 30, 22, 119, 21, 8],
[96, 71, 78, 100, 14, 61, 102, 24, 86, 109, 69, 4],
[62, 16, 114, 23, 72, 70, 80, 63, 105, 43, 64, 28],
[50, 92, 76, 20, 32, 112, 16, 114, 78, 71, 3, 12],
[18, 109, 69, 43, 59, 89, 31, 39, 88, 82, 44, 65],
[114, 74, 37, 23, 49, 66, 80, 63, 105, 43, 103, 111],
[56, 3, 78, 114, 2, 11, 46, 39, 30, 22, 21, 119],
[125, 91, 82, 65, 50, 20, 75, 60, 73, 48, 2, 37],
[123, 91, 88, 101, 0, 79, 2, 114, 78, 100, 96, 71],
[16, 55, 99, 48, 0, 11, 1, 81, 94, 29, 36, 5],
[12, 56, 84, 110, 87, 106, 61, 53, 66, 72, 124, 49],
[96, 71, 78, 100, 14, 66, 80, 63, 105, 43, 90, 98],
[97, 79, 11, 1, 118, 52, 89, 113, 43, 4, 109, 18],
[52, 89, 59, 43, 103, 69, 10, 117, 24, 102, 108, 115],
[84, 110, 87, 61, 53, 23, 2, 48, 73, 45, 6, 32],
[12, 3, 115, 106, 61, 53, 23, 2, 11, 7, 93, 82],
[34, 68, 110, 87, 102, 24, 36, 58, 105, 42, 113, 17],
[17, 113, 59, 104, 58, 63, 80, 66, 53, 14, 108, 61],
[97, 79, 11, 77, 67, 27, 81, 29, 36, 24, 102, 106],
[57, 30, 38, 52, 122, 29, 80, 66, 53, 61, 108, 115],
[19, 85, 92, 126, 26, 11, 1, 118, 52, 89, 113, 90],
[55, 16, 114, 74, 66, 80, 63, 58, 104, 18, 109, 69],
[92, 83, 50, 40, 116, 120, 0, 97, 2, 49, 124, 66],
[121, 88, 101, 0, 79, 2, 49, 124, 72, 70, 66, 53],
[112, 45, 6, 73, 48, 26, 101, 88, 25, 30, 54, 47],
[35, 125, 88, 101, 7, 11, 2, 114, 78, 3, 15, 107],
[32, 60, 73, 48, 97, 11, 67, 118, 52, 89, 17, 64],
[48, 79, 11, 67, 118, 52, 51, 31, 38, 54, 30, 41],
[83, 50, 116, 93, 88, 39, 31, 89, 113, 90, 43, 4],
[115, 108, 14, 53, 23, 2, 48, 73, 60, 32, 126, 26],
[125, 91, 25, 39, 46, 118, 27, 29, 36, 5, 63, 105],
[72, 124, 49, 2, 11, 1, 118, 52, 89, 42, 17, 64],
[21, 22, 30, 38, 31, 89, 42, 43, 69, 10, 86, 117],
[91, 121, 88, 101, 0, 79, 37, 23, 53, 14, 108, 61],
[60, 45, 6, 55, 16, 114, 2, 11, 1, 27, 122, 52],
[44, 82, 93, 120, 101, 7, 26, 0, 79, 2, 74, 23],
[82, 44, 93, 120, 0, 79, 2, 114, 78, 12, 68, 34],
[117, 86, 24, 5, 80, 81, 67, 11, 7, 120, 116, 65],
[111, 64, 17, 89, 51, 38, 25, 88, 82, 40, 92, 76],
[29, 80, 9, 70, 72, 49, 2, 79, 0, 120, 65, 116],
[72, 124, 23, 74, 37, 79, 11, 1, 118, 52, 51, 31],
[97, 37, 74, 23, 49, 66, 53, 14, 100, 12, 56, 34],
[98, 17, 89, 52, 118, 1, 11, 0, 48, 73, 45, 6],
[68, 56, 12, 3, 96, 100, 14, 66, 70, 9, 29, 122],
[13, 50, 83, 76, 92, 40, 26, 0, 77, 67, 27, 122],
[40, 116, 65, 44, 82, 95, 13, 83, 92, 126, 73, 99],
[64, 28, 98, 113, 89, 52, 118, 1, 77, 0, 48, 99],
[85, 20, 32, 60, 73, 48, 2, 49, 66, 80, 5, 36],
[95, 123, 125, 22, 8, 41, 25, 88, 93, 120, 7, 101],
[8, 41, 33, 31, 52, 122, 29, 5, 24, 87, 110, 84],
[87, 84, 56, 15, 107, 3, 100, 14, 66, 124, 72, 49],
[83, 50, 40, 7, 11, 1, 118, 52, 89, 59, 104, 105],
[3, 71, 96, 78, 114, 2, 11, 1, 118, 52, 31, 54],
[107, 15, 12, 100, 14, 66, 80, 63, 105, 42, 17, 90],
[78, 71, 100, 14, 66, 80, 81, 27, 52, 51, 54, 47],
[24, 117, 18, 104, 105, 58, 36, 5, 9, 72, 23, 37],
[13, 50, 83, 92, 126, 48, 2, 49, 66, 80, 36, 24]]

\
Best Passenger Route set:
\
[[6, 45, 32, 126, 73, 48, 2, 23, 53, 61, 102, 87],
[28, 17, 89, 51, 31, 39, 88, 101, 120, 116, 50, 83],
[15, 107, 56, 68, 84, 87, 24, 5, 63, 105, 42, 113, 17],
[19, 85, 92, 126, 26, 11, 1, 118, 52, 89, 113, 43],
[99, 48, 97, 11, 1, 118, 52, 89, 113, 90, 103, 18],
[119, 8, 30, 38, 52, 122, 29, 36, 24, 87, 110, 84],
[115, 61, 53, 66, 9, 29, 122, 52, 31, 33, 41, 57],
[82, 116, 65, 40, 26, 11, 2, 114, 78, 96, 71, 100],
[57, 30, 39, 46, 11, 2, 114, 78, 3, 68, 84, 110],
[4, 103, 98, 17, 89, 51, 38, 25, 91, 123, 95, 13, 76, 20],
[12, 3, 115, 108, 61, 53, 66, 80, 63, 105, 43, 90, 98, 28, 64],
[78, 96, 71, 100, 14, 108, 102, 24, 117, 10, 69, 103, 28],
[35, 125, 88, 39, 46, 1, 81, 29, 5, 24, 102, 61, 108],
[76, 83, 50, 65, 93, 88, 39, 31, 89, 59, 43, 4, 69],
[26, 0, 77, 1, 81, 94, 122, 52, 89, 113, 90, 59],
[19, 20, 92, 40, 44, 82, 88, 39, 31, 89, 113, 43, 69, 109, 18],
[97, 79, 2, 37, 74, 49, 124, 72, 66, 53, 14, 108, 115],
[71, 96, 78, 100, 14, 66, 80, 63, 58, 104, 59, 113, 42],
[26, 0, 77, 67, 118, 52, 89, 17, 64, 111, 103, 98, 43],
[79, 37, 23, 72, 9, 63, 58, 104, 18, 109, 69, 4],
[28, 64, 43, 105, 63, 9, 124, 49, 2, 48, 73, 6],
[126, 32, 60, 45, 6, 73, 48, 97, 79, 11, 46, 39, 33],
[4, 43, 59, 89, 52, 118, 1, 77, 0, 120, 65, 116],
[95, 13, 83, 50, 92, 126, 48, 2, 114, 78, 100, 12, 56, 107],
[19, 32, 60, 73, 48, 2, 49, 124, 9, 5, 36, 24],
[118, 67, 1, 77, 11, 2, 49, 124, 72, 14, 61, 108],
[62, 16, 114, 2, 79, 11, 1, 118, 52, 89, 42, 98],
[119, 21, 125, 88, 101, 0, 79, 2, 74, 66, 14, 108],
[99, 48, 2, 49, 66, 80, 36, 24, 117, 10, 4, 111],
[112, 32, 60, 73, 48, 97, 11, 46, 39, 38, 54, 47],
[118, 27, 81, 80, 70, 124, 23, 114, 78, 3, 115, 106],
[94, 29, 80, 9, 70, 72, 49, 2, 48, 126, 92, 76, 20],
[112, 6, 45, 73, 48, 26, 101, 88, 25, 41, 8, 22],
[107, 15, 3, 78, 114, 2, 79, 0, 101, 88, 91, 123],
[55, 112, 45, 73, 48, 0, 77, 1, 118, 52, 51, 31],
[121, 88, 101, 0, 97, 2, 23, 53, 61, 87, 110, 84],
[19, 85, 76, 50, 116, 82, 91, 125, 121, 88, 25, 33],
[119, 22, 30, 39, 46, 11, 2, 23, 53, 14, 108, 106, 115],
[15, 107, 3, 100, 14, 66, 80, 63, 105, 42, 17, 90],
[55, 99, 48, 0, 77, 1, 67, 27, 52, 51, 54, 47],
[95, 44, 120, 0, 11, 67, 27, 29, 36, 24, 86, 117, 18],
[82, 93, 120, 0, 79, 2, 114, 78, 12, 56, 34, 68],
[82, 44, 93, 7, 26, 0, 79, 2, 23, 53, 61, 115],
[15, 107, 3, 96, 78, 114, 16, 55, 60, 32, 20, 85],
[38, 51, 52, 122, 29, 80, 66, 14, 100, 12, 56, 34],
[31, 51, 89, 59, 104, 105, 58, 36, 24, 102, 106, 61, 108],
[83, 50, 20, 75, 60, 73, 48, 79, 11, 67, 27, 81, 94],
[32, 60, 73, 48, 0, 77, 1, 118, 52, 89, 17, 98],
[115, 108, 14, 53, 23, 37, 79, 0, 120, 116, 82, 95],
[50, 83, 92, 126, 48, 2, 23, 53, 14, 106, 87, 84, 110],
[119, 21, 22, 30, 38, 31, 89, 42, 43, 69, 10, 117, 86],
[103, 43, 105, 63, 80, 66, 74, 114, 16, 55, 45, 6],
[87, 108, 61, 53, 23, 2, 11, 46, 39, 25, 41, 22, 125, 123],
[47, 54, 30, 33, 38, 51, 52, 118, 46, 67, 77, 11],
[47, 51, 52, 118, 1, 11, 2, 114, 78, 71, 96, 100],
[113, 98, 43, 104, 105, 58, 63, 80, 81, 67, 11, 7, 65, 95],
[30, 25, 88, 101, 7, 11, 2, 49, 72, 70, 66, 14],
[119, 21, 35, 123, 95, 13, 50, 40, 7, 11, 1, 27, 122],
[12, 78, 114, 74, 37, 79, 11, 46, 39, 30, 8, 21],
[28, 64, 4, 109, 86, 24, 5, 9, 72, 23, 114, 16, 112]]

\
Best Operator Route set string:
\
99-48-2-37-74-23-53-14-100-71-96-78*33-30-25-121-88-39-31-52-122-94-29-80*32-45-6-73-48-2-49-124-9-63-58-104*11-77-67-1-46-39-33-30-22-119-21-8*96-71-78-100-14-61-102-24-86-109-69-4*62-16-114-23-72-70-80-63-105-43-64-28*50-92-76-20-32-112-16-114-78-71-3-12*18-109-69-43-59-89-31-39-88-82-44-65*114-74-37-23-49-66-80-63-105-43-103-111*56-3-78-114-2-11-46-39-30-22-21-119*125-91-82-65-50-20-75-60-73-48-2-37*123-91-88-101-0-79-2-114-78-100-96-71*16-55-99-48-0-11-1-81-94-29-36-5*12-56-84-110-87-106-61-53-66-72-124-49*96-71-78-100-14-66-80-63-105-43-90-98*97-79-11-1-118-52-89-113-43-4-109-18*52-89-59-43-103-69-10-117-24-102-108-115*84-110-87-61-53-23-2-48-73-45-6-32*12-3-115-106-61-53-23-2-11-7-93-82*34-68-110-87-102-24-36-58-105-42-113-17*17-113-59-104-58-63-80-66-53-14-108-61*97-79-11-77-67-27-81-29-36-24-102-106*57-30-38-52-122-29-80-66-53-61-108-115*19-85-92-126-26-11-1-118-52-89-113-90*55-16-114-74-66-80-63-58-104-18-109-69*92-83-50-40-116-120-0-97-2-49-124-66*121-88-101-0-79-2-49-124-72-70-66-53*112-45-6-73-48-26-101-88-25-30-54-47*35-125-88-101-7-11-2-114-78-3-15-107*32-60-73-48-97-11-67-118-52-89-17-64*48-79-11-67-118-52-51-31-38-54-30-41*83-50-116-93-88-39-31-89-113-90-43-4*115-108-14-53-23-2-48-73-60-32-126-26*125-91-25-39-46-118-27-29-36-5-63-105*72-124-49-2-11-1-118-52-89-42-17-64*21-22-30-38-31-89-42-43-69-10-86-117*91-121-88-101-0-79-37-23-53-14-108-61*60-45-6-55-16-114-2-11-1-27-122-52*44-82-93-120-101-7-26-0-79-2-74-23*82-44-93-120-0-79-2-114-78-12-68-34*117-86-24-5-80-81-67-11-7-120-116-65*111-64-17-89-51-38-25-88-82-40-92-76*29-80-9-70-72-49-2-79-0-120-65-116*72-124-23-74-37-79-11-1-118-52-51-31*97-37-74-23-49-66-53-14-100-12-56-34*98-17-89-52-118-1-11-0-48-73-45-6*68-56-12-3-96-100-14-66-70-9-29-122*13-50-83-76-92-40-26-0-77-67-27-122*40-116-65-44-82-95-13-83-92-126-73-99*64-28-98-113-89-52-118-1-77-0-48-99*85-20-32-60-73-48-2-49-66-80-5-36*95-123-125-22-8-41-25-88-93-120-7-101*8-41-33-31-52-122-29-5-24-87-110-84*87-84-56-15-107-3-100-14-66-124-72-49*83-50-40-7-11-1-118-52-89-59-104-105*3-71-96-78-114-2-11-1-118-52-31-54*107-15-12-100-14-66-80-63-105-42-17-90*78-71-100-14-66-80-81-27-52-51-54-47*24-117-18-104-105-58-36-5-9-72-23-37*13-50-83-92-126-48-2-49-66-80-36-24*

\
Best Passenger Route set sting:
\
6-45-32-126-73-48-2-23-53-61-102-87*28-17-89-51-31-39-88-101-120-116-50-83*15-107-56-68-84-87-24-5-63-105-42-113-17*19-85-92-126-26-11-1-118-52-89-113-43*99-48-97-11-1-118-52-89-113-90-103-18*119-8-30-38-52-122-29-36-24-87-110-84*115-61-53-66-9-29-122-52-31-33-41-57*82-116-65-40-26-11-2-114-78-96-71-100*57-30-39-46-11-2-114-78-3-68-84-110*4-103-98-17-89-51-38-25-91-123-95-13-76-20*12-3-115-108-61-53-66-80-63-105-43-90-98-28-64*78-96-71-100-14-108-102-24-117-10-69-103-28*35-125-88-39-46-1-81-29-5-24-102-61-108*76-83-50-65-93-88-39-31-89-59-43-4-69*26-0-77-1-81-94-122-52-89-113-90-59*19-20-92-40-44-82-88-39-31-89-113-43-69-109-18*97-79-2-37-74-49-124-72-66-53-14-108-115*71-96-78-100-14-66-80-63-58-104-59-113-42*26-0-77-67-118-52-89-17-64-111-103-98-43*79-37-23-72-9-63-58-104-18-109-69-4*28-64-43-105-63-9-124-49-2-48-73-6*126-32-60-45-6-73-48-97-79-11-46-39-33*4-43-59-89-52-118-1-77-0-120-65-116*95-13-83-50-92-126-48-2-114-78-100-12-56-107*19-32-60-73-48-2-49-124-9-5-36-24*118-67-1-77-11-2-49-124-72-14-61-108*62-16-114-2-79-11-1-118-52-89-42-98*119-21-125-88-101-0-79-2-74-66-14-108*99-48-2-49-66-80-36-24-117-10-4-111*112-32-60-73-48-97-11-46-39-38-54-47*118-27-81-80-70-124-23-114-78-3-115-106*94-29-80-9-70-72-49-2-48-126-92-76-20*112-6-45-73-48-26-101-88-25-41-8-22*107-15-3-78-114-2-79-0-101-88-91-123*55-112-45-73-48-0-77-1-118-52-51-31*121-88-101-0-97-2-23-53-61-87-110-84*19-85-76-50-116-82-91-125-121-88-25-33*119-22-30-39-46-11-2-23-53-14-108-106-115*15-107-3-100-14-66-80-63-105-42-17-90*55-99-48-0-77-1-67-27-52-51-54-47*95-44-120-0-11-67-27-29-36-24-86-117-18*82-93-120-0-79-2-114-78-12-56-34-68*82-44-93-7-26-0-79-2-23-53-61-115*15-107-3-96-78-114-16-55-60-32-20-85*38-51-52-122-29-80-66-14-100-12-56-34*31-51-89-59-104-105-58-36-24-102-106-61-108*83-50-20-75-60-73-48-79-11-67-27-81-94*32-60-73-48-0-77-1-118-52-89-17-98*115-108-14-53-23-37-79-0-120-116-82-95*50-83-92-126-48-2-23-53-14-106-87-84-110*119-21-22-30-38-31-89-42-43-69-10-117-86*103-43-105-63-80-66-74-114-16-55-45-6*87-108-61-53-23-2-11-46-39-25-41-22-125-123*47-54-30-33-38-51-52-118-46-67-77-11*47-51-52-118-1-11-2-114-78-71-96-100*113-98-43-104-105-58-63-80-81-67-11-7-65-95*30-25-88-101-7-11-2-49-72-70-66-14*119-21-35-123-95-13-50-40-7-11-1-27-122*12-78-114-74-37-79-11-46-39-30-8-21*28-64-4-109-86-24-5-9-72-23-114-16-112*