33_3_Mumford1__ALL_param RESULTS EVALUATION:
\
HV:0.7653 | BM:0.7758

\
	Operator	Passenger
\
f1_ATT	30.9371		23.0558
\
f2_TRT	511		1345
\
d_0	20.3295		47.5944
\
d_1	50.4104		49.8559
\
d_2	24.5565		2.5496
\
d_un	4.7036		0.0000

\
Best Operator Route set:
\
[[27, 41, 45, 36, 54, 18, 65, 5, 37, 67],
[36, 38, 3, 48, 66, 19, 54, 18, 32, 37],
[65, 5, 54, 36, 45, 58, 64, 52, 20, 17],
[39, 18, 54, 36, 41, 34, 35, 6, 63, 21],
[49, 1, 16, 26, 8, 28, 10, 59, 68, 9],
[36, 19, 38, 22, 13, 20, 55, 16, 26, 30],
[42, 62, 26, 1, 59, 17, 61, 44, 60, 14],
[18, 54, 19, 38, 66, 3, 23, 50, 43, 17],
[41, 57, 34, 58, 64, 52, 55, 8, 26, 16],
[33, 22, 36, 45, 41, 25, 4, 40, 46, 7],
[31, 11, 68, 9, 59, 10, 52, 64, 51, 8],
[65, 5, 18, 54, 19, 3, 29, 69, 0, 2],
[15, 49, 26, 1, 68, 9, 59, 10, 55, 52],
[47, 53, 7, 4, 12, 41, 34, 35, 51, 56],
[56, 6, 63, 24, 62, 42, 15, 11, 9, 68]]

\
Best Passenger Route set:
\
[[33, 22, 45, 34, 35, 6, 63, 30, 26, 16, 9, 68, 59, 10, 52, 64, 58, 41, 12, 40, 46, 7],
[29, 48, 39, 18, 66, 19, 69, 23, 50, 43, 20, 55, 16, 26, 62, 42, 49, 1, 59],
[56, 8, 52, 64, 35, 34, 41, 36, 54, 18, 39, 65, 5],
[24, 42, 49, 1, 16, 26, 8, 51, 58, 45, 36, 19, 66, 48, 69, 38, 18, 5, 32, 39],
[2, 23, 3, 66, 48, 29, 69, 38, 36, 45, 34, 35, 6, 63, 24, 30, 42, 15, 11, 59, 17, 43, 33, 22, 19, 54, 32, 65, 5],
[56, 8, 28, 10, 17, 44, 60, 61, 43, 13, 22, 45, 41, 25, 4, 7, 40, 53],
[21, 62, 49, 1, 11, 68, 9, 17, 20, 52, 8, 28, 56, 6, 47, 53, 46, 40],
[42, 49, 26, 16, 10, 52, 64, 58, 45, 36, 54, 18, 32, 37],
[7, 53, 46, 40, 4, 25, 57, 35, 64, 52, 55, 17, 61, 44, 14, 2, 0, 69, 66, 54, 5, 65, 67, 18, 19, 38, 22, 33, 43],
[21, 24, 62, 42, 15, 49, 26, 8, 51, 41, 27, 67, 37, 65, 18, 69, 3, 48],
[51, 35, 57, 34, 58, 33, 50, 0, 3, 29, 66, 38, 22, 36],
[49, 1, 68, 11, 15, 62, 21, 6, 47, 53, 4, 25, 12, 41, 36, 38, 3, 23, 2, 50, 13, 20, 10, 28, 56, 51, 57, 34, 45, 22],
[63, 21, 24, 30, 26, 1, 59, 17, 50, 23, 29, 48, 39, 65, 19, 66, 3, 69, 18, 37, 5],
[14, 60, 44, 61, 43, 20, 52, 64, 51, 35, 34, 41, 12, 40, 7, 47, 6, 56, 8, 55, 10, 59, 9, 49, 42, 62, 24, 30, 15],
[3, 0, 2, 14, 44, 60, 17, 9, 31, 1, 26, 8, 51, 34, 25, 27, 67, 37, 5, 54, 19, 22, 33, 20, 52, 64, 58, 41, 57]]

\
Best Operator Route set string:
\
27-41-45-36-54-18-65-5-37-67*36-38-3-48-66-19-54-18-32-37*65-5-54-36-45-58-64-52-20-17*39-18-54-36-41-34-35-6-63-21*49-1-16-26-8-28-10-59-68-9*36-19-38-22-13-20-55-16-26-30*42-62-26-1-59-17-61-44-60-14*18-54-19-38-66-3-23-50-43-17*41-57-34-58-64-52-55-8-26-16*33-22-36-45-41-25-4-40-46-7*31-11-68-9-59-10-52-64-51-8*65-5-18-54-19-3-29-69-0-2*15-49-26-1-68-9-59-10-55-52*47-53-7-4-12-41-34-35-51-56*56-6-63-24-62-42-15-11-9-68*

\
Best Passenger Route set sting:
\
33-22-45-34-35-6-63-30-26-16-9-68-59-10-52-64-58-41-12-40-46-7*29-48-39-18-66-19-69-23-50-43-20-55-16-26-62-42-49-1-59*56-8-52-64-35-34-41-36-54-18-39-65-5*24-42-49-1-16-26-8-51-58-45-36-19-66-48-69-38-18-5-32-39*2-23-3-66-48-29-69-38-36-45-34-35-6-63-24-30-42-15-11-59-17-43-33-22-19-54-32-65-5*56-8-28-10-17-44-60-61-43-13-22-45-41-25-4-7-40-53*21-62-49-1-11-68-9-17-20-52-8-28-56-6-47-53-46-40*42-49-26-16-10-52-64-58-45-36-54-18-32-37*7-53-46-40-4-25-57-35-64-52-55-17-61-44-14-2-0-69-66-54-5-65-67-18-19-38-22-33-43*21-24-62-42-15-49-26-8-51-41-27-67-37-65-18-69-3-48*51-35-57-34-58-33-50-0-3-29-66-38-22-36*49-1-68-11-15-62-21-6-47-53-4-25-12-41-36-38-3-23-2-50-13-20-10-28-56-51-57-34-45-22*63-21-24-30-26-1-59-17-50-23-29-48-39-65-19-66-3-69-18-37-5*14-60-44-61-43-20-52-64-51-35-34-41-12-40-7-47-6-56-8-55-10-59-9-49-42-62-24-30-15*3-0-2-14-44-60-17-9-31-1-26-8-51-34-25-27-67-37-5-54-19-22-33-20-52-64-58-41-57*