5_3_Mumford1_GA_Mut_threshold RESULTS EVALUATION:
\
HV:0.7660 | BM:0.7758

\
	Operator	Passenger
\
f1_ATT	32.6694		22.9617
\
f2_TRT	498		1616
\
d_0	20.8985		52.5032
\
d_1	47.8982		45.9591
\
d_2	27.7473		1.5378
\
d_un	3.4561		0.0000

\
Best Operator Route set:
\
[[49, 26, 16, 10, 55, 20, 43, 50, 2, 14],
[12, 25, 27, 41, 36, 54, 18, 5, 37, 67],
[7, 40, 4, 12, 25, 41, 34, 57, 35, 6],
[29, 48, 66, 19, 22, 33, 20, 55, 10, 16],
[40, 46, 7, 53, 47, 6, 56, 28, 8, 10],
[22, 33, 20, 55, 10, 16, 26, 49, 15, 42],
[29, 48, 66, 19, 36, 54, 18, 5, 65, 37],
[37, 65, 5, 54, 19, 22, 13, 43, 61, 60],
[22, 33, 20, 55, 10, 16, 26, 30, 24, 21],
[18, 54, 36, 45, 58, 64, 52, 10, 16, 26, 62],
[63, 21, 24, 30, 26, 16, 10, 17, 61, 44],
[40, 7, 4, 12, 25, 41, 34, 57, 35, 6],
[2, 0, 23, 69, 3, 66, 19, 38, 22, 33],
[32, 39, 18, 54, 36, 45, 58, 51, 35, 6],
[59, 68, 9, 11, 31, 1, 26, 49, 15, 42]]

\
Best Passenger Route set:
\
[[43, 17, 59, 9, 1, 31, 11, 15, 42, 49, 26, 16, 10, 55, 20, 33, 22, 19, 66, 48, 39, 18, 65, 5, 67, 27, 25, 12],
[63, 24, 30, 26, 16, 10, 20, 43, 50, 23, 29, 19, 66, 38, 22, 45, 34],
[66, 48, 29, 3, 19, 36, 38, 54, 18, 69, 0, 2, 14, 44, 60, 61, 43, 33, 58, 41, 25, 4, 7, 40, 46, 53, 47],
[39, 32, 65, 37, 5, 54, 19, 66, 3, 23, 0, 2, 50, 13, 33, 22, 45, 41, 12, 4, 7, 46, 40, 47, 6, 21, 62, 15, 42],
[35, 41, 12, 25, 27, 67, 37, 5, 65, 54, 18, 69, 48, 66, 38, 36, 45, 34, 51, 8, 26, 49, 15, 62, 42, 30, 24, 63, 21, 6],
[45, 22, 13, 50, 0, 23, 69, 38, 36, 41, 25, 4, 7, 46, 40, 53, 47, 6, 56, 28, 10, 17, 44, 14, 60],
[12, 41, 45, 36, 54, 18, 39, 48, 3, 69, 23, 50, 17, 59, 68, 9, 11, 49, 26, 8, 51, 34, 25, 4, 7, 40, 46],
[57, 34, 25, 4, 53, 47, 6, 63, 21, 30, 62, 26, 8, 52, 64, 58, 45, 36, 54, 5, 37, 65, 32, 18, 38, 22, 33, 20, 43],
[43, 13, 22, 36, 45, 41, 25, 12, 4, 7, 53, 47, 6, 56, 8, 10, 17, 61, 44, 14, 2, 50, 23],
[52, 10, 59, 11, 9, 49, 1, 26, 30, 21, 24, 63, 6, 35, 34, 45, 36, 38, 19, 29, 48, 69, 23, 50, 17, 43, 13, 22],
[34, 58, 45, 22, 13, 43, 17, 59, 11, 31, 9, 68, 1, 26, 8, 51, 41, 27, 67, 37, 32, 39, 48, 29, 23],
[34, 41, 12, 25, 57, 35, 51, 56, 28, 10, 8, 55, 20, 13, 50, 2, 14, 44, 61, 17, 59, 1, 26, 30, 24, 21, 6, 47, 40, 7],
[48, 69, 19, 36, 41, 25, 4, 40, 46, 7, 47, 6, 63, 30, 26, 16, 10, 55, 52, 64, 51, 58, 33, 13, 43, 17],
[69, 3, 66, 38, 22, 33, 20, 17, 9, 31, 1, 26, 8, 28, 56, 51, 35, 34, 41, 27, 67, 65, 39, 48, 29, 23, 0, 50, 13],
[14, 44, 60, 61, 17, 20, 52, 64, 35, 57, 25, 4, 40, 46, 53]]

\
Best Operator Route set string:
\
49-26-16-10-55-20-43-50-2-14*12-25-27-41-36-54-18-5-37-67*7-40-4-12-25-41-34-57-35-6*29-48-66-19-22-33-20-55-10-16*40-46-7-53-47-6-56-28-8-10*22-33-20-55-10-16-26-49-15-42*29-48-66-19-36-54-18-5-65-37*37-65-5-54-19-22-13-43-61-60*22-33-20-55-10-16-26-30-24-21*18-54-36-45-58-64-52-10-16-26-62*63-21-24-30-26-16-10-17-61-44*40-7-4-12-25-41-34-57-35-6*2-0-23-69-3-66-19-38-22-33*32-39-18-54-36-45-58-51-35-6*59-68-9-11-31-1-26-49-15-42*

\
Best Passenger Route set sting:
\
43-17-59-9-1-31-11-15-42-49-26-16-10-55-20-33-22-19-66-48-39-18-65-5-67-27-25-12*63-24-30-26-16-10-20-43-50-23-29-19-66-38-22-45-34*66-48-29-3-19-36-38-54-18-69-0-2-14-44-60-61-43-33-58-41-25-4-7-40-46-53-47*39-32-65-37-5-54-19-66-3-23-0-2-50-13-33-22-45-41-12-4-7-46-40-47-6-21-62-15-42*35-41-12-25-27-67-37-5-65-54-18-69-48-66-38-36-45-34-51-8-26-49-15-62-42-30-24-63-21-6*45-22-13-50-0-23-69-38-36-41-25-4-7-46-40-53-47-6-56-28-10-17-44-14-60*12-41-45-36-54-18-39-48-3-69-23-50-17-59-68-9-11-49-26-8-51-34-25-4-7-40-46*57-34-25-4-53-47-6-63-21-30-62-26-8-52-64-58-45-36-54-5-37-65-32-18-38-22-33-20-43*43-13-22-36-45-41-25-12-4-7-53-47-6-56-8-10-17-61-44-14-2-50-23*52-10-59-11-9-49-1-26-30-21-24-63-6-35-34-45-36-38-19-29-48-69-23-50-17-43-13-22*34-58-45-22-13-43-17-59-11-31-9-68-1-26-8-51-41-27-67-37-32-39-48-29-23*34-41-12-25-57-35-51-56-28-10-8-55-20-13-50-2-14-44-61-17-59-1-26-30-24-21-6-47-40-7*48-69-19-36-41-25-4-40-46-7-47-6-63-30-26-16-10-55-52-64-51-58-33-13-43-17*69-3-66-38-22-33-20-17-9-31-1-26-8-28-56-51-35-34-41-27-67-65-39-48-29-23-0-50-13*14-44-60-61-17-20-52-64-35-57-25-4-40-46-53*