24_3_Mumford1_SA_Mutations_more RESULTS EVALUATION:
\
HV:0.7574 | BM:0.7758

\
	Operator	Passenger
\
f1_ATT	29.6784		22.9117
\
f2_TRT	531		1628
\
d_0	23.2856		50.7884
\
d_1	53.0815		47.2461
\
d_2	21.3231		1.9656
\
d_un	2.3098		0.0000

\
Best Operator Route set:
\
[[27, 41, 34, 58, 64, 52, 20, 17, 61, 60],
[46, 40, 53, 47, 6, 56, 28, 8, 10, 59],
[32, 39, 18, 54, 36, 45, 58, 51, 35, 6],
[23, 2, 0, 69, 3, 66, 19, 38, 22, 33],
[29, 48, 66, 19, 36, 45, 34, 51, 8, 26, 62],
[4, 25, 12, 41, 45, 22, 13, 50, 2, 14],
[7, 4, 12, 25, 41, 34, 57, 35, 6, 47],
[50, 43, 20, 55, 10, 16, 26, 30, 24, 21],
[63, 21, 24, 30, 26, 16, 10, 17, 61, 44],
[5, 18, 54, 36, 45, 58, 64, 52, 10, 16],
[68, 9, 11, 31, 1, 26, 8, 51, 41, 45],
[49, 26, 16, 10, 55, 20, 33, 22, 19, 66],
[37, 65, 5, 54, 19, 22, 33, 43, 61, 60],
[22, 33, 20, 55, 10, 16, 26, 49, 15, 42],
[12, 25, 27, 41, 36, 54, 18, 5, 37, 67]]

\
Best Passenger Route set:
\
[[62, 24, 42, 49, 26, 16, 10, 52, 64, 51, 35, 57, 25, 12, 27, 67, 65, 32, 39, 48, 29, 3, 38, 54, 18, 66, 19, 36, 41, 58],
[3, 0, 50, 2, 14, 44, 60, 61, 43, 33, 58, 41, 12, 4, 40, 46, 7, 53, 47, 6, 21],
[49, 11, 9, 68, 59, 10, 55, 16, 26, 30, 63, 6, 56, 28, 8, 52, 20, 43, 50, 23, 29, 19, 18, 54, 36, 45, 58, 57, 35],
[34, 45, 36, 54, 5, 37, 65, 18, 38, 22, 33, 20, 17, 9, 11, 15, 62, 21, 63, 6, 35, 58, 64, 52],
[7, 4, 40, 47, 6, 21, 24, 42, 15, 49, 26, 8, 51, 35, 57, 34, 58, 64, 52, 55, 16, 1, 68, 9, 11, 31],
[39, 48, 69, 23, 50, 17, 59, 11, 31, 1, 16, 10, 20, 33, 22, 19, 3, 66, 18, 32, 65, 67, 27, 41, 58],
[53, 46, 40, 4, 12, 25, 41, 45, 22, 13, 50, 0, 23, 3, 19, 54, 5, 37, 65, 39, 48, 29],
[34, 25, 27, 67, 37, 18, 69, 19, 3, 48, 66, 38, 22, 13, 20, 55, 8, 28, 56, 51, 58, 33, 50, 2, 14],
[13, 22, 19, 54, 18, 39, 48, 3, 69, 0, 50, 17, 59, 1, 26, 30, 24, 21, 63, 6, 56, 51, 57, 41, 27, 67, 37, 32],
[8, 52, 64, 35, 6, 47, 53, 4, 25, 41, 36, 38, 69, 23, 2, 14, 61, 43, 13, 22],
[18, 5, 32, 37, 67, 27, 41, 51, 8, 26, 30, 62, 49, 1, 59, 17, 61, 43, 13, 22, 36, 45],
[60, 61, 43, 50, 0, 3, 19, 54, 5, 67, 27, 25, 4, 7, 46, 53, 47, 6, 56, 8, 10, 17, 44, 14, 2, 23, 69, 18, 65, 32],
[45, 58, 33, 13, 20, 10, 16, 26, 62, 42, 30, 63, 6, 35, 41, 36, 38, 18, 32, 65, 5, 54, 19, 66, 29, 69, 23, 2, 14, 60],
[46, 53, 47, 6, 56, 28, 10, 59, 9, 68, 1, 26, 8, 51, 34, 25, 4, 7, 40, 12],
[5, 32, 39, 18, 54, 36, 45, 34, 35, 6, 21, 24, 42, 62, 15, 11, 68, 59, 17, 20, 13, 33, 58, 57]]

\
Best Operator Route set string:
\
27-41-34-58-64-52-20-17-61-60*46-40-53-47-6-56-28-8-10-59*32-39-18-54-36-45-58-51-35-6*23-2-0-69-3-66-19-38-22-33*29-48-66-19-36-45-34-51-8-26-62*4-25-12-41-45-22-13-50-2-14*7-4-12-25-41-34-57-35-6-47*50-43-20-55-10-16-26-30-24-21*63-21-24-30-26-16-10-17-61-44*5-18-54-36-45-58-64-52-10-16*68-9-11-31-1-26-8-51-41-45*49-26-16-10-55-20-33-22-19-66*37-65-5-54-19-22-33-43-61-60*22-33-20-55-10-16-26-49-15-42*12-25-27-41-36-54-18-5-37-67*

\
Best Passenger Route set sting:
\
62-24-42-49-26-16-10-52-64-51-35-57-25-12-27-67-65-32-39-48-29-3-38-54-18-66-19-36-41-58*3-0-50-2-14-44-60-61-43-33-58-41-12-4-40-46-7-53-47-6-21*49-11-9-68-59-10-55-16-26-30-63-6-56-28-8-52-20-43-50-23-29-19-18-54-36-45-58-57-35*34-45-36-54-5-37-65-18-38-22-33-20-17-9-11-15-62-21-63-6-35-58-64-52*7-4-40-47-6-21-24-42-15-49-26-8-51-35-57-34-58-64-52-55-16-1-68-9-11-31*39-48-69-23-50-17-59-11-31-1-16-10-20-33-22-19-3-66-18-32-65-67-27-41-58*53-46-40-4-12-25-41-45-22-13-50-0-23-3-19-54-5-37-65-39-48-29*34-25-27-67-37-18-69-19-3-48-66-38-22-13-20-55-8-28-56-51-58-33-50-2-14*13-22-19-54-18-39-48-3-69-0-50-17-59-1-26-30-24-21-63-6-56-51-57-41-27-67-37-32*8-52-64-35-6-47-53-4-25-41-36-38-69-23-2-14-61-43-13-22*18-5-32-37-67-27-41-51-8-26-30-62-49-1-59-17-61-43-13-22-36-45*60-61-43-50-0-3-19-54-5-67-27-25-4-7-46-53-47-6-56-8-10-17-44-14-2-23-69-18-65-32*45-58-33-13-20-10-16-26-62-42-30-63-6-35-41-36-38-18-32-65-5-54-19-66-29-69-23-2-14-60*46-53-47-6-56-28-10-59-9-68-1-26-8-51-34-25-4-7-40-12*5-32-39-18-54-36-45-34-35-6-21-24-42-62-15-11-68-59-17-20-13-33-58-57*