33_2_Mumford0__ALL_param RESULTS EVALUATION:
\
HV:0.8121 | BM:0.8087

\
	Operator	Passenger
\
f1_ATT	24.9323		15.4216
\
f2_TRT	96		482
\
d_0	25.4238		70.0783
\
d_1	44.5201		29.9217
\
d_2	24.9065		0.0000
\
d_un	5.1496		0.0000

\
Best Operator Route set:
\
[[4, 24],
[14, 24],
[5, 21, 6, 13, 18, 0, 22, 25, 7, 20, 14, 23, 1],
[29, 2, 10, 27, 7, 16],
[9, 1],
[22, 19, 12, 8],
[3, 1],
[17, 22],
[25, 11],
[28, 25],
[0, 26],
[15, 10]]

\
Best Passenger Route set:
\
[[4, 1, 3, 23, 20, 7, 16, 6, 13],
[0, 19],
[21, 6, 16, 28, 25, 22, 12],
[20, 7, 25, 22, 19, 18, 13, 6, 15, 2, 29, 27, 16, 28, 17],
[25, 22, 17, 11, 3, 9, 14, 7, 27, 10, 15, 21, 5],
[21, 15, 10, 16, 28, 17, 12, 8, 26],
[6, 13, 18, 0, 26, 8, 12, 19, 22, 17, 11, 14, 24, 4, 20],
[23, 24, 3, 1, 4, 7, 28, 0, 18, 19, 17],
[6, 10, 29, 2, 7, 4, 23, 1],
[9, 1, 3, 11, 17, 22, 0, 13, 6, 5, 21, 2, 16],
[3, 24, 20, 7, 25, 0, 18, 12, 19, 17, 11, 14, 23, 1, 9],
[26, 0, 28, 16, 15, 21, 10, 2, 6]]

\
Best Operator Route set string:
\
4-24*14-24*5-21-6-13-18-0-22-25-7-20-14-23-1*29-2-10-27-7-16*9-1*22-19-12-8*3-1*17-22*25-11*28-25*0-26*15-10*

\
Best Passenger Route set sting:
\
4-1-3-23-20-7-16-6-13*0-19*21-6-16-28-25-22-12*20-7-25-22-19-18-13-6-15-2-29-27-16-28-17*25-22-17-11-3-9-14-7-27-10-15-21-5*21-15-10-16-28-17-12-8-26*6-13-18-0-26-8-12-19-22-17-11-14-24-4-20*23-24-3-1-4-7-28-0-18-19-17*6-10-29-2-7-4-23-1*9-1-3-11-17-22-0-13-6-5-21-2-16*3-24-20-7-25-0-18-12-19-17-11-14-23-1-9*26-0-28-16-15-21-10-2-6*