7_3_Mumford1_GA_Pop_size RESULTS EVALUATION:
\
HV:0.7719 | BM:0.7758

\
	Operator	Passenger
\
f1_ATT	31.7578		22.9127
\
f2_TRT	489		1675
\
d_0	19.2159		50.7650
\
d_1	43.1784		47.7647
\
d_2	31.6732		1.4703
\
d_un	5.9325		0.0000

\
Best Operator Route set:
\
[[2, 0, 23, 69, 3, 66, 19, 38, 22, 33],
[46, 40, 7, 4, 12, 25, 41, 34, 57, 35],
[62, 24, 30, 26, 8, 56, 6, 47, 53, 7],
[48, 39, 32, 18, 54, 36, 45, 58, 51, 35],
[2, 0, 23, 69, 3, 66, 19, 38, 22, 33],
[46, 40, 7, 47, 6, 56, 28, 8, 10, 59],
[22, 33, 20, 55, 10, 16, 26, 49, 15, 42],
[2, 0, 23, 69, 3, 66, 19, 38, 22, 33],
[46, 40, 7, 4, 12, 25, 41, 34, 57, 35],
[2, 0, 23, 69, 3, 66, 19, 38, 22, 33],
[12, 27, 41, 45, 22, 13, 50, 2, 14, 44],
[63, 21, 24, 30, 26, 16, 10, 17, 61, 60],
[67, 65, 37, 5, 54, 36, 45, 58, 64, 52],
[68, 9, 11, 31, 1, 26, 8, 51, 35, 41],
[26, 16, 10, 20, 43, 50, 23, 69, 29, 48]]

\
Best Passenger Route set:
\
[[40, 12, 25, 27, 67, 37, 65, 18, 54, 36, 45, 41, 51, 56, 28, 8, 26, 49, 11, 68, 9, 17, 60, 61],
[31, 11, 9, 17, 50, 23, 29, 48, 39, 32, 37, 18, 67, 27, 41, 57, 51, 64, 52, 8],
[21, 62, 42, 49, 1, 16, 10, 55, 20, 43, 50, 2, 0, 69, 19, 54, 18, 5, 67, 37, 32, 65],
[35, 6, 21, 30, 24, 42, 15, 49, 26, 16, 10, 55, 20, 33, 22, 38, 54, 5, 37, 67, 27, 41, 58, 34, 57, 25, 4, 40],
[26, 62, 24, 30, 63, 6, 47, 7, 4, 25, 57, 35, 51, 64, 52, 20, 17, 61, 14, 60],
[8, 28, 56, 51, 57, 35, 6, 63, 30, 42, 15, 11, 9, 59, 17, 20, 33, 22, 38, 54, 18, 5, 65, 32, 39, 48, 29, 66, 19, 3],
[36, 45, 41, 35, 6, 63, 24, 30, 26, 16, 10, 20, 43, 50, 23, 69, 3, 48, 66, 38, 22, 19],
[38, 18, 39, 32, 54, 66, 19, 29, 23, 50, 2, 14, 44, 17, 10, 28, 8, 56, 6, 47, 53, 4, 12, 25, 41, 45, 22, 13, 20, 55],
[2, 50, 13, 33, 58, 35, 64, 52, 10, 59, 9, 68, 1, 26, 8, 51, 41, 27, 67, 18, 37, 65, 5, 54, 36, 45, 34, 57, 25, 4],
[7, 47, 6, 21, 63, 24, 30, 62, 42, 15, 49, 26, 8, 51, 34, 45, 36, 54, 18, 32, 39, 48, 29, 69, 38, 22, 33, 20],
[15, 42, 62, 21, 6, 47, 53, 46, 7, 4, 12, 25, 34, 51, 8, 26, 1, 31, 9, 49, 11, 68, 59, 10, 55, 20, 43, 13, 33, 58],
[12, 27, 67, 65, 37, 5, 54, 32, 39, 48, 29, 3, 38, 36, 45, 58, 64, 52, 55, 16, 26, 49, 15, 42, 62, 24, 63, 30, 21],
[46, 40, 47, 6, 56, 28, 10, 59, 9, 31, 1, 26, 8, 51, 58, 45, 36, 19, 66, 69, 3, 0, 50, 43, 17, 61, 44],
[25, 57, 34, 35, 6, 47, 53, 46, 40, 4, 12, 41, 58, 64, 52, 20, 17, 61, 43, 13, 33, 22, 19, 18, 69, 23, 2, 14, 44, 60],
[24, 30, 26, 49, 1, 59, 9, 16, 10, 20, 13, 50, 23, 69, 38, 36, 41, 25, 4, 7, 40, 46, 53, 47, 6, 56, 8, 55, 17, 60]]

\
Best Operator Route set string:
\
2-0-23-69-3-66-19-38-22-33*46-40-7-4-12-25-41-34-57-35*62-24-30-26-8-56-6-47-53-7*48-39-32-18-54-36-45-58-51-35*2-0-23-69-3-66-19-38-22-33*46-40-7-47-6-56-28-8-10-59*22-33-20-55-10-16-26-49-15-42*2-0-23-69-3-66-19-38-22-33*46-40-7-4-12-25-41-34-57-35*2-0-23-69-3-66-19-38-22-33*12-27-41-45-22-13-50-2-14-44*63-21-24-30-26-16-10-17-61-60*67-65-37-5-54-36-45-58-64-52*68-9-11-31-1-26-8-51-35-41*26-16-10-20-43-50-23-69-29-48*

\
Best Passenger Route set sting:
\
40-12-25-27-67-37-65-18-54-36-45-41-51-56-28-8-26-49-11-68-9-17-60-61*31-11-9-17-50-23-29-48-39-32-37-18-67-27-41-57-51-64-52-8*21-62-42-49-1-16-10-55-20-43-50-2-0-69-19-54-18-5-67-37-32-65*35-6-21-30-24-42-15-49-26-16-10-55-20-33-22-38-54-5-37-67-27-41-58-34-57-25-4-40*26-62-24-30-63-6-47-7-4-25-57-35-51-64-52-20-17-61-14-60*8-28-56-51-57-35-6-63-30-42-15-11-9-59-17-20-33-22-38-54-18-5-65-32-39-48-29-66-19-3*36-45-41-35-6-63-24-30-26-16-10-20-43-50-23-69-3-48-66-38-22-19*38-18-39-32-54-66-19-29-23-50-2-14-44-17-10-28-8-56-6-47-53-4-12-25-41-45-22-13-20-55*2-50-13-33-58-35-64-52-10-59-9-68-1-26-8-51-41-27-67-18-37-65-5-54-36-45-34-57-25-4*7-47-6-21-63-24-30-62-42-15-49-26-8-51-34-45-36-54-18-32-39-48-29-69-38-22-33-20*15-42-62-21-6-47-53-46-7-4-12-25-34-51-8-26-1-31-9-49-11-68-59-10-55-20-43-13-33-58*12-27-67-65-37-5-54-32-39-48-29-3-38-36-45-58-64-52-55-16-26-49-15-42-62-24-63-30-21*46-40-47-6-56-28-10-59-9-31-1-26-8-51-58-45-36-19-66-69-3-0-50-43-17-61-44*25-57-34-35-6-47-53-46-40-4-12-41-58-64-52-20-17-61-43-13-33-22-19-18-69-23-2-14-44-60*24-30-26-49-1-59-9-16-10-20-13-50-23-69-38-36-41-25-4-7-40-46-53-47-6-56-8-55-17-60*