8_2_Mumford0_GA_Crossover_prob RESULTS EVALUATION:
\
HV:0.8261 | BM:0.8087

\
	Operator	Passenger
\
f1_ATT	28.6804		14.9631
\
f2_TRT	94		576
\
d_0	23.2347		76.2976
\
d_1	33.1102		23.6001
\
d_2	23.1763		0.1023
\
d_un	20.4787		0.0000

\
Best Operator Route set:
\
[[13, 6, 15, 10, 2, 27, 7, 20, 14, 23, 3, 9],
[18, 0, 22],
[12, 8],
[4, 24],
[19, 22],
[2, 29],
[28, 25, 22, 17, 11, 14, 24],
[5, 21, 10],
[0, 26],
[16, 27],
[3, 1],
[12, 19]]

\
Best Passenger Route set:
\
[[29, 10, 7, 14, 9, 1, 3, 11, 17, 22, 18, 13, 6, 5],
[3, 9, 23, 14, 11, 17, 19, 12, 8, 26],
[26, 0, 28, 16, 27, 29, 2, 21, 6, 13, 18, 12, 8, 19],
[13, 18, 0, 28, 7, 4, 24, 14, 3, 1, 9, 23],
[26, 8, 12, 19, 22, 25, 7, 27, 29, 2],
[5, 6, 16, 7, 24, 1, 3, 9],
[6, 15, 2, 29, 27, 7, 4, 24, 14, 9, 1, 3, 11, 17, 0],
[12, 19, 17, 28, 16, 15, 10, 2, 7, 14, 23, 9, 1, 3, 4],
[11, 25, 28, 16, 6, 5, 21, 15, 27, 7, 14, 23, 3, 9],
[25, 22, 17, 19, 18, 13, 6, 15, 10, 27, 2],
[22, 25, 28, 16, 15, 10, 27, 7, 20, 14, 1, 3, 24, 4, 23],
[16, 7, 24, 14, 11, 17, 12, 8, 26, 0, 13, 6, 10, 15, 21]]

\
Best Operator Route set string:
\
13-6-15-10-2-27-7-20-14-23-3-9*18-0-22*12-8*4-24*19-22*2-29*28-25-22-17-11-14-24*5-21-10*0-26*16-27*3-1*12-19*

\
Best Passenger Route set sting:
\
29-10-7-14-9-1-3-11-17-22-18-13-6-5*3-9-23-14-11-17-19-12-8-26*26-0-28-16-27-29-2-21-6-13-18-12-8-19*13-18-0-28-7-4-24-14-3-1-9-23*26-8-12-19-22-25-7-27-29-2*5-6-16-7-24-1-3-9*6-15-2-29-27-7-4-24-14-9-1-3-11-17-0*12-19-17-28-16-15-10-2-7-14-23-9-1-3-4*11-25-28-16-6-5-21-15-27-7-14-23-3-9*25-22-17-19-18-13-6-15-10-27-2*22-25-28-16-15-10-27-7-20-14-1-3-24-4-23*16-7-24-14-11-17-12-8-26-0-13-6-10-15-21*