24_2_Mumford0_SA_Mutations_more RESULTS EVALUATION:
\
HV:0.7942 | BM:0.8087

\
	Operator	Passenger
\
f1_ATT	26.1079		15.3193
\
f2_TRT	98		603
\
d_0	19.0700		69.6867
\
d_1	39.3997		29.4921
\
d_2	28.8491		0.8213
\
d_un	12.6812		0.0000

\
Best Operator Route set:
\
[[0, 18, 22, 25, 7, 16, 27, 10, 15, 21, 5],
[26, 0],
[4, 24],
[9, 3, 24, 20, 7],
[19, 8],
[18, 13],
[11, 17, 22, 19, 12],
[23, 14, 20],
[25, 28],
[10, 2, 29],
[3, 1],
[6, 10]]

\
Best Passenger Route set:
\
[[19, 18, 0, 28, 7, 20, 24, 14, 23, 1, 3],
[2, 29, 27, 7, 25, 0, 18, 17, 11, 3, 1, 9, 23, 20, 14],
[9, 1, 24, 7, 2, 10, 16, 28, 25, 11, 17, 0, 22, 18, 13],
[4, 23, 14, 7, 27, 10, 15, 21, 5, 6, 13, 18, 12, 19, 8],
[11, 14, 24, 4, 20, 7, 28, 17, 19, 12, 22],
[9, 3, 23, 20, 7, 25, 0, 13, 18, 22, 17, 28, 16, 2, 29],
[4, 1, 3, 9, 23, 14, 7, 16, 6, 5, 15, 2, 27, 10, 29],
[9, 14, 24, 7, 2, 21, 15, 16, 28, 0, 22, 19, 12, 8],
[27, 10, 6, 16, 28, 17, 12, 0, 25, 22, 19, 8],
[19, 0, 25, 7, 4, 1],
[13, 18, 0, 17, 11, 14, 23, 9, 1, 3, 24, 7, 16, 6, 5],
[18, 0, 26, 8, 12, 17, 11, 3, 1, 9, 14, 7, 25, 28]]

\
Best Operator Route set string:
\
0-18-22-25-7-16-27-10-15-21-5*26-0*4-24*9-3-24-20-7*19-8*18-13*11-17-22-19-12*23-14-20*25-28*10-2-29*3-1*6-10*

\
Best Passenger Route set sting:
\
19-18-0-28-7-20-24-14-23-1-3*2-29-27-7-25-0-18-17-11-3-1-9-23-20-14*9-1-24-7-2-10-16-28-25-11-17-0-22-18-13*4-23-14-7-27-10-15-21-5-6-13-18-12-19-8*11-14-24-4-20-7-28-17-19-12-22*9-3-23-20-7-25-0-13-18-22-17-28-16-2-29*4-1-3-9-23-14-7-16-6-5-15-2-27-10-29*9-14-24-7-2-21-15-16-28-0-22-19-12-8*27-10-6-16-28-17-12-0-25-22-19-8*19-0-25-7-4-1*13-18-0-17-11-14-23-9-1-3-24-7-16-6-5*18-0-26-8-12-17-11-3-1-9-14-7-25-28*