36_4_Mumford2_SA_Stat_long_run RESULTS EVALUATION:
\
HV:0.6391 | BM:0.6490

\
	Operator	Passenger
\
f1_ATT	29.9080		26.0719
\
f2_TRT	1979		4000
\
d_0	22.7674		44.5993
\
d_1	58.6468		53.9543
\
d_2	18.0134		1.4464
\
d_un	0.5724		0.0000

\
Best Operator Route set:
\
[[25, 10, 52, 100, 18, 9, 23, 31, 102, 51],
[87, 38, 63, 8, 90, 91, 49, 52, 89, 109],
[86, 28, 21, 27, 101, 55, 45, 63, 12, 47],
[50, 17, 65, 39, 55, 63, 12, 103, 7, 37],
[53, 90, 91, 49, 52, 89, 11, 64, 36, 107],
[29, 43, 30, 26, 44, 92, 67, 93, 35, 8],
[42, 96, 64, 92, 9, 23, 19, 31, 102, 88],
[30, 43, 44, 92, 18, 15, 2, 63, 38, 87],
[13, 32, 59, 27, 94, 105, 83, 15, 34, 93],
[82, 19, 22, 6, 81, 105, 94, 101, 55, 87],
[61, 65, 17, 95, 68, 21, 28, 86, 51, 71],
[30, 43, 72, 79, 64, 11, 73, 106, 57, 40],
[33, 19, 22, 54, 15, 35, 8, 62, 103, 41],
[28, 86, 24, 19, 82, 44, 72, 48, 108, 36],
[71, 86, 28, 21, 59, 95, 17, 56, 87, 97],
[74, 12, 62, 8, 90, 91, 52, 89, 11, 5],
[1, 0, 87, 38, 63, 8, 90, 49, 52, 89],
[20, 17, 39, 55, 63, 53, 8, 90, 91, 52],
[43, 44, 92, 18, 67, 98, 93, 35, 8, 53],
[33, 19, 3, 66, 34, 35, 8, 62, 12, 60],
[29, 43, 30, 26, 82, 19, 85, 94, 105, 27],
[13, 32, 50, 17, 39, 55, 45, 63, 12, 16],
[14, 76, 99, 82, 44, 72, 79, 73, 106, 57],
[80, 38, 63, 53, 90, 49, 91, 52, 89, 96],
[36, 64, 92, 18, 15, 83, 94, 105, 27, 59],
[59, 27, 105, 81, 6, 22, 19, 33, 99, 69],
[29, 30, 43, 44, 92, 64, 89, 52, 7, 84],
[17, 65, 39, 55, 63, 12, 103, 70, 25, 104],
[78, 39, 55, 45, 2, 15, 18, 98, 67, 92],
[17, 39, 55, 63, 8, 90, 49, 52, 89, 106],
[30, 26, 82, 19, 22, 85, 6, 81, 94, 105],
[27, 105, 94, 83, 15, 34, 18, 92, 64, 79],
[53, 8, 90, 49, 52, 89, 96, 42, 5, 77],
[5, 42, 73, 89, 52, 49, 91, 90, 8, 53],
[46, 86, 28, 59, 27, 101, 55, 38, 74, 60],
[44, 92, 18, 67, 93, 35, 8, 62, 12, 74],
[14, 31, 24, 6, 81, 94, 27, 17, 65, 56],
[23, 9, 92, 64, 96, 11, 73, 106, 57, 40],
[36, 64, 92, 18, 15, 83, 94, 105, 27, 59],
[30, 43, 72, 79, 73, 89, 106, 57, 40, 37],
[80, 38, 63, 8, 90, 49, 91, 52, 89, 109],
[51, 86, 28, 59, 95, 17, 65, 56, 87, 80],
[45, 63, 53, 8, 90, 49, 91, 52, 89, 109],
[75, 20, 50, 95, 27, 105, 94, 85, 19, 33],
[51, 86, 28, 21, 27, 101, 55, 45, 38, 58],
[0, 87, 38, 63, 53, 90, 91, 52, 89, 11],
[50, 95, 27, 94, 81, 6, 22, 19, 33, 99],
[44, 92, 18, 67, 98, 93, 35, 8, 62, 103],
[17, 65, 39, 55, 45, 63, 53, 62, 103, 7],
[80, 38, 53, 8, 90, 49, 52, 89, 64, 36],
[59, 27, 105, 94, 83, 35, 49, 52, 89, 73],
[80, 38, 63, 8, 90, 49, 91, 52, 89, 109],
[20, 50, 65, 39, 55, 45, 63, 12, 103, 70],
[4, 36, 64, 89, 52, 49, 90, 8, 62, 12],
[36, 64, 92, 18, 34, 15, 83, 105, 27, 17],
[69, 99, 33, 19, 22, 85, 6, 81, 94, 101]]

\
Best Passenger Route set:
\
[[108, 79, 36, 64, 89, 52, 10, 7, 49, 91, 62, 53, 63, 55, 39, 17, 95, 59],
[108, 107, 48, 44, 30, 43, 26, 82, 19, 24, 22, 54, 66],
[73, 89, 64, 79, 48, 72, 26, 30, 69, 99, 82, 23, 9, 18, 100, 52, 7, 84],
[60, 41, 104, 70, 103, 12, 63, 55, 39, 0],
[109, 11, 96, 42, 106, 73, 64, 92, 9, 19, 102, 88, 71, 31],
[4, 36, 64, 92, 18, 34, 83, 94, 27, 59, 68, 50, 65, 56, 87, 80, 58],
[7, 70, 41, 16, 12, 8, 35, 93, 18, 9, 23, 19, 22, 85, 94, 101, 55, 39, 65, 56],
[20, 95, 50, 13, 32, 59, 27, 105, 83, 15, 34, 93, 100, 52, 89, 11, 73, 96, 64, 109],
[47, 16, 41, 7, 52, 100, 67, 98, 18, 9, 23, 33, 76, 14, 31, 19, 24],
[26, 82, 33, 31, 23, 9, 18, 34, 15, 83, 2, 94, 27, 17],
[84, 25, 40, 7, 103, 12, 38, 55, 39, 65, 17, 75, 50, 95, 59, 21, 28],
[13, 68, 95, 17, 39, 55, 63, 53, 90, 49, 52, 89, 42, 73, 96],
[71, 88, 31, 19, 23, 82, 44, 72, 92, 67, 98, 93, 34, 15, 2, 45, 55, 87, 0, 97],
[30, 43, 26, 82, 19, 85, 94, 101, 55, 87, 56, 61, 65, 78, 17, 50, 20, 68, 32, 13],
[70, 41, 74, 58, 47, 103, 62, 90, 49, 52, 89, 11, 64, 79, 72, 43, 30],
[20, 50, 17, 65, 56, 87, 38, 63, 53, 90, 49, 52, 89, 11, 5, 77, 4, 107, 36],
[40, 7, 103, 62, 53, 45, 55, 101, 27, 59, 28, 46],
[56, 1, 0, 78, 95, 68, 21, 28, 86, 6, 3, 9, 92, 64, 96, 42, 5, 77, 107, 108],
[19, 24, 102, 14, 76, 99, 82, 44, 72, 79, 73, 106, 57, 40, 104, 7, 52, 91, 90],
[29, 43, 26, 82, 19, 85, 81, 105, 27, 95, 50, 20, 17, 39, 0, 1, 87, 80, 45],
[28, 59, 95, 17, 65, 56, 87, 45, 2, 15, 18, 92, 48, 108, 79, 11, 96, 64, 36],
[1, 97, 58, 47, 74, 38, 55, 101, 27, 21, 28, 86, 51],
[25, 7, 41, 74, 12, 8, 35, 34, 3, 19, 33, 99, 14, 69, 30],
[47, 16, 70, 25, 37, 10, 52, 100, 93, 9, 23, 33, 31, 51, 86, 21, 27, 17, 39],
[17, 20, 95, 27, 105, 83, 15, 18, 92, 72, 108, 5, 11, 109],
[99, 82, 19, 102, 76, 69, 30, 43, 72, 79, 73, 89, 52, 10, 40],
[62, 53, 38, 58, 74, 47, 41, 16, 12, 63, 2, 15, 54, 24, 102, 88, 71],
[60, 74, 58, 38, 45, 2, 15, 54, 22, 19, 82, 26, 43],
[32, 68, 21, 28, 46, 86, 6, 54, 15, 35, 49, 7, 25, 84, 104, 10, 52, 89, 109],
[59, 95, 78, 17, 65, 61, 0, 80, 38, 53, 8, 90, 49, 52, 89, 73, 96],
[17, 56, 87, 38, 12, 53, 90, 91, 52, 89, 109, 64, 92, 9, 3, 54, 22],
[65, 17, 20, 50, 68, 21, 46, 51, 102, 33, 82, 44, 48, 107, 77],
[25, 84, 70, 103, 62, 8, 90, 35, 34, 3, 19, 31, 51, 71, 102, 14, 76, 99, 69],
[103, 16, 12, 63, 55, 39, 17, 50, 75, 20, 68, 59, 27, 94, 85, 54, 66],
[68, 95, 59, 21, 28, 46, 86, 6, 85, 54, 3, 93, 100, 52, 89, 106, 57],
[67, 98, 93, 35, 49, 91, 62, 47, 12, 53, 45, 2, 83, 3, 19, 33, 76],
[4, 77, 5, 42, 89, 106, 57, 40, 37, 10, 52, 49, 91, 100, 18, 92, 44, 43, 26, 30, 69],
[13, 32, 20, 17, 39, 55, 63, 8, 90, 91, 52, 89, 42, 5, 107, 36, 79],
[97, 58, 60, 47, 62, 8, 35, 15, 54, 85, 24, 102, 71, 31, 76, 14, 99],
[20, 50, 68, 95, 78, 65, 39, 17, 27, 105, 83, 2, 34, 18, 67, 92, 72, 48, 107, 77],
[75, 20, 68, 95, 78, 39, 55, 63, 12, 103, 70, 10, 57, 42, 5, 108, 79],
[72, 36, 5, 42, 106, 89, 52, 49, 90, 8, 53, 63, 55, 39, 65, 50, 13, 28, 21, 46],
[24, 85, 54, 15, 18, 67, 92, 64, 89, 73, 106, 57, 10, 25, 84, 104, 37, 7, 103, 12, 60, 47],
[82, 44, 48, 107, 4, 36, 64, 89, 52, 49, 90, 8, 63, 55, 80, 58, 60, 74, 41, 7, 103],
[87, 80, 45, 2, 15, 18, 92, 44, 30, 29, 26, 82, 23, 9, 66, 6, 81, 105],
[66, 93, 100, 91, 90, 53, 38, 80, 63, 8, 49, 52, 89, 64, 36, 107],
[41, 104, 84, 25, 7, 52, 100, 18, 9, 19, 82, 44, 48, 36, 108],
[21, 68, 20, 75, 17, 39, 55, 45, 53, 12, 62, 90, 49, 52, 89, 96, 11, 73, 109, 64],
[98, 67, 18, 92, 48, 107, 5, 108, 72, 44, 82, 99, 33, 102, 24],
[33, 82, 19, 3, 93, 35, 8, 62, 103, 41, 74, 60, 12],
[61, 65, 17, 95, 68, 50, 13, 32, 27, 94, 6, 24, 31, 14, 69, 99, 33, 19, 85],
[66, 18, 67, 98, 3, 81, 94, 101, 55, 38, 87, 1, 56, 17, 95, 59, 21, 86, 51, 88, 102],
[31, 102, 76, 14, 99, 82, 44, 92, 64, 11, 89, 52, 49, 90, 8, 63, 55, 39, 65, 78, 0],
[27, 17, 78, 65, 39, 87, 80, 38, 63, 2, 15, 54, 22, 31, 33, 99, 69, 76, 102, 71, 88],
[10, 52, 91, 90, 8, 53, 38, 87, 45, 63, 55, 39, 78],
[8, 62, 103, 70, 25, 10, 52, 49, 35, 83, 15, 66, 18, 67, 98]]

\
Best Operator Route set string:
\
25-10-52-100-18-9-23-31-102-51*87-38-63-8-90-91-49-52-89-109*86-28-21-27-101-55-45-63-12-47*50-17-65-39-55-63-12-103-7-37*53-90-91-49-52-89-11-64-36-107*29-43-30-26-44-92-67-93-35-8*42-96-64-92-9-23-19-31-102-88*30-43-44-92-18-15-2-63-38-87*13-32-59-27-94-105-83-15-34-93*82-19-22-6-81-105-94-101-55-87*61-65-17-95-68-21-28-86-51-71*30-43-72-79-64-11-73-106-57-40*33-19-22-54-15-35-8-62-103-41*28-86-24-19-82-44-72-48-108-36*71-86-28-21-59-95-17-56-87-97*74-12-62-8-90-91-52-89-11-5*1-0-87-38-63-8-90-49-52-89*20-17-39-55-63-53-8-90-91-52*43-44-92-18-67-98-93-35-8-53*33-19-3-66-34-35-8-62-12-60*29-43-30-26-82-19-85-94-105-27*13-32-50-17-39-55-45-63-12-16*14-76-99-82-44-72-79-73-106-57*80-38-63-53-90-49-91-52-89-96*36-64-92-18-15-83-94-105-27-59*59-27-105-81-6-22-19-33-99-69*29-30-43-44-92-64-89-52-7-84*17-65-39-55-63-12-103-70-25-104*78-39-55-45-2-15-18-98-67-92*17-39-55-63-8-90-49-52-89-106*30-26-82-19-22-85-6-81-94-105*27-105-94-83-15-34-18-92-64-79*53-8-90-49-52-89-96-42-5-77*5-42-73-89-52-49-91-90-8-53*46-86-28-59-27-101-55-38-74-60*44-92-18-67-93-35-8-62-12-74*14-31-24-6-81-94-27-17-65-56*23-9-92-64-96-11-73-106-57-40*36-64-92-18-15-83-94-105-27-59*30-43-72-79-73-89-106-57-40-37*80-38-63-8-90-49-91-52-89-109*51-86-28-59-95-17-65-56-87-80*45-63-53-8-90-49-91-52-89-109*75-20-50-95-27-105-94-85-19-33*51-86-28-21-27-101-55-45-38-58*0-87-38-63-53-90-91-52-89-11*50-95-27-94-81-6-22-19-33-99*44-92-18-67-98-93-35-8-62-103*17-65-39-55-45-63-53-62-103-7*80-38-53-8-90-49-52-89-64-36*59-27-105-94-83-35-49-52-89-73*80-38-63-8-90-49-91-52-89-109*20-50-65-39-55-45-63-12-103-70*4-36-64-89-52-49-90-8-62-12*36-64-92-18-34-15-83-105-27-17*69-99-33-19-22-85-6-81-94-101*

\
Best Passenger Route set sting:
\
108-79-36-64-89-52-10-7-49-91-62-53-63-55-39-17-95-59*108-107-48-44-30-43-26-82-19-24-22-54-66*73-89-64-79-48-72-26-30-69-99-82-23-9-18-100-52-7-84*60-41-104-70-103-12-63-55-39-0*109-11-96-42-106-73-64-92-9-19-102-88-71-31*4-36-64-92-18-34-83-94-27-59-68-50-65-56-87-80-58*7-70-41-16-12-8-35-93-18-9-23-19-22-85-94-101-55-39-65-56*20-95-50-13-32-59-27-105-83-15-34-93-100-52-89-11-73-96-64-109*47-16-41-7-52-100-67-98-18-9-23-33-76-14-31-19-24*26-82-33-31-23-9-18-34-15-83-2-94-27-17*84-25-40-7-103-12-38-55-39-65-17-75-50-95-59-21-28*13-68-95-17-39-55-63-53-90-49-52-89-42-73-96*71-88-31-19-23-82-44-72-92-67-98-93-34-15-2-45-55-87-0-97*30-43-26-82-19-85-94-101-55-87-56-61-65-78-17-50-20-68-32-13*70-41-74-58-47-103-62-90-49-52-89-11-64-79-72-43-30*20-50-17-65-56-87-38-63-53-90-49-52-89-11-5-77-4-107-36*40-7-103-62-53-45-55-101-27-59-28-46*56-1-0-78-95-68-21-28-86-6-3-9-92-64-96-42-5-77-107-108*19-24-102-14-76-99-82-44-72-79-73-106-57-40-104-7-52-91-90*29-43-26-82-19-85-81-105-27-95-50-20-17-39-0-1-87-80-45*28-59-95-17-65-56-87-45-2-15-18-92-48-108-79-11-96-64-36*1-97-58-47-74-38-55-101-27-21-28-86-51*25-7-41-74-12-8-35-34-3-19-33-99-14-69-30*47-16-70-25-37-10-52-100-93-9-23-33-31-51-86-21-27-17-39*17-20-95-27-105-83-15-18-92-72-108-5-11-109*99-82-19-102-76-69-30-43-72-79-73-89-52-10-40*62-53-38-58-74-47-41-16-12-63-2-15-54-24-102-88-71*60-74-58-38-45-2-15-54-22-19-82-26-43*32-68-21-28-46-86-6-54-15-35-49-7-25-84-104-10-52-89-109*59-95-78-17-65-61-0-80-38-53-8-90-49-52-89-73-96*17-56-87-38-12-53-90-91-52-89-109-64-92-9-3-54-22*65-17-20-50-68-21-46-51-102-33-82-44-48-107-77*25-84-70-103-62-8-90-35-34-3-19-31-51-71-102-14-76-99-69*103-16-12-63-55-39-17-50-75-20-68-59-27-94-85-54-66*68-95-59-21-28-46-86-6-85-54-3-93-100-52-89-106-57*67-98-93-35-49-91-62-47-12-53-45-2-83-3-19-33-76*4-77-5-42-89-106-57-40-37-10-52-49-91-100-18-92-44-43-26-30-69*13-32-20-17-39-55-63-8-90-91-52-89-42-5-107-36-79*97-58-60-47-62-8-35-15-54-85-24-102-71-31-76-14-99*20-50-68-95-78-65-39-17-27-105-83-2-34-18-67-92-72-48-107-77*75-20-68-95-78-39-55-63-12-103-70-10-57-42-5-108-79*72-36-5-42-106-89-52-49-90-8-53-63-55-39-65-50-13-28-21-46*24-85-54-15-18-67-92-64-89-73-106-57-10-25-84-104-37-7-103-12-60-47*82-44-48-107-4-36-64-89-52-49-90-8-63-55-80-58-60-74-41-7-103*87-80-45-2-15-18-92-44-30-29-26-82-23-9-66-6-81-105*66-93-100-91-90-53-38-80-63-8-49-52-89-64-36-107*41-104-84-25-7-52-100-18-9-19-82-44-48-36-108*21-68-20-75-17-39-55-45-53-12-62-90-49-52-89-96-11-73-109-64*98-67-18-92-48-107-5-108-72-44-82-99-33-102-24*33-82-19-3-93-35-8-62-103-41-74-60-12*61-65-17-95-68-50-13-32-27-94-6-24-31-14-69-99-33-19-85*66-18-67-98-3-81-94-101-55-38-87-1-56-17-95-59-21-86-51-88-102*31-102-76-14-99-82-44-92-64-11-89-52-49-90-8-63-55-39-65-78-0*27-17-78-65-39-87-80-38-63-2-15-54-22-31-33-99-69-76-102-71-88*10-52-91-90-8-53-38-87-45-63-55-39-78*8-62-103-70-25-10-52-49-35-83-15-66-18-67-98*