21_3_Mumford1_SA_Initial_solutions RESULTS EVALUATION:
\
HV:0.7396 | BM:0.7758

\
	Operator	Passenger
\
f1_ATT	27.8603		23.7955
\
f2_TRT	531		1164
\
d_0	25.1302		43.7905
\
d_1	51.9196		52.5483
\
d_2	22.2737		3.6612
\
d_un	0.6765		0.0000

\
Best Operator Route set:
\
[[69, 38, 36, 45, 41, 25, 4, 7, 46, 40],
[21, 63, 6, 35, 34, 41, 27, 67, 65, 54],
[3, 69, 29, 48, 66, 19, 36, 41, 34, 57],
[42, 62, 24, 21, 6, 47, 53, 7, 46, 40],
[65, 37, 5, 18, 19, 69, 23, 3, 66, 38],
[69, 23, 50, 43, 20, 10, 16, 26, 30, 24],
[36, 41, 35, 6, 63, 24, 30, 26, 1, 11],
[8, 28, 56, 51, 35, 34, 45, 36, 22, 33],
[57, 35, 58, 33, 13, 43, 61, 60, 44, 14],
[10, 8, 52, 64, 58, 45, 36, 54, 18, 32],
[40, 46, 53, 47, 6, 56, 28, 8, 55, 10],
[0, 2, 50, 13, 20, 55, 52, 64, 51, 35],
[9, 17, 20, 33, 22, 38, 19, 54, 18, 39],
[59, 68, 9, 11, 31, 1, 26, 49, 15, 42],
[37, 5, 67, 27, 12, 25, 57, 51, 8, 26]]

\
Best Passenger Route set:
\
[[40, 4, 25, 57, 58, 51, 8, 26, 30, 24, 63, 6, 56, 28, 10, 55, 20, 13, 50, 0, 69, 18, 67, 27],
[28, 8, 10, 59, 9, 31, 1, 26, 16, 55, 20, 52, 64, 35, 34, 45, 36, 38, 54, 66, 69],
[53, 46, 40, 4, 25, 34, 35, 51, 8, 26, 1, 68, 11],
[37, 65, 54, 66, 3, 29, 48, 69, 38, 36, 45, 58, 64, 52, 8, 26, 49, 15, 42, 62, 30, 63],
[37, 65, 39, 48, 69, 23, 2, 14, 44, 61, 17, 9, 68, 11, 15, 62, 21, 6, 35, 57, 41, 12, 4, 53],
[46, 40, 7, 53, 47, 6, 56, 8, 10, 17, 61, 60, 44, 14],
[31, 11, 49, 15, 42, 24, 63, 21, 30, 26, 16, 10, 20, 43, 61, 60, 44, 14, 2, 50, 33, 58, 35, 6, 47, 7, 46],
[8, 28, 56, 51, 41, 36, 38, 19, 66, 3, 23, 50, 43, 17, 59, 1, 26, 62, 24],
[32, 18, 54, 36, 45, 41, 25, 12, 40, 46],
[9, 1, 49, 62, 26, 8, 51, 57, 34, 58, 33, 43, 13, 22, 45, 36, 19, 18, 39, 32, 54],
[44, 17, 20, 33, 22, 38, 54, 18, 32, 5, 67, 27, 25, 12, 4, 7, 47],
[59, 9, 49, 42, 24, 63, 6, 35, 64, 58, 45, 41, 12, 4, 7, 46],
[0, 2, 50, 13, 22, 45, 41, 12, 40, 46],
[33, 43, 61, 14, 2, 0, 69, 3, 66, 18, 54, 5, 37, 65, 32, 39, 48, 29, 23, 50, 17, 55, 10, 16, 26, 49],
[26, 16, 1, 11, 9, 68, 59, 10, 55, 52, 64, 51, 35, 41, 27, 67, 37, 65, 18]]

\
Best Operator Route set string:
\
69-38-36-45-41-25-4-7-46-40*21-63-6-35-34-41-27-67-65-54*3-69-29-48-66-19-36-41-34-57*42-62-24-21-6-47-53-7-46-40*65-37-5-18-19-69-23-3-66-38*69-23-50-43-20-10-16-26-30-24*36-41-35-6-63-24-30-26-1-11*8-28-56-51-35-34-45-36-22-33*57-35-58-33-13-43-61-60-44-14*10-8-52-64-58-45-36-54-18-32*40-46-53-47-6-56-28-8-55-10*0-2-50-13-20-55-52-64-51-35*9-17-20-33-22-38-19-54-18-39*59-68-9-11-31-1-26-49-15-42*37-5-67-27-12-25-57-51-8-26*

\
Best Passenger Route set sting:
\
40-4-25-57-58-51-8-26-30-24-63-6-56-28-10-55-20-13-50-0-69-18-67-27*28-8-10-59-9-31-1-26-16-55-20-52-64-35-34-45-36-38-54-66-69*53-46-40-4-25-34-35-51-8-26-1-68-11*37-65-54-66-3-29-48-69-38-36-45-58-64-52-8-26-49-15-42-62-30-63*37-65-39-48-69-23-2-14-44-61-17-9-68-11-15-62-21-6-35-57-41-12-4-53*46-40-7-53-47-6-56-8-10-17-61-60-44-14*31-11-49-15-42-24-63-21-30-26-16-10-20-43-61-60-44-14-2-50-33-58-35-6-47-7-46*8-28-56-51-41-36-38-19-66-3-23-50-43-17-59-1-26-62-24*32-18-54-36-45-41-25-12-40-46*9-1-49-62-26-8-51-57-34-58-33-43-13-22-45-36-19-18-39-32-54*44-17-20-33-22-38-54-18-32-5-67-27-25-12-4-7-47*59-9-49-42-24-63-6-35-64-58-45-41-12-4-7-46*0-2-50-13-22-45-41-12-40-46*33-43-61-14-2-0-69-3-66-18-54-5-37-65-32-39-48-29-23-50-17-55-10-16-26-49*26-16-1-11-9-68-59-10-55-52-64-51-35-41-27-67-37-65-18*