2_3_Mumford1_GA_Crossover RESULTS EVALUATION:
\
HV:0.7626 | BM:0.7758

\
	Operator	Passenger
\
f1_ATT	32.2425		23.8339
\
f2_TRT	483		997
\
d_0	21.1181		44.5423
\
d_1	47.2601		51.3584
\
d_2	27.1721		4.0266
\
d_un	4.4498		0.0727

\
Best Operator Route set:
\
[[29, 48, 66, 19, 38, 36, 45, 34, 57, 35],
[38, 19, 54, 5, 65, 37, 67, 27, 25, 12],
[50, 43, 20, 55, 10, 16, 26, 30, 63, 21],
[46, 40, 53, 47, 6, 56, 8, 28, 10, 59],
[31, 11, 68, 9, 59, 17, 20, 33, 22, 38],
[40, 46, 7, 4, 12, 25, 41, 34, 57, 35],
[10, 55, 52, 64, 58, 45, 36, 54, 18, 32, 39],
[29, 48, 66, 19, 38, 36, 45, 34, 35, 51],
[13, 33, 22, 38, 19, 66, 3, 69, 0, 2],
[24, 30, 26, 16, 10, 55, 20, 43, 50, 2, 23],
[14, 44, 60, 61, 17, 10, 16, 26, 30, 24],
[21, 24, 62, 49, 1, 26, 16, 10, 55, 20],
[20, 33, 22, 38, 19, 66, 3, 69, 29, 48],
[62, 42, 15, 49, 26, 8, 52, 64, 58, 45],
[21, 24, 62, 49, 1, 26, 16, 10, 55, 20]]

\
Best Passenger Route set:
\
[[6, 47, 7, 4, 12, 25, 41, 58, 64, 52, 55, 16, 1, 31, 9, 59],
[14, 2, 50, 13, 22, 45, 41, 25, 4, 40, 46, 7],
[67, 5, 32, 39, 18, 54, 38, 22, 33, 20, 10, 16, 26, 49, 42, 15, 11],
[31, 11, 9, 17, 60, 61, 43, 13, 22, 38, 19, 54, 18, 67, 5],
[51, 34, 58, 33, 50, 0, 23, 69, 38, 36, 45, 41, 12, 4, 53, 46],
[29, 66, 18, 67, 37, 65, 5, 54, 36, 45, 58, 64, 52, 8, 26, 49, 11],
[14, 60, 44, 17, 10, 8, 28, 56, 6, 63, 30],
[46, 40, 53, 47, 6, 56, 8, 26, 1, 9, 68, 59, 10, 55, 52],
[31, 1, 26, 62, 30, 15, 11, 59, 17, 20, 33, 22, 19, 54, 5, 65, 37],
[0, 50, 43, 20, 55, 8, 28, 56, 51, 35, 41, 45, 36, 54, 18, 32],
[39, 48, 29, 3, 69, 23, 50, 43, 17, 10, 16, 26, 30, 24, 21, 6, 35, 58, 34, 41, 25],
[14, 2, 23, 3, 66, 19, 36, 45, 34, 57, 35, 6, 63, 24, 62, 42],
[29, 19, 38, 66, 48, 39, 18, 54, 36, 45, 41, 12, 25, 57, 51],
[18, 66, 69, 0, 2, 14, 44, 60, 61, 17, 20, 52, 64, 51, 35, 6, 47, 40, 46, 7, 4, 12, 25, 27, 67, 65, 32, 54],
[66, 54, 65, 67, 27, 41, 57, 35, 51, 8, 26, 30, 62, 49, 9]]

\
Best Operator Route set string:
\
29-48-66-19-38-36-45-34-57-35*38-19-54-5-65-37-67-27-25-12*50-43-20-55-10-16-26-30-63-21*46-40-53-47-6-56-8-28-10-59*31-11-68-9-59-17-20-33-22-38*40-46-7-4-12-25-41-34-57-35*10-55-52-64-58-45-36-54-18-32-39*29-48-66-19-38-36-45-34-35-51*13-33-22-38-19-66-3-69-0-2*24-30-26-16-10-55-20-43-50-2-23*14-44-60-61-17-10-16-26-30-24*21-24-62-49-1-26-16-10-55-20*20-33-22-38-19-66-3-69-29-48*62-42-15-49-26-8-52-64-58-45*21-24-62-49-1-26-16-10-55-20*

\
Best Passenger Route set sting:
\
6-47-7-4-12-25-41-58-64-52-55-16-1-31-9-59*14-2-50-13-22-45-41-25-4-40-46-7*67-5-32-39-18-54-38-22-33-20-10-16-26-49-42-15-11*31-11-9-17-60-61-43-13-22-38-19-54-18-67-5*51-34-58-33-50-0-23-69-38-36-45-41-12-4-53-46*29-66-18-67-37-65-5-54-36-45-58-64-52-8-26-49-11*14-60-44-17-10-8-28-56-6-63-30*46-40-53-47-6-56-8-26-1-9-68-59-10-55-52*31-1-26-62-30-15-11-59-17-20-33-22-19-54-5-65-37*0-50-43-20-55-8-28-56-51-35-41-45-36-54-18-32*39-48-29-3-69-23-50-43-17-10-16-26-30-24-21-6-35-58-34-41-25*14-2-23-3-66-19-36-45-34-57-35-6-63-24-62-42*29-19-38-66-48-39-18-54-36-45-41-12-25-57-51*18-66-69-0-2-14-44-60-61-17-20-52-64-51-35-6-47-40-46-7-4-12-25-27-67-65-32-54*66-54-65-67-27-41-57-35-51-8-26-30-62-49-9*