7_2_Mumford0_GA_Pop_size RESULTS EVALUATION:
\
HV:0.8333 | BM:0.8087

\
	Operator	Passenger
\
f1_ATT	28.0440		14.8752
\
f2_TRT	94		576
\
d_0	18.4884		78.4165
\
d_1	35.5535		21.5835
\
d_2	30.4565		0.0000
\
d_un	15.5015		0.0000

\
Best Operator Route set:
\
[[13, 6, 10, 15],
[18, 0, 22, 17],
[17, 19, 12],
[4, 24],
[22, 25, 28],
[2, 29],
[3, 1, 23, 14, 24],
[5, 21, 10, 2, 27, 7, 20, 14, 11, 17],
[0, 26],
[16, 27],
[9, 1],
[12, 8]]

\
Best Passenger Route set:
\
[[8, 12, 18, 13, 6, 15, 10, 7, 20, 23, 1, 3, 9],
[1, 3, 23, 24, 4, 7, 25, 22, 0, 13, 6, 5],
[26, 8, 12, 19, 22, 25, 7, 27, 2, 29],
[7, 2, 15, 29, 27, 16, 28, 0, 22, 19, 12, 18, 13, 6, 5],
[16, 2, 29, 10, 6, 13, 18, 0, 22, 17, 11, 3, 1, 9],
[19, 18, 0, 25, 11, 14, 24, 20, 7, 28, 17, 12, 8, 26],
[1, 3, 4, 23, 14, 11, 17, 22, 19, 12, 0, 13, 6, 21, 5],
[20, 24, 3, 1, 9, 14, 11, 17, 19, 12, 8, 26, 0, 18, 22],
[24, 1, 3, 9, 23, 14, 7, 16, 6, 5, 21, 2, 29],
[5, 15, 16, 10, 21, 2, 29, 27, 7, 20, 14, 11],
[4, 24, 20, 7, 25, 0, 18, 13],
[23, 1, 3, 24, 7, 27, 10, 21, 5, 6, 16, 28, 25, 11]]

\
Best Operator Route set string:
\
13-6-10-15*18-0-22-17*17-19-12*4-24*22-25-28*2-29*3-1-23-14-24*5-21-10-2-27-7-20-14-11-17*0-26*16-27*9-1*12-8*

\
Best Passenger Route set sting:
\
8-12-18-13-6-15-10-7-20-23-1-3-9*1-3-23-24-4-7-25-22-0-13-6-5*26-8-12-19-22-25-7-27-2-29*7-2-15-29-27-16-28-0-22-19-12-18-13-6-5*16-2-29-10-6-13-18-0-22-17-11-3-1-9*19-18-0-25-11-14-24-20-7-28-17-12-8-26*1-3-4-23-14-11-17-22-19-12-0-13-6-21-5*20-24-3-1-9-14-11-17-19-12-8-26-0-18-22*24-1-3-9-23-14-7-16-6-5-21-2-29*5-15-16-10-21-2-29-27-7-20-14-11*4-24-20-7-25-0-18-13*23-1-3-24-7-27-10-21-5-6-16-28-25-11*