6_3_Mumford1_GA_repair_func RESULTS EVALUATION:
\
HV:0.7335 | BM:0.7758

\
	Operator	Passenger
\
f1_ATT	31.6948		24.7405
\
f2_TRT	498		831
\
d_0	20.0922		36.1681
\
d_1	45.8386		56.0148
\
d_2	27.4976		7.4552
\
d_un	6.5716		0.3619

\
Best Operator Route set:
\
[[33, 20, 55, 10, 16, 26, 49, 15, 42, 62],
[2, 50, 0, 3, 66, 19, 38, 22, 33, 13],
[10, 55, 20, 33, 22, 38, 19, 54, 18, 32],
[29, 3, 69, 66, 38, 36, 45, 58, 64, 52],
[2, 0, 3, 66, 19, 38, 36, 45, 41, 57],
[2, 0, 3, 66, 19, 38, 36, 45, 41, 57],
[29, 3, 69, 66, 38, 36, 45, 58, 64, 52],
[46, 40, 7, 4, 25, 27, 67, 37, 5, 65],
[46, 40, 53, 47, 6, 56, 8, 28, 10, 59],
[46, 40, 7, 4, 25, 27, 67, 37, 5, 65],
[65, 18, 54, 36, 45, 34, 57, 35, 51, 56],
[39, 18, 54, 36, 45, 41, 35, 51, 8, 26],
[48, 29, 23, 50, 43, 17, 59, 9, 11, 31],
[12, 25, 34, 51, 8, 26, 30, 24, 21, 63],
[14, 44, 60, 61, 17, 10, 16, 26, 1, 68, 9]]

\
Best Passenger Route set:
\
[[49, 62, 26, 1, 59, 10, 52, 64, 58, 45, 36, 54, 18, 32],
[54, 66, 69, 48, 39, 18, 19, 29, 3, 38, 36, 45, 58, 35, 6, 63, 24, 62, 42],
[49, 1, 31, 11, 9, 59, 17, 20, 33, 22, 38, 19, 65, 39],
[21, 63, 6, 35, 34, 45, 36, 38, 66, 48],
[24, 42, 15, 30, 63, 6, 35, 57, 34, 45, 36, 19, 65, 5],
[63, 21, 24, 30, 26, 8, 51, 35, 34, 41, 27, 67, 5, 18, 38],
[17, 59, 68, 9, 11, 49, 26, 8, 28, 56, 51, 58, 45, 36, 54, 5, 37, 65],
[23, 0, 50, 43, 20, 10, 16, 26, 30, 24, 21, 62],
[40, 4, 25, 34, 35, 51, 64, 52, 20, 17, 60],
[48, 3, 23, 50, 43, 17, 59, 1, 49, 15, 42, 62],
[61, 17, 50, 23, 29, 3, 66, 54, 19, 22, 33, 20, 55, 10, 16, 26, 62, 21, 30],
[46, 40, 7, 4, 25, 12, 41, 36, 38, 69, 23, 2, 50, 43, 13, 33],
[20, 55, 10, 8, 56, 6, 47, 7, 40, 46, 53, 4],
[16, 9, 1, 26, 30, 24, 63, 6, 47, 53],
[28, 10, 17, 44, 14, 2, 50, 13, 22, 45, 41, 25, 4, 40]]

\
Best Operator Route set string:
\
33-20-55-10-16-26-49-15-42-62*2-50-0-3-66-19-38-22-33-13*10-55-20-33-22-38-19-54-18-32*29-3-69-66-38-36-45-58-64-52*2-0-3-66-19-38-36-45-41-57*2-0-3-66-19-38-36-45-41-57*29-3-69-66-38-36-45-58-64-52*46-40-7-4-25-27-67-37-5-65*46-40-53-47-6-56-8-28-10-59*46-40-7-4-25-27-67-37-5-65*65-18-54-36-45-34-57-35-51-56*39-18-54-36-45-41-35-51-8-26*48-29-23-50-43-17-59-9-11-31*12-25-34-51-8-26-30-24-21-63*14-44-60-61-17-10-16-26-1-68-9*

\
Best Passenger Route set sting:
\
49-62-26-1-59-10-52-64-58-45-36-54-18-32*54-66-69-48-39-18-19-29-3-38-36-45-58-35-6-63-24-62-42*49-1-31-11-9-59-17-20-33-22-38-19-65-39*21-63-6-35-34-45-36-38-66-48*24-42-15-30-63-6-35-57-34-45-36-19-65-5*63-21-24-30-26-8-51-35-34-41-27-67-5-18-38*17-59-68-9-11-49-26-8-28-56-51-58-45-36-54-5-37-65*23-0-50-43-20-10-16-26-30-24-21-62*40-4-25-34-35-51-64-52-20-17-60*48-3-23-50-43-17-59-1-49-15-42-62*61-17-50-23-29-3-66-54-19-22-33-20-55-10-16-26-62-21-30*46-40-7-4-25-12-41-36-38-69-23-2-50-43-13-33*20-55-10-8-56-6-47-7-40-46-53-4*16-9-1-26-30-24-63-6-47-53*28-10-17-44-14-2-50-13-22-45-41-25-4-40*