33_2_Mumford0__ALL_param RESULTS EVALUATION:
\
HV:0.7962 | BM:0.8087

\
	Operator	Passenger
\
f1_ATT	26.9375		15.5156
\
f2_TRT	98		710
\
d_0	22.8460		68.3131
\
d_1	37.6549		31.2690
\
d_2	28.7965		0.4179
\
d_un	10.7026		0.0000

\
Best Operator Route set:
\
[[29, 2, 10, 27, 16],
[25, 28],
[18, 13],
[28, 17, 19, 12, 8],
[10, 15],
[9, 3, 23, 14],
[24, 4],
[3, 1],
[0, 26],
[24, 20],
[10, 15],
[0, 18, 22, 17, 11, 14, 20, 7, 16, 6, 21, 5]]

\
Best Passenger Route set:
\
[[4, 14, 9, 23, 24, 1, 3, 11, 17, 18, 0, 28, 16, 10, 29],
[23, 20, 4, 24, 7, 27, 2, 6, 13, 18, 0, 25, 22, 19, 8],
[1, 9, 3, 14, 7, 2, 29, 15, 5, 6, 16, 27, 10, 21],
[11, 25, 22, 18, 13, 6, 16, 7, 4, 24, 1, 9, 3, 23, 20],
[0, 22, 17, 28, 25, 11, 14, 7, 10, 21, 6, 15, 29, 27, 16],
[6, 13, 18, 17, 19, 12, 22, 25, 7, 20, 23, 9, 1, 14, 24],
[12, 19, 18, 13, 6, 15, 10, 21, 2, 16, 28, 7, 27, 29],
[1, 3, 23, 14, 11, 17, 28, 7, 27, 29, 2, 6, 10, 21, 15],
[26, 8, 12, 17, 11, 14, 24, 4, 7, 25, 0, 18, 22, 19],
[28, 17, 22, 12, 18, 0, 25, 7, 16, 15, 21, 10, 29, 27],
[7, 20, 24, 3, 11, 25, 28, 0, 26, 8, 19, 12, 18, 13, 6],
[21, 5, 6, 13, 0, 26, 8, 12, 19, 22, 17, 11, 3, 1, 4]]

\
Best Operator Route set string:
\
29-2-10-27-16*25-28*18-13*28-17-19-12-8*10-15*9-3-23-14*24-4*3-1*0-26*24-20*10-15*0-18-22-17-11-14-20-7-16-6-21-5*

\
Best Passenger Route set sting:
\
4-14-9-23-24-1-3-11-17-18-0-28-16-10-29*23-20-4-24-7-27-2-6-13-18-0-25-22-19-8*1-9-3-14-7-2-29-15-5-6-16-27-10-21*11-25-22-18-13-6-16-7-4-24-1-9-3-23-20*0-22-17-28-25-11-14-7-10-21-6-15-29-27-16*6-13-18-17-19-12-22-25-7-20-23-9-1-14-24*12-19-18-13-6-15-10-21-2-16-28-7-27-29*1-3-23-14-11-17-28-7-27-29-2-6-10-21-15*26-8-12-17-11-14-24-4-7-25-0-18-22-19*28-17-22-12-18-0-25-7-16-15-21-10-29-27*7-20-24-3-11-25-28-0-26-8-19-12-18-13-6*21-5-6-13-0-26-8-12-19-22-17-11-3-1-4*