23_3_Mumford1_SA_Mutations RESULTS EVALUATION:
\
HV:0.7435 | BM:0.7758

\
	Operator	Passenger
\
f1_ATT	29.6263		23.6204
\
f2_TRT	534		1807
\
d_0	23.8271		47.7351
\
d_1	53.5659		49.5107
\
d_2	20.2973		2.7542
\
d_un	2.3098		0.0000

\
Best Operator Route set:
\
[[27, 41, 34, 58, 64, 52, 20, 17, 61, 60],
[46, 40, 53, 47, 6, 56, 28, 8, 10, 59],
[32, 39, 18, 54, 36, 45, 58, 51, 35, 6],
[23, 2, 0, 69, 3, 66, 19, 38, 22, 33],
[29, 48, 66, 19, 36, 45, 34, 35, 51, 8, 26, 62],
[4, 25, 12, 41, 45, 22, 13, 50, 2, 14],
[7, 4, 12, 25, 41, 34, 57, 35, 6, 47],
[50, 43, 20, 55, 10, 16, 26, 30, 24, 21],
[63, 21, 24, 30, 26, 16, 10, 17, 61, 60, 44],
[5, 18, 54, 36, 45, 58, 64, 52, 10, 16],
[68, 9, 11, 31, 1, 26, 8, 51, 41, 45],
[49, 26, 16, 10, 55, 20, 33, 22, 19, 66],
[37, 65, 5, 54, 19, 22, 33, 43, 61, 60],
[22, 33, 20, 55, 10, 16, 26, 49, 15, 42],
[12, 25, 27, 41, 36, 54, 18, 5, 37, 67]]

\
Best Passenger Route set:
\
[[14, 2, 23, 29, 3, 66, 69, 19, 65, 37, 5, 32, 54, 38, 36, 45, 58, 64, 52, 8, 26, 49, 15, 62, 24, 30, 63, 21, 6, 35],
[14, 2, 0, 3, 66, 19, 38, 54, 18, 32, 65, 39, 48, 29, 69, 23, 50, 43, 17, 9, 68, 1, 16, 26, 49, 62, 15, 30, 24, 42],
[57, 41, 27, 67, 65, 37, 5, 54, 18, 19, 38, 22, 33, 20, 10, 16, 26, 30, 24, 62, 42, 15, 49, 9, 11, 31, 1, 59, 17],
[53, 47, 6, 35, 51, 56, 28, 8, 26, 30, 62, 49, 1, 16, 55, 20, 43, 50, 23, 69, 3, 66, 38, 36, 22, 19, 65, 67, 37],
[32, 54, 38, 22, 13, 43, 61, 17, 20, 52, 64, 58, 41, 12, 40, 47, 53, 46, 7, 4, 25, 27, 67, 18, 39, 48, 69, 0, 23],
[42, 24, 63, 21, 6, 47, 7, 46, 53, 4, 12, 27, 67, 5, 54, 19, 38, 22, 33, 20, 17, 59, 9, 11, 49, 26, 62, 30],
[61, 44, 60, 17, 10, 52, 64, 51, 41, 57, 34, 25, 4, 53, 40, 7, 47, 6, 63, 21, 24, 42, 30, 62],
[62, 24, 21, 6, 47, 53, 46, 40, 7, 4, 25, 41, 58, 33, 43, 61, 14, 44, 17, 50, 2, 0, 69, 48, 3, 66, 54, 18],
[31, 11, 15, 42, 62, 30, 24, 21, 63, 6, 35, 57, 34, 45, 36, 54, 5, 65, 37, 32, 18, 38, 69, 0, 3, 19, 66, 29, 48, 39],
[7, 4, 12, 27, 67, 37, 65, 5, 32, 39, 48, 66, 18, 38, 54, 19, 69, 23, 50, 43, 20, 10, 16, 26, 30, 24, 21, 63],
[45, 58, 51, 41, 36, 38, 66, 3, 69, 23, 0, 2, 50, 43, 20, 55, 10, 16, 26, 49, 15, 42, 62, 24, 63],
[60, 14, 44, 61, 17, 10, 55, 8, 56, 6, 47, 53, 46, 40, 12, 25, 41, 51, 64, 52, 20, 13, 22, 36, 38, 3, 19, 66, 54],
[28, 56, 6, 47, 53, 46, 40, 7, 4, 12, 25, 34, 35, 51, 8, 26, 1, 31, 9, 17, 43, 20, 55, 16, 10, 59, 11, 15, 42, 49],
[28, 10, 59, 1, 16, 26, 8, 56, 6, 47, 7, 46, 40, 53, 4, 25, 41, 58, 33, 43, 61, 60, 14, 2, 0, 69, 29, 66, 19, 38],
[69, 19, 38, 3, 48, 39, 18, 54, 36, 41, 35, 58, 34, 57, 25, 4, 7, 46, 40, 47, 6, 56, 8, 26, 49, 15, 62, 30, 42]]

\
Best Operator Route set string:
\
27-41-34-58-64-52-20-17-61-60*46-40-53-47-6-56-28-8-10-59*32-39-18-54-36-45-58-51-35-6*23-2-0-69-3-66-19-38-22-33*29-48-66-19-36-45-34-35-51-8-26-62*4-25-12-41-45-22-13-50-2-14*7-4-12-25-41-34-57-35-6-47*50-43-20-55-10-16-26-30-24-21*63-21-24-30-26-16-10-17-61-60-44*5-18-54-36-45-58-64-52-10-16*68-9-11-31-1-26-8-51-41-45*49-26-16-10-55-20-33-22-19-66*37-65-5-54-19-22-33-43-61-60*22-33-20-55-10-16-26-49-15-42*12-25-27-41-36-54-18-5-37-67*

\
Best Passenger Route set sting:
\
14-2-23-29-3-66-69-19-65-37-5-32-54-38-36-45-58-64-52-8-26-49-15-62-24-30-63-21-6-35*14-2-0-3-66-19-38-54-18-32-65-39-48-29-69-23-50-43-17-9-68-1-16-26-49-62-15-30-24-42*57-41-27-67-65-37-5-54-18-19-38-22-33-20-10-16-26-30-24-62-42-15-49-9-11-31-1-59-17*53-47-6-35-51-56-28-8-26-30-62-49-1-16-55-20-43-50-23-69-3-66-38-36-22-19-65-67-37*32-54-38-22-13-43-61-17-20-52-64-58-41-12-40-47-53-46-7-4-25-27-67-18-39-48-69-0-23*42-24-63-21-6-47-7-46-53-4-12-27-67-5-54-19-38-22-33-20-17-59-9-11-49-26-62-30*61-44-60-17-10-52-64-51-41-57-34-25-4-53-40-7-47-6-63-21-24-42-30-62*62-24-21-6-47-53-46-40-7-4-25-41-58-33-43-61-14-44-17-50-2-0-69-48-3-66-54-18*31-11-15-42-62-30-24-21-63-6-35-57-34-45-36-54-5-65-37-32-18-38-69-0-3-19-66-29-48-39*7-4-12-27-67-37-65-5-32-39-48-66-18-38-54-19-69-23-50-43-20-10-16-26-30-24-21-63*45-58-51-41-36-38-66-3-69-23-0-2-50-43-20-55-10-16-26-49-15-42-62-24-63*60-14-44-61-17-10-55-8-56-6-47-53-46-40-12-25-41-51-64-52-20-13-22-36-38-3-19-66-54*28-56-6-47-53-46-40-7-4-12-25-34-35-51-8-26-1-31-9-17-43-20-55-16-10-59-11-15-42-49*28-10-59-1-16-26-8-56-6-47-7-46-40-53-4-25-41-58-33-43-61-60-14-2-0-69-29-66-19-38*69-19-38-3-48-39-18-54-36-41-35-58-34-57-25-4-7-46-40-47-6-56-8-26-49-15-62-30-42*