33_3_Mumford1__ALL_param RESULTS EVALUATION:
\
HV:0.7524 | BM:0.7758

\
	Operator	Passenger
\
f1_ATT	31.3808		23.5466
\
f2_TRT	497		1477
\
d_0	19.6047		45.2707
\
d_1	42.5762		50.4888
\
d_2	32.0024		4.2374
\
d_un	5.8167		0.0031

\
Best Operator Route set:
\
[[0, 2, 23, 69, 66, 19, 54, 36, 45, 58],
[58, 51, 56, 28, 10, 59, 9, 68, 1, 49],
[53, 40, 46, 7, 4, 12, 27, 67, 65, 5],
[3, 69, 29, 66, 19, 38, 54, 18, 65, 37],
[62, 24, 30, 26, 16, 1, 31, 11, 68, 9],
[34, 35, 6, 63, 21, 30, 42, 15, 49, 1],
[50, 2, 14, 44, 60, 61, 17, 10, 16, 26],
[42, 15, 30, 63, 6, 47, 53, 4, 7, 40],
[62, 42, 15, 49, 26, 16, 1, 11, 9, 68],
[38, 66, 19, 54, 18, 39, 32, 5, 37, 65],
[26, 16, 55, 20, 43, 13, 22, 19, 54, 5],
[25, 12, 41, 35, 51, 8, 10, 16, 26, 49],
[32, 39, 48, 29, 69, 3, 38, 19, 36, 45],
[10, 55, 52, 64, 58, 34, 57, 51, 8, 28],
[22, 33, 20, 17, 59, 68, 9, 1, 26, 8]]

\
Best Passenger Route set:
\
[[27, 67, 37, 5, 18, 66, 38, 36, 22, 13, 43, 50, 23, 0, 2, 14, 44, 61, 17, 55, 52, 64, 58, 34, 25, 12, 4, 40, 46, 7],
[60, 44, 14, 2, 23, 3, 19, 66, 38, 22, 33, 20, 17, 59, 1, 49, 15, 62, 24, 30],
[49, 11, 68, 9, 59, 1, 16, 10, 8, 28, 56, 6, 63, 30, 24],
[51, 56, 8, 10, 59, 1, 26, 62, 42, 24, 63, 6, 35, 58, 33, 50, 0, 69, 38, 19, 36, 41, 12, 25, 27, 67, 65, 37, 18, 54],
[67, 37, 65, 18, 39, 48, 29, 23, 3, 66, 38, 36, 45, 58, 51, 56, 28, 10, 17, 43, 50, 2, 14, 60],
[64, 58, 51, 56, 6, 21, 62, 49, 42, 30, 26, 16, 55, 17, 50, 23, 69, 48, 39, 65, 5, 18, 19, 29, 66, 54, 32, 37],
[42, 49, 1, 11, 68, 9, 59, 17, 61, 14, 2, 50, 43, 33, 22, 45, 41, 12, 25, 57, 35, 51, 64, 52, 20, 13],
[2, 0, 23, 50, 13, 33, 22, 19, 18, 39, 48, 29, 69, 38, 36, 41, 25, 4, 7, 40, 47, 6, 56, 8, 55, 20, 17, 9, 31],
[39, 32, 5, 54, 38, 22, 13, 43, 61, 60, 17, 20, 52, 64, 51, 41, 27, 67, 37, 65, 19, 66, 69, 23, 2, 14, 44],
[51, 56, 28, 8, 55, 16, 1, 59, 10, 52, 64, 58, 41, 12, 40, 46, 53, 4, 25, 34, 35, 6, 47],
[37, 5, 65, 19, 22, 33, 20, 55, 10, 59, 9, 68, 11, 15, 42, 30, 21, 63],
[57, 35, 58, 64, 52, 55, 10, 59, 68, 9, 49, 26, 8, 51, 34, 45, 36, 54, 18, 32, 65, 37, 5, 67, 27, 25, 12, 40, 46],
[11, 59, 9, 31, 1, 26, 8, 56, 6, 47, 53, 7, 4, 25, 41, 34, 58, 35, 64, 51, 57],
[57, 41, 36, 22, 13, 50, 17, 10, 8, 51, 35, 34, 45],
[52, 20, 55, 16, 26, 30, 21, 63, 6, 35, 41, 57, 51, 56, 8, 28, 10, 59, 11, 31]]

\
Best Operator Route set string:
\
0-2-23-69-66-19-54-36-45-58*58-51-56-28-10-59-9-68-1-49*53-40-46-7-4-12-27-67-65-5*3-69-29-66-19-38-54-18-65-37*62-24-30-26-16-1-31-11-68-9*34-35-6-63-21-30-42-15-49-1*50-2-14-44-60-61-17-10-16-26*42-15-30-63-6-47-53-4-7-40*62-42-15-49-26-16-1-11-9-68*38-66-19-54-18-39-32-5-37-65*26-16-55-20-43-13-22-19-54-5*25-12-41-35-51-8-10-16-26-49*32-39-48-29-69-3-38-19-36-45*10-55-52-64-58-34-57-51-8-28*22-33-20-17-59-68-9-1-26-8*

\
Best Passenger Route set sting:
\
27-67-37-5-18-66-38-36-22-13-43-50-23-0-2-14-44-61-17-55-52-64-58-34-25-12-4-40-46-7*60-44-14-2-23-3-19-66-38-22-33-20-17-59-1-49-15-62-24-30*49-11-68-9-59-1-16-10-8-28-56-6-63-30-24*51-56-8-10-59-1-26-62-42-24-63-6-35-58-33-50-0-69-38-19-36-41-12-25-27-67-65-37-18-54*67-37-65-18-39-48-29-23-3-66-38-36-45-58-51-56-28-10-17-43-50-2-14-60*64-58-51-56-6-21-62-49-42-30-26-16-55-17-50-23-69-48-39-65-5-18-19-29-66-54-32-37*42-49-1-11-68-9-59-17-61-14-2-50-43-33-22-45-41-12-25-57-35-51-64-52-20-13*2-0-23-50-13-33-22-19-18-39-48-29-69-38-36-41-25-4-7-40-47-6-56-8-55-20-17-9-31*39-32-5-54-38-22-13-43-61-60-17-20-52-64-51-41-27-67-37-65-19-66-69-23-2-14-44*51-56-28-8-55-16-1-59-10-52-64-58-41-12-40-46-53-4-25-34-35-6-47*37-5-65-19-22-33-20-55-10-59-9-68-11-15-42-30-21-63*57-35-58-64-52-55-10-59-68-9-49-26-8-51-34-45-36-54-18-32-65-37-5-67-27-25-12-40-46*11-59-9-31-1-26-8-56-6-47-53-7-4-25-41-34-58-35-64-51-57*57-41-36-22-13-50-17-10-8-51-35-34-45*52-20-55-16-26-30-21-63-6-35-41-57-51-56-8-28-10-59-11-31*