33_3_Mumford1__ALL_param RESULTS EVALUATION:
\
HV:0.7632 | BM:0.7758

\
	Operator	Passenger
\
f1_ATT	27.9536		23.1320
\
f2_TRT	510		1584
\
d_0	23.2212		51.8942
\
d_1	53.8083		44.3159
\
d_2	19.9868		3.7899
\
d_un	2.9836		0.0000

\
Best Operator Route set:
\
[[29, 69, 3, 66, 19, 36, 45, 41, 12, 25],
[53, 47, 6, 63, 24, 30, 26, 1, 68, 9],
[41, 34, 35, 64, 52, 20, 17, 60, 44, 14],
[19, 38, 22, 33, 20, 55, 16, 26, 49, 11],
[44, 61, 17, 10, 28, 56, 51, 41, 12, 25],
[19, 66, 48, 39, 18, 54, 36, 45, 34, 57],
[13, 50, 2, 0, 69, 66, 19, 54, 18, 65],
[3, 66, 38, 36, 41, 25, 4, 7, 40, 46],
[37, 65, 5, 67, 27, 25, 57, 35, 51, 64],
[43, 50, 23, 69, 3, 66, 19, 54, 5, 37],
[56, 28, 8, 52, 55, 10, 16, 26, 30, 24],
[17, 59, 9, 11, 31, 1, 26, 8, 51, 35],
[64, 58, 34, 57, 35, 6, 63, 21, 24, 62],
[22, 13, 43, 17, 59, 1, 49, 15, 42, 62],
[32, 54, 36, 45, 58, 51, 8, 26, 49, 15]]

\
Best Passenger Route set:
\
[[14, 44, 60, 17, 55, 8, 56, 6, 47, 53, 7, 40, 4, 25, 12, 27, 67, 37, 32, 39, 48, 66, 19, 38, 36, 41, 35, 51, 64, 52],
[21, 24, 42, 49, 1, 16, 10, 52, 64, 58, 45, 36, 54, 5, 37, 65, 19, 3, 66, 18, 32],
[31, 11, 9, 17, 50, 23, 3, 48, 39, 18, 54, 36, 45, 22, 33, 20, 55, 10, 28, 8, 26, 49, 1, 68, 59],
[21, 63, 6, 56, 8, 10, 17, 50, 2, 14, 44, 60, 61, 43, 33, 58, 41, 12, 40, 46, 53, 4, 25, 27, 67, 65, 5, 54, 36, 45],
[12, 4, 40, 47, 6, 63, 30, 62, 49, 26, 1, 68, 9, 59, 10, 28, 56, 51, 57, 41, 27, 67, 65, 18, 19, 38, 66, 29, 23],
[13, 22, 38, 18, 5, 67, 37, 65, 19, 29, 23, 0, 2, 14, 44, 17, 10, 16, 26, 1, 31, 11, 15, 30, 24, 63, 6, 56, 28],
[12, 27, 67, 65, 19, 38, 3, 23, 50, 33, 58, 64, 52, 20, 17, 61, 43, 13, 22, 45, 41, 34, 35, 51, 8, 10, 55, 16, 1, 11],
[31, 11, 59, 17, 20, 33, 22, 38, 54, 5, 37],
[66, 54, 18, 65, 32, 39, 48, 29, 69, 23, 50, 43, 20, 55, 16, 26, 30, 24, 21, 6, 56, 28, 8, 52, 64, 58, 57, 41, 34, 25],
[44, 60, 61, 17, 9, 68, 1, 26, 62, 24, 21, 63, 6, 56, 28, 8, 52, 20, 13, 50, 0, 69, 18, 37, 5, 32, 39, 48, 29, 3],
[42, 49, 11, 68, 9, 1, 26, 16, 10, 55, 52, 64, 35, 57, 25, 27, 67, 37, 5, 54, 66, 69, 38, 36, 22, 33, 13, 50, 23],
[61, 60, 44, 14, 2, 0, 69, 66, 19, 36, 41, 25, 4, 7, 40, 46],
[28, 56, 6, 21, 30, 42, 15, 49, 26, 8, 51, 41, 36, 54, 18, 32, 65, 39, 48, 69, 0, 2, 50, 13, 20, 55, 10, 16, 1, 59],
[5, 54, 36, 45, 34, 51, 35, 58, 33, 43, 20, 55, 8, 56],
[12, 41, 58, 51, 64, 52, 55, 17, 9, 31, 11, 15, 42, 62, 24, 63, 6, 35, 34, 45, 36, 38, 3, 69, 66, 19, 54, 65, 5, 37]]

\
Best Operator Route set string:
\
29-69-3-66-19-36-45-41-12-25*53-47-6-63-24-30-26-1-68-9*41-34-35-64-52-20-17-60-44-14*19-38-22-33-20-55-16-26-49-11*44-61-17-10-28-56-51-41-12-25*19-66-48-39-18-54-36-45-34-57*13-50-2-0-69-66-19-54-18-65*3-66-38-36-41-25-4-7-40-46*37-65-5-67-27-25-57-35-51-64*43-50-23-69-3-66-19-54-5-37*56-28-8-52-55-10-16-26-30-24*17-59-9-11-31-1-26-8-51-35*64-58-34-57-35-6-63-21-24-62*22-13-43-17-59-1-49-15-42-62*32-54-36-45-58-51-8-26-49-15*

\
Best Passenger Route set sting:
\
14-44-60-17-55-8-56-6-47-53-7-40-4-25-12-27-67-37-32-39-48-66-19-38-36-41-35-51-64-52*21-24-42-49-1-16-10-52-64-58-45-36-54-5-37-65-19-3-66-18-32*31-11-9-17-50-23-3-48-39-18-54-36-45-22-33-20-55-10-28-8-26-49-1-68-59*21-63-6-56-8-10-17-50-2-14-44-60-61-43-33-58-41-12-40-46-53-4-25-27-67-65-5-54-36-45*12-4-40-47-6-63-30-62-49-26-1-68-9-59-10-28-56-51-57-41-27-67-65-18-19-38-66-29-23*13-22-38-18-5-67-37-65-19-29-23-0-2-14-44-17-10-16-26-1-31-11-15-30-24-63-6-56-28*12-27-67-65-19-38-3-23-50-33-58-64-52-20-17-61-43-13-22-45-41-34-35-51-8-10-55-16-1-11*31-11-59-17-20-33-22-38-54-5-37*66-54-18-65-32-39-48-29-69-23-50-43-20-55-16-26-30-24-21-6-56-28-8-52-64-58-57-41-34-25*44-60-61-17-9-68-1-26-62-24-21-63-6-56-28-8-52-20-13-50-0-69-18-37-5-32-39-48-29-3*42-49-11-68-9-1-26-16-10-55-52-64-35-57-25-27-67-37-5-54-66-69-38-36-22-33-13-50-23*61-60-44-14-2-0-69-66-19-36-41-25-4-7-40-46*28-56-6-21-30-42-15-49-26-8-51-41-36-54-18-32-65-39-48-69-0-2-50-13-20-55-10-16-1-59*5-54-36-45-34-51-35-58-33-43-20-55-8-56*12-41-58-51-64-52-55-17-9-31-11-15-42-62-24-63-6-35-34-45-36-38-3-69-66-19-54-65-5-37*