3_3_Mumford1_GA_Mutations RESULTS EVALUATION:
\
HV:0.7235 | BM:0.7758

\
	Operator	Passenger
\
f1_ATT	31.0878		22.8237
\
f2_TRT	567		1831
\
d_0	22.6979		56.1409
\
d_1	51.2348		43.1125
\
d_2	23.2337		0.7466
\
d_un	2.8336		0.0000

\
Best Operator Route set:
\
[[23, 3, 38, 36, 45, 41, 25, 4, 7, 40, 46],
[32, 37, 18, 54, 36, 45, 41, 34, 57, 35, 6, 21],
[29, 48, 66, 19, 38, 36, 45, 34, 35, 51, 56],
[21, 24, 62, 49, 1, 26, 8, 56, 6, 47],
[28, 56, 51, 35, 34, 45, 36, 54, 5, 65],
[47, 6, 56, 8, 10, 55, 20, 17, 61, 60],
[3, 66, 38, 36, 45, 58, 35, 6, 63, 24, 30],
[8, 56, 51, 35, 34, 45, 36, 54, 18, 39],
[44, 61, 43, 33, 22, 38, 19, 54, 5, 67, 27],
[53, 47, 6, 56, 28, 8, 26, 16, 1, 59],
[0, 69, 38, 36, 45, 41, 25, 12, 4, 7],
[14, 2, 50, 13, 20, 10, 55, 17, 60, 61],
[31, 11, 68, 9, 59, 17, 20, 33, 22, 38],
[53, 47, 6, 35, 51, 64, 52, 55, 10, 59],
[47, 6, 56, 8, 26, 49, 15, 42, 24, 63]]

\
Best Passenger Route set:
\
[[25, 41, 58, 33, 43, 50, 0, 69, 29, 3, 66, 19, 36, 45, 34, 57, 35, 6, 63, 24, 30, 62, 26, 16, 10, 59, 11, 9, 17, 55],
[67, 65, 37, 5, 18, 66, 69, 0, 2, 14, 44, 17, 10, 8, 28, 56, 6, 47, 53, 46, 40, 7, 4, 12, 41, 45, 22, 13, 50, 43],
[19, 69, 3, 48, 39, 18, 5, 65, 37, 67, 27, 41, 34, 35, 51, 8, 26, 1, 9, 68, 59, 10, 52, 64, 58, 45, 36, 54, 38, 66],
[35, 51, 56, 28, 10, 8, 55, 16, 1, 26, 30, 24, 63, 6, 47, 7, 40, 53, 4, 12, 41, 58, 64, 52, 20, 17, 61, 44, 14, 60],
[42, 24, 30, 63, 21, 62, 15, 49, 26, 8, 51, 35, 34, 45, 36, 54, 18, 32, 5, 37, 65, 67, 27, 12, 4, 7, 40, 46, 53, 47],
[28, 8, 55, 20, 33, 22, 45, 36, 38, 54, 18, 5, 37, 32, 39, 48, 3, 69, 23, 50, 43, 17, 59, 1, 49, 15, 42, 62, 30, 24],
[66, 19, 29, 48, 69, 3, 23, 2, 0, 50, 43, 17, 10, 16, 26, 30, 24, 21, 6, 35, 57, 41, 27, 67, 18, 38, 22, 36, 54, 65],
[18, 32, 65, 19, 66, 29, 23, 50, 17, 44, 60, 61, 43, 33, 22, 38, 54, 5, 37, 67, 27, 41, 58, 51, 64, 35, 6, 47, 53, 40],
[31, 1, 11, 68, 9, 17, 61, 60, 14, 2, 50, 33, 58, 34, 41, 12, 4, 7, 40, 46, 53, 47, 6, 63, 21, 24, 42, 15, 30, 26],
[46, 53, 40, 7, 4, 25, 57, 35, 51, 8, 26, 1, 68, 9, 31, 11, 49, 42, 24, 21, 6, 47],
[58, 41, 36, 54, 66, 69, 23, 50, 0, 3, 29, 19, 22, 13, 43, 61, 44, 60, 17, 20, 52, 64, 51, 34, 25, 4, 7, 40, 46, 53],
[42, 15, 62, 24, 30, 26, 16, 10, 20, 13, 50, 0, 23, 69, 38, 36, 41, 25, 4, 7, 46, 40, 12, 27, 67, 65, 32, 39, 48, 29],
[28, 10, 59, 68, 9, 11, 31, 1, 26, 8, 51, 41, 45, 36, 54, 5, 37, 65, 67, 27, 25, 12, 4, 53, 47, 6, 63, 21, 62, 30],
[61, 44, 17, 9, 59, 11, 31, 1, 26, 8, 52, 64, 58, 45, 36, 54, 18, 19, 69, 29, 3, 23, 0, 2, 50, 43, 20, 55, 10, 16],
[6, 63, 21, 24, 30, 15, 62, 42, 49, 26, 16, 10, 55, 20, 33, 22, 19, 66, 48, 29, 69, 38, 36, 45, 34, 51, 56, 28, 8, 52]]

\
Best Operator Route set string:
\
23-3-38-36-45-41-25-4-7-40-46*32-37-18-54-36-45-41-34-57-35-6-21*29-48-66-19-38-36-45-34-35-51-56*21-24-62-49-1-26-8-56-6-47*28-56-51-35-34-45-36-54-5-65*47-6-56-8-10-55-20-17-61-60*3-66-38-36-45-58-35-6-63-24-30*8-56-51-35-34-45-36-54-18-39*44-61-43-33-22-38-19-54-5-67-27*53-47-6-56-28-8-26-16-1-59*0-69-38-36-45-41-25-12-4-7*14-2-50-13-20-10-55-17-60-61*31-11-68-9-59-17-20-33-22-38*53-47-6-35-51-64-52-55-10-59*47-6-56-8-26-49-15-42-24-63*

\
Best Passenger Route set sting:
\
25-41-58-33-43-50-0-69-29-3-66-19-36-45-34-57-35-6-63-24-30-62-26-16-10-59-11-9-17-55*67-65-37-5-18-66-69-0-2-14-44-17-10-8-28-56-6-47-53-46-40-7-4-12-41-45-22-13-50-43*19-69-3-48-39-18-5-65-37-67-27-41-34-35-51-8-26-1-9-68-59-10-52-64-58-45-36-54-38-66*35-51-56-28-10-8-55-16-1-26-30-24-63-6-47-7-40-53-4-12-41-58-64-52-20-17-61-44-14-60*42-24-30-63-21-62-15-49-26-8-51-35-34-45-36-54-18-32-5-37-65-67-27-12-4-7-40-46-53-47*28-8-55-20-33-22-45-36-38-54-18-5-37-32-39-48-3-69-23-50-43-17-59-1-49-15-42-62-30-24*66-19-29-48-69-3-23-2-0-50-43-17-10-16-26-30-24-21-6-35-57-41-27-67-18-38-22-36-54-65*18-32-65-19-66-29-23-50-17-44-60-61-43-33-22-38-54-5-37-67-27-41-58-51-64-35-6-47-53-40*31-1-11-68-9-17-61-60-14-2-50-33-58-34-41-12-4-7-40-46-53-47-6-63-21-24-42-15-30-26*46-53-40-7-4-25-57-35-51-8-26-1-68-9-31-11-49-42-24-21-6-47*58-41-36-54-66-69-23-50-0-3-29-19-22-13-43-61-44-60-17-20-52-64-51-34-25-4-7-40-46-53*42-15-62-24-30-26-16-10-20-13-50-0-23-69-38-36-41-25-4-7-46-40-12-27-67-65-32-39-48-29*28-10-59-68-9-11-31-1-26-8-51-41-45-36-54-5-37-65-67-27-25-12-4-53-47-6-63-21-62-30*61-44-17-9-59-11-31-1-26-8-52-64-58-45-36-54-18-19-69-29-3-23-0-2-50-43-20-55-10-16*6-63-21-24-30-15-62-42-49-26-16-10-55-20-33-22-19-66-48-29-69-38-36-45-34-51-56-28-8-52*