8_4_Mumford2_GA_Crossover_prob RESULTS EVALUATION:
\
HV:0.6532 | BM:0.6490

\
	Operator	Passenger
\
f1_ATT	32.1833		26.0673
\
f2_TRT	1813		4977
\
d_0	17.2660		47.8851
\
d_1	54.5119		50.5266
\
d_2	25.5253		1.5883
\
d_un	2.6968		0.0000

\
Best Operator Route set:
\
[[5, 42, 73, 89, 52, 49, 91, 90, 53, 8],
[80, 38, 63, 8, 90, 49, 91, 52, 89, 109],
[59, 27, 105, 83, 15, 35, 49, 91, 52, 89],
[27, 101, 55, 39, 65, 78, 17, 95, 68, 59],
[45, 63, 53, 8, 90, 49, 91, 52, 89, 109],
[24, 19, 23, 82, 44, 72, 108, 36, 107, 77],
[30, 43, 72, 79, 73, 89, 106, 57, 40, 37],
[5, 42, 73, 89, 52, 49, 91, 90, 8, 53],
[60, 74, 58, 80, 55, 101, 27, 21, 28, 86],
[105, 81, 6, 85, 22, 19, 33, 99, 76, 14],
[13, 32, 68, 95, 17, 39, 55, 63, 53, 62],
[20, 50, 65, 39, 55, 45, 63, 12, 103, 70],
[23, 9, 18, 98, 67, 100, 52, 7, 84, 104],
[5, 42, 73, 89, 52, 49, 91, 90, 53, 8],
[89, 52, 49, 91, 90, 8, 62, 12, 74, 47],
[28, 21, 27, 101, 55, 45, 63, 12, 16, 47],
[60, 12, 62, 90, 49, 52, 89, 73, 42, 5],
[89, 52, 49, 91, 90, 8, 62, 12, 74, 47],
[105, 81, 6, 85, 22, 19, 33, 99, 76, 14],
[32, 59, 27, 94, 105, 83, 15, 34, 93, 66],
[62, 8, 35, 93, 98, 67, 18, 92, 72, 48],
[45, 63, 53, 8, 90, 49, 91, 52, 89, 109],
[75, 20, 95, 27, 94, 83, 15, 34, 18, 92],
[97, 80, 38, 63, 8, 90, 91, 52, 89, 106],
[43, 30, 26, 82, 19, 22, 85, 94, 105, 27],
[89, 52, 49, 91, 90, 8, 62, 12, 74, 47],
[5, 42, 73, 89, 52, 49, 91, 90, 8, 53],
[25, 10, 52, 100, 93, 3, 85, 6, 86, 46],
[24, 19, 23, 82, 44, 72, 108, 36, 107, 77],
[5, 42, 73, 89, 52, 49, 91, 90, 8, 53],
[33, 19, 22, 85, 94, 105, 27, 17, 65, 61],
[75, 20, 95, 27, 94, 83, 15, 34, 18, 92],
[13, 32, 68, 95, 17, 39, 55, 63, 53, 62],
[23, 19, 22, 85, 6, 81, 105, 27, 95, 17],
[40, 10, 52, 100, 93, 3, 85, 6, 86, 46],
[27, 101, 55, 39, 65, 78, 17, 95, 68, 59],
[56, 17, 65, 39, 55, 45, 63, 53, 62, 103],
[11, 89, 52, 91, 49, 90, 53, 38, 80, 0],
[41, 16, 12, 63, 45, 2, 15, 54, 24, 102],
[69, 99, 33, 19, 22, 6, 81, 105, 94, 101],
[27, 101, 55, 39, 65, 78, 17, 95, 68, 59],
[4, 107, 36, 64, 89, 52, 49, 90, 8, 12],
[5, 42, 73, 89, 52, 49, 91, 90, 53, 8],
[80, 38, 63, 53, 8, 90, 91, 52, 89, 109],
[27, 101, 55, 39, 65, 78, 17, 95, 68, 59],
[30, 43, 26, 82, 19, 22, 85, 94, 105, 27],
[73, 89, 52, 91, 49, 90, 53, 38, 87, 1],
[20, 50, 65, 39, 55, 45, 63, 12, 74, 47],
[74, 12, 62, 8, 90, 91, 52, 89, 11, 5],
[5, 42, 73, 89, 52, 49, 91, 90, 8, 53],
[29, 43, 30, 26, 82, 19, 22, 85, 6, 81],
[5, 42, 73, 89, 52, 49, 91, 90, 8, 53],
[88, 71, 51, 31, 19, 9, 92, 64, 89, 106],
[16, 103, 62, 8, 35, 93, 18, 9, 23, 82],
[27, 101, 55, 39, 65, 78, 17, 95, 68, 59],
[8, 90, 49, 52, 89, 73, 96, 42, 5, 77]]

\
Best Passenger Route set:
\
[[95, 50, 68, 21, 28, 86, 6, 85, 54, 3, 9, 92, 64, 96, 42, 5, 77, 107, 108, 36, 48, 72],
[72, 43, 30, 29, 26, 44, 92, 18, 15, 2, 63, 38, 87, 56, 61, 65, 17, 95, 20, 50, 75],
[109, 64, 79, 36, 107, 5, 42, 73, 89, 52, 49, 90, 8, 53, 63, 45, 2, 94, 83, 105, 81, 3],
[4, 107, 48, 72, 43, 30, 26, 44, 92, 18, 67, 98, 93, 35, 8, 62, 53, 12, 74, 38, 58, 60],
[31, 88, 102, 14, 76, 69, 99, 33, 19, 24, 86, 28, 21],
[10, 7, 70, 41, 16, 74, 58, 97, 0, 1, 87, 45, 2, 83, 15, 18, 92, 44, 30, 29, 26, 43],
[28, 21, 27, 17, 78, 65, 39, 55, 45, 2, 15, 18, 67, 92, 72, 48, 107, 108, 79, 64, 96, 89],
[107, 108, 36, 72, 44, 82, 19, 22, 54, 15, 2, 45, 38, 80, 97, 87, 56, 61, 0, 1],
[104, 84, 37, 10, 40, 7, 25, 70, 103, 62, 53, 63, 45, 55, 101, 27, 21, 28, 46, 51, 86, 24],
[79, 48, 44, 82, 99, 76, 14, 33, 19, 3, 34, 35, 8, 62, 12, 60, 47, 74, 16, 41, 70, 84],
[17, 95, 32, 13, 50, 68, 21, 28, 86, 51, 102, 19, 82, 44, 48, 107, 77, 5, 11, 89, 106],
[50, 75, 17, 68, 21, 28, 46, 86, 6, 85, 3, 18, 100, 52, 7, 84, 104, 25, 70, 16, 60],
[98, 3, 81, 94, 101, 55, 63, 38, 80, 87, 97, 1, 56, 65, 17, 95, 59, 21, 86, 51, 88, 71],
[79, 64, 73, 89, 52, 7, 104, 84, 70, 103, 62, 8, 35, 34, 3, 19, 33, 99, 69, 14, 76],
[106, 42, 5, 36, 72, 48, 79, 64, 11, 89, 52, 91, 62, 12, 60, 58, 47, 103, 70, 10, 7, 57],
[36, 107, 4, 77, 5, 11, 89, 52, 49, 90, 53, 38, 80, 97, 58, 74, 47, 41, 16, 70, 84],
[46, 21, 86, 28, 13, 68, 75, 20, 50, 95, 27, 105, 83, 34, 18, 92, 64, 36, 5, 107, 108, 72],
[88, 71, 51, 31, 76, 69, 99, 33, 19, 3, 83, 2, 45, 63, 38, 80, 97, 58, 74, 16, 103, 12],
[95, 17, 56, 87, 1, 97, 58, 47, 60, 74, 38, 55, 101, 27, 21, 28, 86, 51, 71, 88, 102, 31],
[28, 13, 32, 95, 59, 27, 105, 83, 15, 34, 18, 92, 72, 36, 48, 79, 73, 106, 57, 40, 37, 25],
[37, 25, 70, 10, 40, 57, 106, 89, 73, 79, 72, 43, 30, 69, 99, 14, 76, 33, 23, 19, 22, 54],
[76, 69, 43, 26, 82, 23, 31, 51, 102, 19, 9, 92, 64, 96, 11, 89, 106, 57, 40, 7, 10, 52],
[60, 16, 41, 7, 10, 104, 25, 37, 57, 106, 73, 89, 64, 92, 44, 82, 99, 76, 102, 33, 31],
[1, 61, 56, 87, 38, 53, 8, 90, 49, 52, 89, 11, 64, 36, 4, 107, 5, 42, 57, 10, 70, 103],
[41, 47, 58, 74, 16, 12, 8, 90, 49, 52, 89, 42, 5, 107, 108, 36, 64, 11, 96, 73, 79, 72],
[60, 58, 47, 62, 53, 63, 8, 90, 49, 91, 100, 93, 3, 54, 85, 22, 24, 6, 66, 18, 67, 98],
[29, 30, 43, 72, 79, 64, 11, 89, 52, 10, 70, 7, 49, 90, 53, 8, 35, 15, 83, 3, 66, 18],
[50, 65, 17, 68, 95, 78, 0, 1, 87, 38, 63, 8, 90, 49, 52, 10, 57, 40, 104, 70, 7, 41],
[75, 50, 65, 0, 80, 38, 63, 8, 90, 49, 52, 89, 64, 36, 108, 107, 4, 77, 5, 42, 73, 106],
[28, 13, 68, 59, 32, 50, 95, 17, 39, 55, 63, 53, 90, 91, 49, 52, 10, 40, 57, 7, 104, 84],
[29, 30, 43, 26, 44, 92, 67, 93, 35, 8, 53, 12, 62, 103, 41, 70, 16, 74, 58, 97, 1, 87],
[97, 87, 45, 2, 83, 105, 27, 101, 55, 63, 53, 62, 103, 70, 104, 84, 37, 10, 52, 89, 64],
[44, 48, 72, 43, 30, 26, 82, 23, 19, 22, 85, 94, 27, 59, 32, 68, 20, 17, 78, 0, 97, 80],
[106, 42, 57, 37, 25, 104, 84, 70, 103, 62, 53, 63, 45, 55, 101, 27, 21, 28, 86, 71, 102, 24],
[105, 94, 27, 21, 28, 86, 6, 85, 54, 15, 2, 63, 12, 16, 41, 60, 58, 97, 87, 45, 38],
[28, 59, 95, 68, 32, 20, 17, 39, 55, 63, 8, 90, 91, 49, 52, 89, 11, 73, 96, 42, 5, 107],
[64, 11, 106, 73, 42, 57, 10, 25, 70, 103, 62, 12, 63, 55, 39, 65, 78, 95, 68, 50, 20, 17],
[76, 33, 102, 24, 6, 86, 21, 13, 32, 27, 105, 94, 83, 15, 34, 18, 67, 98, 93, 3, 85, 22],
[7, 25, 84, 104, 70, 41, 74, 16, 47, 62, 8, 90, 49, 52, 89, 42, 5, 77, 107, 36, 108, 79],
[87, 39, 17, 50, 20, 95, 27, 105, 83, 15, 18, 92, 72, 108, 107, 5, 11, 109, 64, 36, 48],
[101, 55, 45, 80, 87, 0, 1, 61, 65, 17, 27, 94, 105, 81, 6, 24, 31, 76, 14, 69, 30, 43],
[103, 41, 74, 16, 60, 47, 12, 62, 8, 35, 34, 54, 24, 102, 88, 71, 31, 19, 3, 98, 18],
[18, 92, 48, 44, 30, 69, 14, 33, 19, 22, 54, 15, 2, 63, 38, 58, 60, 12, 62, 91, 90, 49],
[29, 30, 43, 26, 82, 19, 22, 85, 94, 27, 95, 78, 65, 17, 50, 32, 20, 68, 13, 21, 59, 28],
[86, 28, 21, 13, 32, 27, 105, 83, 35, 49, 91, 52, 89, 73, 42, 96, 64, 11, 79, 108, 107, 36],
[26, 44, 30, 29, 43, 72, 108, 5, 42, 57, 40, 104, 25, 10, 52, 7, 41, 12, 63, 80, 38],
[99, 69, 76, 14, 33, 23, 9, 18, 100, 52, 7, 25, 84, 104, 10, 57, 106, 89, 73, 64, 79],
[1, 87, 55, 101, 94, 105, 81, 6, 24, 31, 23],
[35, 90, 91, 49, 52, 10, 25, 84, 37, 7, 103, 62, 53, 63, 55, 39, 17, 95, 68, 50, 20, 75],
[102, 88, 51, 46, 21, 32, 59, 27, 105, 83, 15, 35, 91, 52, 89, 73, 11, 96, 42, 5, 77, 4],
[2, 63, 12, 103, 70, 7, 37, 104, 40, 10, 52, 100, 67, 18, 9, 23, 31, 51, 71, 88, 102, 19],
[90, 49, 91, 8, 62, 103, 41, 16, 12, 63, 55, 101, 27, 59, 21, 28, 46, 86, 81, 6, 54, 34],
[26, 43, 30, 44, 92, 18, 98, 67, 93, 35, 8, 62, 91, 52, 89, 106, 11, 64, 79, 73, 42],
[33, 82, 19, 22, 31, 88, 71, 102, 24, 54, 3, 9, 92, 64, 79, 11, 89, 73, 96, 42, 57, 10],
[37, 40, 57, 42, 106, 73, 89, 52, 100, 93, 3, 54, 85, 24, 102, 33, 31, 88, 71, 51, 46, 86],
[86, 51, 71, 88, 102, 19, 9, 18, 100, 52, 7, 84, 104, 40, 57, 42, 5, 36, 72, 79, 48]]

\
Best Operator Route set string:
\
5-42-73-89-52-49-91-90-53-8*80-38-63-8-90-49-91-52-89-109*59-27-105-83-15-35-49-91-52-89*27-101-55-39-65-78-17-95-68-59*45-63-53-8-90-49-91-52-89-109*24-19-23-82-44-72-108-36-107-77*30-43-72-79-73-89-106-57-40-37*5-42-73-89-52-49-91-90-8-53*60-74-58-80-55-101-27-21-28-86*105-81-6-85-22-19-33-99-76-14*13-32-68-95-17-39-55-63-53-62*20-50-65-39-55-45-63-12-103-70*23-9-18-98-67-100-52-7-84-104*5-42-73-89-52-49-91-90-53-8*89-52-49-91-90-8-62-12-74-47*28-21-27-101-55-45-63-12-16-47*60-12-62-90-49-52-89-73-42-5*89-52-49-91-90-8-62-12-74-47*105-81-6-85-22-19-33-99-76-14*32-59-27-94-105-83-15-34-93-66*62-8-35-93-98-67-18-92-72-48*45-63-53-8-90-49-91-52-89-109*75-20-95-27-94-83-15-34-18-92*97-80-38-63-8-90-91-52-89-106*43-30-26-82-19-22-85-94-105-27*89-52-49-91-90-8-62-12-74-47*5-42-73-89-52-49-91-90-8-53*25-10-52-100-93-3-85-6-86-46*24-19-23-82-44-72-108-36-107-77*5-42-73-89-52-49-91-90-8-53*33-19-22-85-94-105-27-17-65-61*75-20-95-27-94-83-15-34-18-92*13-32-68-95-17-39-55-63-53-62*23-19-22-85-6-81-105-27-95-17*40-10-52-100-93-3-85-6-86-46*27-101-55-39-65-78-17-95-68-59*56-17-65-39-55-45-63-53-62-103*11-89-52-91-49-90-53-38-80-0*41-16-12-63-45-2-15-54-24-102*69-99-33-19-22-6-81-105-94-101*27-101-55-39-65-78-17-95-68-59*4-107-36-64-89-52-49-90-8-12*5-42-73-89-52-49-91-90-53-8*80-38-63-53-8-90-91-52-89-109*27-101-55-39-65-78-17-95-68-59*30-43-26-82-19-22-85-94-105-27*73-89-52-91-49-90-53-38-87-1*20-50-65-39-55-45-63-12-74-47*74-12-62-8-90-91-52-89-11-5*5-42-73-89-52-49-91-90-8-53*29-43-30-26-82-19-22-85-6-81*5-42-73-89-52-49-91-90-8-53*88-71-51-31-19-9-92-64-89-106*16-103-62-8-35-93-18-9-23-82*27-101-55-39-65-78-17-95-68-59*8-90-49-52-89-73-96-42-5-77*

\
Best Passenger Route set sting:
\
95-50-68-21-28-86-6-85-54-3-9-92-64-96-42-5-77-107-108-36-48-72*72-43-30-29-26-44-92-18-15-2-63-38-87-56-61-65-17-95-20-50-75*109-64-79-36-107-5-42-73-89-52-49-90-8-53-63-45-2-94-83-105-81-3*4-107-48-72-43-30-26-44-92-18-67-98-93-35-8-62-53-12-74-38-58-60*31-88-102-14-76-69-99-33-19-24-86-28-21*10-7-70-41-16-74-58-97-0-1-87-45-2-83-15-18-92-44-30-29-26-43*28-21-27-17-78-65-39-55-45-2-15-18-67-92-72-48-107-108-79-64-96-89*107-108-36-72-44-82-19-22-54-15-2-45-38-80-97-87-56-61-0-1*104-84-37-10-40-7-25-70-103-62-53-63-45-55-101-27-21-28-46-51-86-24*79-48-44-82-99-76-14-33-19-3-34-35-8-62-12-60-47-74-16-41-70-84*17-95-32-13-50-68-21-28-86-51-102-19-82-44-48-107-77-5-11-89-106*50-75-17-68-21-28-46-86-6-85-3-18-100-52-7-84-104-25-70-16-60*98-3-81-94-101-55-63-38-80-87-97-1-56-65-17-95-59-21-86-51-88-71*79-64-73-89-52-7-104-84-70-103-62-8-35-34-3-19-33-99-69-14-76*106-42-5-36-72-48-79-64-11-89-52-91-62-12-60-58-47-103-70-10-7-57*36-107-4-77-5-11-89-52-49-90-53-38-80-97-58-74-47-41-16-70-84*46-21-86-28-13-68-75-20-50-95-27-105-83-34-18-92-64-36-5-107-108-72*88-71-51-31-76-69-99-33-19-3-83-2-45-63-38-80-97-58-74-16-103-12*95-17-56-87-1-97-58-47-60-74-38-55-101-27-21-28-86-51-71-88-102-31*28-13-32-95-59-27-105-83-15-34-18-92-72-36-48-79-73-106-57-40-37-25*37-25-70-10-40-57-106-89-73-79-72-43-30-69-99-14-76-33-23-19-22-54*76-69-43-26-82-23-31-51-102-19-9-92-64-96-11-89-106-57-40-7-10-52*60-16-41-7-10-104-25-37-57-106-73-89-64-92-44-82-99-76-102-33-31*1-61-56-87-38-53-8-90-49-52-89-11-64-36-4-107-5-42-57-10-70-103*41-47-58-74-16-12-8-90-49-52-89-42-5-107-108-36-64-11-96-73-79-72*60-58-47-62-53-63-8-90-49-91-100-93-3-54-85-22-24-6-66-18-67-98*29-30-43-72-79-64-11-89-52-10-70-7-49-90-53-8-35-15-83-3-66-18*50-65-17-68-95-78-0-1-87-38-63-8-90-49-52-10-57-40-104-70-7-41*75-50-65-0-80-38-63-8-90-49-52-89-64-36-108-107-4-77-5-42-73-106*28-13-68-59-32-50-95-17-39-55-63-53-90-91-49-52-10-40-57-7-104-84*29-30-43-26-44-92-67-93-35-8-53-12-62-103-41-70-16-74-58-97-1-87*97-87-45-2-83-105-27-101-55-63-53-62-103-70-104-84-37-10-52-89-64*44-48-72-43-30-26-82-23-19-22-85-94-27-59-32-68-20-17-78-0-97-80*106-42-57-37-25-104-84-70-103-62-53-63-45-55-101-27-21-28-86-71-102-24*105-94-27-21-28-86-6-85-54-15-2-63-12-16-41-60-58-97-87-45-38*28-59-95-68-32-20-17-39-55-63-8-90-91-49-52-89-11-73-96-42-5-107*64-11-106-73-42-57-10-25-70-103-62-12-63-55-39-65-78-95-68-50-20-17*76-33-102-24-6-86-21-13-32-27-105-94-83-15-34-18-67-98-93-3-85-22*7-25-84-104-70-41-74-16-47-62-8-90-49-52-89-42-5-77-107-36-108-79*87-39-17-50-20-95-27-105-83-15-18-92-72-108-107-5-11-109-64-36-48*101-55-45-80-87-0-1-61-65-17-27-94-105-81-6-24-31-76-14-69-30-43*103-41-74-16-60-47-12-62-8-35-34-54-24-102-88-71-31-19-3-98-18*18-92-48-44-30-69-14-33-19-22-54-15-2-63-38-58-60-12-62-91-90-49*29-30-43-26-82-19-22-85-94-27-95-78-65-17-50-32-20-68-13-21-59-28*86-28-21-13-32-27-105-83-35-49-91-52-89-73-42-96-64-11-79-108-107-36*26-44-30-29-43-72-108-5-42-57-40-104-25-10-52-7-41-12-63-80-38*99-69-76-14-33-23-9-18-100-52-7-25-84-104-10-57-106-89-73-64-79*1-87-55-101-94-105-81-6-24-31-23*35-90-91-49-52-10-25-84-37-7-103-62-53-63-55-39-17-95-68-50-20-75*102-88-51-46-21-32-59-27-105-83-15-35-91-52-89-73-11-96-42-5-77-4*2-63-12-103-70-7-37-104-40-10-52-100-67-18-9-23-31-51-71-88-102-19*90-49-91-8-62-103-41-16-12-63-55-101-27-59-21-28-46-86-81-6-54-34*26-43-30-44-92-18-98-67-93-35-8-62-91-52-89-106-11-64-79-73-42*33-82-19-22-31-88-71-102-24-54-3-9-92-64-79-11-89-73-96-42-57-10*37-40-57-42-106-73-89-52-100-93-3-54-85-24-102-33-31-88-71-51-46-86*86-51-71-88-102-19-9-18-100-52-7-84-104-40-57-42-5-36-72-79-48*