13_3_Mumford1_GA_Stat_long_run RESULTS EVALUATION:
\
HV:0.8106 | BM:0.7758

\
	Operator	Passenger
\
f1_ATT	31.4818		21.9660
\
f2_TRT	466		1733
\
d_0	20.5091		62.6077
\
d_1	42.6556		37.0679
\
d_2	34.6065		0.3245
\
d_un	2.2288		0.0000

\
Best Operator Route set:
\
[[29, 48, 39, 32, 54, 36, 45, 58, 64, 52],
[46, 40, 7, 4, 12, 25, 41, 34, 57, 35],
[62, 42, 15, 49, 26, 16, 10, 55, 52, 20],
[63, 21, 24, 30, 26, 16, 10, 55, 20, 33],
[2, 0, 23, 69, 3, 66, 19, 38, 22, 33],
[65, 5, 67, 27, 25, 12, 41, 35, 51, 64],
[37, 5, 18, 54, 19, 38, 22, 33, 13, 43],
[14, 44, 60, 61, 17, 10, 16, 26, 30, 24],
[0, 2, 50, 33, 22, 45, 41, 12, 25, 27],
[23, 69, 3, 66, 19, 38, 22, 33, 58, 64],
[63, 21, 24, 30, 26, 16, 10, 59, 68, 9],
[30, 24, 62, 42, 15, 49, 26, 16, 10, 55],
[68, 9, 11, 31, 1, 26, 8, 51, 34, 57],
[40, 7, 53, 47, 6, 56, 8, 28, 10, 55],
[46, 40, 7, 4, 25, 12, 41, 34, 57, 35]]

\
Best Passenger Route set:
\
[[31, 11, 9, 68, 59, 17, 20, 33, 22, 19, 54, 5, 37, 67, 27, 41, 58, 64, 52, 55, 16, 1, 26, 62, 24, 42, 30],
[14, 60, 17, 9, 11, 1, 26, 8, 28, 56, 51, 34, 41, 36, 54, 5, 37, 65, 39],
[42, 15, 49, 26, 8, 51, 34, 45, 36, 54, 18, 39, 48, 29, 69, 19, 66, 3, 23, 2, 50, 43, 20, 10, 28, 56, 6, 21, 24, 62],
[46, 40, 7, 47, 6, 21, 24, 62, 49, 11, 9, 68, 1, 26, 8, 51, 41, 27, 67, 37, 32, 65, 5, 54, 38, 69, 23, 50, 17, 61],
[20, 13, 22, 36, 54, 65, 37, 67, 27, 25, 57, 35, 6, 63, 21, 24, 30, 26, 16, 10, 17, 50, 23, 29, 48, 39, 32, 5],
[21, 30, 62, 42, 15, 49, 26, 16, 10, 20, 33, 22, 38, 66, 48, 39],
[46, 40, 7, 4, 25, 57, 51, 64, 52, 20, 17, 60, 14, 61, 43, 33, 58, 35, 34, 45, 36, 54, 65, 19, 69, 18, 5, 37],
[15, 30, 63, 6, 56, 8, 55, 20, 43, 50, 0, 23, 69, 38, 36, 45, 34, 57, 41, 35, 64, 52],
[42, 15, 11, 68, 9, 16, 55, 52, 64, 58, 45, 36, 54, 18, 32, 39, 48, 3, 0, 23, 69, 66, 38, 22, 13, 43, 17, 59, 1, 26],
[12, 27, 67, 37, 18, 66, 3, 23, 50, 43, 61, 60, 44, 17, 20, 52, 64, 58, 34, 25, 4, 40, 46, 53, 47, 6, 35, 51, 56, 28],
[60, 44, 14, 2, 0, 69, 38, 36, 41, 25, 4, 7, 40, 46, 53, 47, 6, 63, 30, 26, 16, 10, 55, 20, 13, 33, 58, 51, 56, 28],
[14, 61, 17, 59, 1, 49, 15, 42, 24, 21, 62, 26, 8, 52, 64, 58, 33, 22, 19, 29, 48, 39, 65, 67, 27, 25, 4, 40, 46, 7],
[25, 27, 67, 5, 54, 66, 3, 23, 2, 14, 44, 61, 17, 10, 28, 56, 6, 47, 53, 4, 12, 41, 45, 22, 13, 50, 33, 58, 34, 57],
[46, 40, 4, 12, 25, 57, 35, 51, 8, 10, 16, 1, 31, 11, 9, 17, 50, 23, 3, 38, 54, 32, 18, 19, 22, 13, 43, 61, 60, 44],
[2, 0, 69, 29, 3, 66, 19, 36, 45, 34, 35, 6, 63, 24, 62, 42, 49, 26, 1, 31, 9, 59, 10, 52, 64, 58, 41, 12, 40, 46]]

\
Best Operator Route set string:
\
29-48-39-32-54-36-45-58-64-52*46-40-7-4-12-25-41-34-57-35*62-42-15-49-26-16-10-55-52-20*63-21-24-30-26-16-10-55-20-33*2-0-23-69-3-66-19-38-22-33*65-5-67-27-25-12-41-35-51-64*37-5-18-54-19-38-22-33-13-43*14-44-60-61-17-10-16-26-30-24*0-2-50-33-22-45-41-12-25-27*23-69-3-66-19-38-22-33-58-64*63-21-24-30-26-16-10-59-68-9*30-24-62-42-15-49-26-16-10-55*68-9-11-31-1-26-8-51-34-57*40-7-53-47-6-56-8-28-10-55*46-40-7-4-25-12-41-34-57-35*

\
Best Passenger Route set sting:
\
31-11-9-68-59-17-20-33-22-19-54-5-37-67-27-41-58-64-52-55-16-1-26-62-24-42-30*14-60-17-9-11-1-26-8-28-56-51-34-41-36-54-5-37-65-39*42-15-49-26-8-51-34-45-36-54-18-39-48-29-69-19-66-3-23-2-50-43-20-10-28-56-6-21-24-62*46-40-7-47-6-21-24-62-49-11-9-68-1-26-8-51-41-27-67-37-32-65-5-54-38-69-23-50-17-61*20-13-22-36-54-65-37-67-27-25-57-35-6-63-21-24-30-26-16-10-17-50-23-29-48-39-32-5*21-30-62-42-15-49-26-16-10-20-33-22-38-66-48-39*46-40-7-4-25-57-51-64-52-20-17-60-14-61-43-33-58-35-34-45-36-54-65-19-69-18-5-37*15-30-63-6-56-8-55-20-43-50-0-23-69-38-36-45-34-57-41-35-64-52*42-15-11-68-9-16-55-52-64-58-45-36-54-18-32-39-48-3-0-23-69-66-38-22-13-43-17-59-1-26*12-27-67-37-18-66-3-23-50-43-61-60-44-17-20-52-64-58-34-25-4-40-46-53-47-6-35-51-56-28*60-44-14-2-0-69-38-36-41-25-4-7-40-46-53-47-6-63-30-26-16-10-55-20-13-33-58-51-56-28*14-61-17-59-1-49-15-42-24-21-62-26-8-52-64-58-33-22-19-29-48-39-65-67-27-25-4-40-46-7*25-27-67-5-54-66-3-23-2-14-44-61-17-10-28-56-6-47-53-4-12-41-45-22-13-50-33-58-34-57*46-40-4-12-25-57-35-51-8-10-16-1-31-11-9-17-50-23-3-38-54-32-18-19-22-13-43-61-60-44*2-0-69-29-3-66-19-36-45-34-35-6-63-24-62-42-49-26-1-31-9-59-10-52-64-58-41-12-40-46*