36_2_Mumford0_SA_Stat_long_run RESULTS EVALUATION:
\
HV:0.8024 | BM:0.8087

\
	Operator	Passenger
\
f1_ATT	24.3608		15.6192
\
f2_TRT	98		545
\
d_0	20.9376		64.9667
\
d_1	41.0539		33.8847
\
d_2	27.6303		1.1486
\
d_un	10.3782		0.0000

\
Best Operator Route set:
\
[[8, 12],
[25, 11],
[2, 29, 27],
[19, 12, 0, 25, 7, 20, 14, 23, 3, 1, 9],
[0, 18],
[14, 24],
[16, 7, 27, 10, 21, 5],
[6, 13, 0, 26],
[0, 22, 17],
[4, 24],
[10, 15],
[25, 28]]

\
Best Passenger Route set:
\
[[17, 28, 0, 13, 6, 15, 10, 27, 7, 25, 22, 19, 12, 8, 26],
[10, 29, 27, 16, 28, 0, 17, 12],
[26, 0, 18, 22, 19, 12, 17, 28, 7, 2, 29, 15, 5],
[13, 0, 12, 8, 19, 17, 11, 14],
[9, 3, 23, 20, 7, 27, 2, 29, 15, 21, 6, 10],
[15, 6, 16, 7, 14, 23, 1, 3, 4],
[11, 3, 1, 23, 24, 14, 20, 4, 7, 16, 10],
[15, 5, 6, 13, 0, 22, 17, 11, 14, 24, 7, 10, 21],
[21, 5, 6, 16, 28, 25, 0, 18, 22, 17, 11, 14, 23, 9],
[3, 24, 20, 7, 25, 0, 18, 13, 6, 2, 15, 27],
[28, 0, 19, 12, 22, 18, 13, 6, 21, 2, 27, 16],
[8, 12, 18, 13, 0, 25, 11, 3, 4, 24, 14]]

\
Best Operator Route set string:
\
8-12*25-11*2-29-27*19-12-0-25-7-20-14-23-3-1-9*0-18*14-24*16-7-27-10-21-5*6-13-0-26*0-22-17*4-24*10-15*25-28*

\
Best Passenger Route set sting:
\
17-28-0-13-6-15-10-27-7-25-22-19-12-8-26*10-29-27-16-28-0-17-12*26-0-18-22-19-12-17-28-7-2-29-15-5*13-0-12-8-19-17-11-14*9-3-23-20-7-27-2-29-15-21-6-10*15-6-16-7-14-23-1-3-4*11-3-1-23-24-14-20-4-7-16-10*15-5-6-13-0-22-17-11-14-24-7-10-21*21-5-6-16-28-25-0-18-22-17-11-14-23-9*3-24-20-7-25-0-18-13-6-2-15-27*28-0-19-12-22-18-13-6-21-2-27-16*8-12-18-13-0-25-11-3-4-24-14*