8_3_Mumford1_GA_Crossover_prob RESULTS EVALUATION:
\
HV:0.7683 | BM:0.7758

\
	Operator	Passenger
\
f1_ATT	32.3958		23.0828
\
f2_TRT	496		1583
\
d_0	20.1057		50.6866
\
d_1	44.6394		47.4854
\
d_2	29.0997		1.8280
\
d_un	6.1552		0.0000

\
Best Operator Route set:
\
[[7, 40, 46, 53, 47, 6, 56, 28, 8, 10],
[46, 40, 7, 4, 12, 25, 41, 34, 57, 35],
[46, 40, 7, 4, 25, 27, 67, 5, 37, 65],
[46, 40, 7, 4, 12, 25, 27, 67, 37, 65],
[53, 46, 40, 7, 4, 25, 41, 34, 57, 35],
[32, 39, 18, 54, 36, 45, 58, 51, 35, 6],
[63, 24, 30, 26, 16, 10, 17, 61, 44, 14],
[68, 9, 11, 31, 1, 26, 8, 51, 41, 45],
[65, 5, 18, 54, 36, 45, 58, 64, 52, 55],
[23, 2, 0, 69, 3, 66, 19, 38, 22, 33],
[11, 9, 68, 59, 1, 26, 8, 51, 41, 45],
[60, 61, 43, 20, 55, 10, 16, 26, 30, 24, 62],
[13, 33, 20, 55, 10, 16, 26, 49, 15, 42],
[48, 29, 66, 19, 38, 36, 45, 34, 35, 6],
[50, 43, 20, 55, 10, 16, 26, 30, 24, 21]]

\
Best Passenger Route set:
\
[[46, 53, 40, 4, 25, 57, 51, 64, 52, 20, 17, 60, 44, 14, 61, 43, 13, 50, 23, 29, 19, 69, 66, 38, 54, 5],
[57, 35, 51, 8, 10, 55, 52, 64, 58, 33, 13, 50, 0, 69, 38, 36, 41, 25, 4, 7, 46],
[46, 40, 7, 47, 6, 56, 8, 10, 17, 60, 44, 14, 2, 50, 33, 58, 34, 57],
[13, 22, 36, 54, 65, 19, 3, 23, 50, 17, 20, 52, 64, 35, 57, 25, 4, 7, 46, 40, 12, 41, 45, 58, 33, 43, 61, 60, 44],
[28, 56, 8, 55, 17, 50, 0, 23, 69, 48, 66, 19, 38, 36, 45, 34, 57, 35, 6, 63, 21, 62, 26, 49, 9, 1, 16],
[53, 47, 6, 56, 8, 52, 55, 10, 20, 13, 22, 38, 66, 48, 29, 69, 23, 50, 43, 17, 59, 1, 26, 30, 24, 21],
[14, 44, 61, 17, 59, 1, 49, 15, 42, 24, 62, 30, 63, 21],
[21, 30, 63, 6, 35, 58, 45, 36, 54, 32, 18, 39, 48, 69, 0, 2, 50, 43, 20, 52, 64],
[52, 55, 10, 59, 68, 9, 11, 31, 1, 16, 26, 8, 51, 41, 45, 36, 54, 18, 39, 32, 5, 37],
[66, 19, 38, 69, 29, 3, 0, 2, 50, 13, 33, 58, 41, 27, 12, 40, 47, 7, 4, 25, 34, 35, 51, 56, 28, 8, 26, 49, 11, 31],
[46, 53, 7, 4, 25, 27, 67, 65, 5, 54, 19, 22, 33, 20, 55, 10, 16, 26, 49, 15, 42, 62, 24, 63, 6, 35, 51, 58],
[45, 41, 35, 34, 25, 27, 67, 37, 65, 54, 19, 38, 22, 33, 20, 17, 9, 68, 11, 15, 49, 42, 30, 24, 21, 6, 47, 53, 7],
[37, 65, 39, 18, 69, 3, 66, 38, 36, 45, 34, 35, 6, 21, 24, 62, 30, 15, 42, 49, 9, 68, 11, 59, 1, 16, 10, 55],
[61, 17, 20, 10, 28, 56, 6, 47, 53, 46, 40, 7, 4, 12, 41, 34, 51, 8, 26, 1, 31, 9, 11, 15, 62, 24, 21, 30, 42, 49],
[1, 16, 55, 20, 33, 22, 38, 18, 37, 32, 39, 48, 29, 23, 50, 43, 17, 9, 68, 11, 49, 26, 30, 63, 6, 47, 53, 4]]

\
Best Operator Route set string:
\
7-40-46-53-47-6-56-28-8-10*46-40-7-4-12-25-41-34-57-35*46-40-7-4-25-27-67-5-37-65*46-40-7-4-12-25-27-67-37-65*53-46-40-7-4-25-41-34-57-35*32-39-18-54-36-45-58-51-35-6*63-24-30-26-16-10-17-61-44-14*68-9-11-31-1-26-8-51-41-45*65-5-18-54-36-45-58-64-52-55*23-2-0-69-3-66-19-38-22-33*11-9-68-59-1-26-8-51-41-45*60-61-43-20-55-10-16-26-30-24-62*13-33-20-55-10-16-26-49-15-42*48-29-66-19-38-36-45-34-35-6*50-43-20-55-10-16-26-30-24-21*

\
Best Passenger Route set sting:
\
46-53-40-4-25-57-51-64-52-20-17-60-44-14-61-43-13-50-23-29-19-69-66-38-54-5*57-35-51-8-10-55-52-64-58-33-13-50-0-69-38-36-41-25-4-7-46*46-40-7-47-6-56-8-10-17-60-44-14-2-50-33-58-34-57*13-22-36-54-65-19-3-23-50-17-20-52-64-35-57-25-4-7-46-40-12-41-45-58-33-43-61-60-44*28-56-8-55-17-50-0-23-69-48-66-19-38-36-45-34-57-35-6-63-21-62-26-49-9-1-16*53-47-6-56-8-52-55-10-20-13-22-38-66-48-29-69-23-50-43-17-59-1-26-30-24-21*14-44-61-17-59-1-49-15-42-24-62-30-63-21*21-30-63-6-35-58-45-36-54-32-18-39-48-69-0-2-50-43-20-52-64*52-55-10-59-68-9-11-31-1-16-26-8-51-41-45-36-54-18-39-32-5-37*66-19-38-69-29-3-0-2-50-13-33-58-41-27-12-40-47-7-4-25-34-35-51-56-28-8-26-49-11-31*46-53-7-4-25-27-67-65-5-54-19-22-33-20-55-10-16-26-49-15-42-62-24-63-6-35-51-58*45-41-35-34-25-27-67-37-65-54-19-38-22-33-20-17-9-68-11-15-49-42-30-24-21-6-47-53-7*37-65-39-18-69-3-66-38-36-45-34-35-6-21-24-62-30-15-42-49-9-68-11-59-1-16-10-55*61-17-20-10-28-56-6-47-53-46-40-7-4-12-41-34-51-8-26-1-31-9-11-15-62-24-21-30-42-49*1-16-55-20-33-22-38-18-37-32-39-48-29-23-50-43-17-9-68-11-49-26-30-63-6-47-53-4*