7_5_Mumford3_GA_Pop_size RESULTS EVALUATION:
\
HV:0.6029 | BM:0.6385

\
	Operator	Passenger
\
f1_ATT	34.3527		28.7941
\
f2_TRT	2338		4988
\
d_0	18.6062		41.8949
\
d_1	57.4187		55.8696
\
d_2	21.6845		2.2355
\
d_un	2.2906		0.0000

\
Best Operator Route set:
\
[[55, 16, 114, 74, 66, 80, 5, 36, 24, 86, 10, 109],
[62, 16, 114, 74, 72, 66, 53, 14, 100, 78, 71, 96],
[63, 80, 9, 70, 72, 66, 53, 14, 100, 78, 71, 96],
[20, 50, 40, 7, 11, 1, 27, 94, 29, 36, 24, 86, 117, 10],
[71, 96, 100, 14, 53, 23, 37, 79, 0, 7, 65, 116],
[68, 34, 56, 12, 100, 78, 114, 2, 79, 0, 120, 93, 82, 95],
[16, 114, 23, 124, 72, 66, 53, 14, 100, 78, 96, 71],
[16, 114, 74, 23, 72, 66, 53, 14, 100, 78, 71, 96],
[16, 114, 23, 124, 72, 66, 53, 14, 100, 78, 96, 71],
[6, 45, 73, 48, 26, 101, 88, 25, 41, 8, 119, 21, 22],
[84, 110, 87, 61, 53, 23, 37, 79, 0, 120, 65, 116],
[57, 8, 41, 30, 33, 39, 46, 11, 79, 37, 74, 114],
[32, 6, 73, 48, 2, 49, 66, 80, 36, 24, 86, 117],
[115, 61, 14, 53, 23, 2, 79, 0, 101, 88, 91, 125, 35, 123],
[16, 114, 23, 124, 72, 66, 53, 14, 100, 78, 96, 71],
[16, 114, 23, 124, 72, 66, 53, 14, 100, 78, 96, 71],
[62, 16, 114, 74, 72, 66, 53, 14, 100, 78, 71, 96],
[16, 114, 23, 124, 72, 66, 53, 14, 100, 78, 96, 71],
[38, 54, 51, 52, 122, 94, 29, 80, 66, 14, 100, 96, 71],
[47, 51, 52, 122, 94, 29, 80, 66, 14, 100, 71, 96],
[16, 114, 23, 72, 124, 66, 53, 14, 100, 78, 96, 71],
[10, 4, 43, 90, 113, 89, 31, 39, 88, 93, 40, 50, 92, 13],
[71, 96, 100, 14, 53, 66, 80, 63, 58, 104, 59, 113],
[31, 51, 52, 27, 81, 29, 80, 63, 105, 104, 59, 89],
[63, 80, 9, 70, 72, 66, 53, 14, 100, 78, 71, 96],
[76, 92, 126, 73, 48, 2, 37, 23, 53, 14, 61, 102],
[75, 19, 85, 20, 32, 60, 73, 48, 79, 11, 1, 118, 52],
[73, 48, 0, 11, 77, 67, 118, 52, 89, 17, 64, 111],
[16, 114, 74, 23, 124, 66, 53, 14, 100, 78, 71, 96],
[71, 96, 100, 14, 53, 66, 80, 63, 105, 104, 43, 98],
[57, 8, 41, 30, 33, 39, 46, 11, 79, 2, 37, 74],
[71, 96, 100, 14, 53, 66, 80, 63, 58, 104, 59, 113],
[76, 92, 126, 73, 48, 2, 37, 23, 53, 14, 61, 102],
[16, 114, 74, 23, 72, 66, 53, 14, 100, 78, 71, 96],
[50, 83, 92, 126, 73, 48, 2, 114, 78, 3, 107, 15],
[16, 114, 23, 124, 72, 66, 53, 14, 100, 78, 96, 71],
[16, 114, 23, 124, 72, 66, 53, 14, 100, 78, 96, 71],
[16, 114, 23, 124, 72, 66, 53, 14, 100, 78, 96, 71],
[16, 114, 74, 23, 124, 66, 53, 14, 100, 78, 71, 96],
[106, 61, 108, 14, 53, 23, 2, 79, 0, 101, 88, 121],
[28, 64, 43, 105, 63, 80, 9, 72, 23, 114, 16, 112],
[71, 78, 114, 16, 55, 45, 6, 60, 32, 20, 85, 19],
[16, 114, 23, 72, 124, 66, 53, 14, 100, 78, 96, 71],
[31, 51, 52, 27, 81, 29, 80, 63, 105, 104, 59, 89],
[99, 48, 2, 49, 72, 66, 80, 63, 58, 104, 18, 109],
[99, 48, 97, 79, 11, 1, 118, 52, 89, 42, 90, 103],
[63, 80, 9, 70, 72, 66, 53, 14, 100, 78, 71, 96],
[84, 110, 87, 61, 53, 23, 37, 79, 0, 120, 65, 116],
[16, 114, 74, 23, 124, 66, 53, 14, 100, 78, 71, 96],
[32, 60, 73, 48, 97, 79, 11, 77, 1, 118, 52, 51],
[31, 51, 52, 27, 81, 29, 80, 63, 105, 104, 59, 89],
[16, 114, 23, 124, 72, 66, 53, 14, 100, 78, 96, 71],
[31, 51, 52, 27, 81, 29, 80, 63, 105, 104, 59, 89],
[16, 114, 74, 23, 124, 66, 53, 14, 100, 78, 71, 96],
[16, 114, 74, 23, 124, 66, 53, 14, 100, 78, 71, 96],
[71, 96, 100, 14, 53, 66, 80, 63, 58, 104, 59, 113],
[16, 114, 23, 124, 72, 66, 53, 14, 100, 78, 96, 71],
[16, 114, 74, 23, 124, 66, 53, 14, 100, 78, 71, 96],
[4, 10, 109, 69, 43, 42, 89, 31, 39, 88, 93, 44, 40, 7],
[16, 114, 23, 124, 72, 66, 53, 14, 100, 78, 96, 71]]

\
Best Passenger Route set:
\
[[69, 4, 43, 113, 89, 52, 118, 1, 11, 26, 40, 50, 83, 13, 76, 20],
[37, 74, 2, 97, 48, 73, 60, 55, 16, 114, 23, 49, 72, 9, 63, 105, 43, 103, 111, 64, 28, 17, 89, 42, 59],
[113, 17, 28, 64, 4, 43, 42, 89, 52, 118, 1, 11, 97, 48, 73, 6, 45, 112, 60, 75, 20, 50, 76, 92],
[56, 12, 100, 71, 78, 114, 2, 48, 126, 92, 85, 76, 50, 116, 82, 91, 121],
[16, 114, 74, 66, 80, 63, 105, 43, 103, 111, 64, 28, 17, 89, 42, 59],
[16, 112, 32, 60, 45, 6, 73, 48, 2, 49, 124, 70, 80, 5, 24, 86],
[0, 120, 65, 40, 50, 83, 76, 85, 19, 32, 60, 73, 48, 2, 49, 72, 70, 9, 80, 63, 105, 104, 18, 103],
[83, 92, 50, 76, 13, 95, 82, 88, 39, 31, 51, 89, 59, 104, 18, 109, 10, 117, 86, 24, 102, 106, 14, 66],
[15, 107, 56, 84, 110, 87, 102, 108, 61, 53, 23, 2, 79, 0, 101, 88, 91, 35, 125, 121, 25, 39, 31, 52],
[31, 51, 52, 27, 29, 81, 80, 63, 105, 104, 59, 89],
[25, 33, 30, 54, 38, 31, 47, 51, 52, 122, 29, 9, 70, 66, 14, 100, 12, 56, 34, 68, 110],
[103, 43, 104, 105, 58, 63, 80, 66, 74, 114, 16, 112],
[115, 3, 107, 56, 84, 110, 87, 106, 61, 53, 23, 2, 79, 0, 101, 88, 121, 91, 25, 38, 52, 122, 27, 94, 81],
[34, 68, 110, 87, 24, 36, 5, 63, 58, 104, 59, 89, 52, 51, 38, 54, 33, 30, 25, 39, 46, 67, 81, 80],
[28, 42, 89, 52, 118, 1, 77, 11, 79, 97, 48, 73],
[34, 56, 12, 100, 78, 114, 2, 48, 126, 92, 83, 50, 116, 93, 44, 82, 91],
[105, 42, 28, 64, 43, 104, 58, 63, 80, 66, 74, 114, 16, 62, 112, 60, 45, 32, 20, 85, 92, 83, 50],
[53, 14, 106, 102, 87, 84, 56, 68, 3, 71, 78, 114, 2, 79, 11, 46, 39, 30, 22, 119, 21, 35, 91, 25],
[76, 92, 83, 13, 50, 40, 7, 11, 1, 27, 81, 29, 5, 24, 86, 10, 69, 103, 98, 17, 90, 43, 105, 42],
[103, 109, 4, 10, 86, 24, 5, 36, 9, 72, 49, 2, 48, 126, 92, 83, 50, 40, 116, 65, 7, 101],
[76, 92, 126, 73, 48, 2, 49, 66, 80, 36, 24, 117],
[54, 51, 52, 118, 67, 77, 11, 79, 2, 114, 16, 62],
[44, 93, 120, 0, 79, 37, 23, 53, 61, 87, 110, 84],
[83, 50, 76, 13, 95, 44, 82, 88, 39, 31, 51, 89, 59, 104, 18, 117, 24, 5, 29, 81, 1, 11, 26, 120, 65],
[55, 45, 60, 73, 99, 48, 0, 11, 77, 1, 118, 52, 89, 42, 17, 64, 111],
[61, 108, 87, 24, 117, 86, 18, 104, 43, 42, 17, 28, 64, 98, 113, 89, 52, 118, 1, 11, 0, 48, 73, 99],
[56, 3, 78, 114, 74, 2, 79, 0, 120, 93, 82, 44],
[35, 125, 123, 95, 13, 83, 50, 116, 65, 82, 88, 39, 31, 89, 42, 43, 69, 109, 10, 117, 86, 24, 87, 108, 115],
[64, 28, 42, 113, 17, 98, 103, 43, 59, 89, 52, 118, 1, 67, 77, 0, 48, 73, 60, 75, 32, 126, 26, 93],
[35, 125, 88, 30, 39, 38, 51, 54, 47, 31, 52, 118, 1, 11, 79, 97, 48, 73, 60, 75, 32, 45, 6, 112, 62],
[71, 100, 78, 12, 15, 107, 56, 84, 110, 87, 61, 53, 23, 2, 79, 0, 26, 40, 95, 123, 35, 8, 119, 21, 22],
[27, 81, 94, 29, 36, 5, 58, 104, 18, 117, 10, 69, 43, 42, 89, 51, 38, 25, 91, 123, 95, 50, 83, 13, 92],
[31, 51, 52, 27, 81, 29, 80, 63, 105, 104, 59, 89],
[107, 12, 68, 34, 56, 15, 3, 78, 71, 96, 100, 14, 66, 80, 63, 58, 104, 59, 113, 17, 42, 90, 43, 105],
[75, 19, 85, 20, 76, 13, 50, 83, 92, 126, 73, 48, 2, 23, 53, 61, 106, 108, 14, 72, 124, 49, 74, 37],
[64, 17, 42, 89, 52, 118, 1, 77, 11, 0, 48, 73, 99],
[54, 47, 38, 52, 51, 31, 33, 30, 57, 8, 41, 25, 88, 101, 7, 26, 48, 99, 55, 16, 112, 60, 75, 20],
[21, 22, 30, 39, 46, 11, 2, 37, 23, 53, 14, 108, 61],
[13, 83, 50, 92, 126, 26, 11, 77, 1, 118, 52, 89, 42, 90, 103, 64, 28],
[106, 61, 14, 53, 23, 2, 79, 0, 101, 88, 91, 123],
[34, 56, 107, 12, 68, 3, 96, 71, 78, 114, 2, 79, 0, 101, 88, 91, 123, 35, 125, 22, 41, 30, 39, 46, 118],
[121, 88, 30, 41, 33, 31, 52, 122, 29, 80, 66, 53, 61, 115, 108, 87, 24, 36, 5, 63, 105, 42, 17],
[51, 31, 38, 54, 33, 30, 8, 41, 25, 39, 46, 11, 79, 2, 114, 78, 3, 107, 15, 12, 56, 68, 84, 87],
[12, 3, 96, 71, 78, 114, 2, 11, 46, 39, 30, 57],
[123, 35, 125, 91, 88, 101, 7, 26, 48, 99, 55, 16, 62],
[112, 6, 45, 73, 48, 26, 7, 101, 88, 125, 22, 119, 21, 35, 91, 25],
[33, 41, 57, 30, 39, 46, 11, 7, 120, 116, 50, 83, 92, 126, 48, 2, 23, 53, 61, 108, 87, 84, 110, 68, 34],
[27, 118, 46, 39, 88, 121, 125, 35, 21, 119, 8, 41, 30, 38, 52, 122, 29, 5, 24, 87, 110, 84, 68, 56, 34],
[81, 94, 29, 36, 5, 58, 104, 18, 117, 10, 69, 43, 113, 42, 89, 51, 38, 25, 91, 123, 95, 50, 83],
[34, 68, 110, 87, 102, 24, 36, 29, 94, 122, 52, 51, 47, 54, 30, 41, 57, 21, 119, 8, 22, 125, 88, 82, 44],
[50, 40, 44, 82, 88, 25, 33, 41, 57, 30, 38, 52, 122, 29, 80, 66, 53, 14, 61, 106, 108, 102, 87, 24, 86],
[75, 19, 92, 83, 50, 40, 116, 93, 88, 39, 31, 89, 17, 64, 111, 28, 42, 59, 113, 98, 43, 4, 10, 86, 18],
[44, 65, 101, 0, 11, 2, 37, 74, 114, 78, 96, 71, 100, 14, 108, 106, 102, 24, 36, 63, 105, 104],
[99, 48, 97, 37, 79, 11, 1, 118, 52, 89, 42, 90, 103, 109],
[107, 15, 3, 115, 108, 87, 106, 61, 102, 24, 5, 29, 122, 52, 51, 31, 33, 30, 22, 119, 21, 8, 57, 41],
[107, 15, 3, 100, 14, 53, 66, 80, 63, 105, 43, 98, 17],
[75, 19, 85, 20, 32, 60, 73, 48, 2, 49, 72, 66, 80, 63, 105, 104, 18, 109, 69, 103, 90, 42, 43, 113],
[64, 28, 17, 89, 51, 31, 39, 88, 82, 65, 50, 83, 92, 13, 76, 19, 75],
[116, 65, 50, 92, 19, 13, 83, 76, 85, 20, 32, 60, 6, 45, 55, 16, 114, 78, 71, 96, 100, 3, 12, 56, 15],
[21, 35, 123, 125, 121, 88, 25, 41, 57, 30, 33, 39, 46, 11, 79, 2, 114, 78, 71, 100, 96, 3, 12, 68, 34]]

\
Best Operator Route set string:
\
55-16-114-74-66-80-5-36-24-86-10-109*62-16-114-74-72-66-53-14-100-78-71-96*63-80-9-70-72-66-53-14-100-78-71-96*20-50-40-7-11-1-27-94-29-36-24-86-117-10*71-96-100-14-53-23-37-79-0-7-65-116*68-34-56-12-100-78-114-2-79-0-120-93-82-95*16-114-23-124-72-66-53-14-100-78-96-71*16-114-74-23-72-66-53-14-100-78-71-96*16-114-23-124-72-66-53-14-100-78-96-71*6-45-73-48-26-101-88-25-41-8-119-21-22*84-110-87-61-53-23-37-79-0-120-65-116*57-8-41-30-33-39-46-11-79-37-74-114*32-6-73-48-2-49-66-80-36-24-86-117*115-61-14-53-23-2-79-0-101-88-91-125-35-123*16-114-23-124-72-66-53-14-100-78-96-71*16-114-23-124-72-66-53-14-100-78-96-71*62-16-114-74-72-66-53-14-100-78-71-96*16-114-23-124-72-66-53-14-100-78-96-71*38-54-51-52-122-94-29-80-66-14-100-96-71*47-51-52-122-94-29-80-66-14-100-71-96*16-114-23-72-124-66-53-14-100-78-96-71*10-4-43-90-113-89-31-39-88-93-40-50-92-13*71-96-100-14-53-66-80-63-58-104-59-113*31-51-52-27-81-29-80-63-105-104-59-89*63-80-9-70-72-66-53-14-100-78-71-96*76-92-126-73-48-2-37-23-53-14-61-102*75-19-85-20-32-60-73-48-79-11-1-118-52*73-48-0-11-77-67-118-52-89-17-64-111*16-114-74-23-124-66-53-14-100-78-71-96*71-96-100-14-53-66-80-63-105-104-43-98*57-8-41-30-33-39-46-11-79-2-37-74*71-96-100-14-53-66-80-63-58-104-59-113*76-92-126-73-48-2-37-23-53-14-61-102*16-114-74-23-72-66-53-14-100-78-71-96*50-83-92-126-73-48-2-114-78-3-107-15*16-114-23-124-72-66-53-14-100-78-96-71*16-114-23-124-72-66-53-14-100-78-96-71*16-114-23-124-72-66-53-14-100-78-96-71*16-114-74-23-124-66-53-14-100-78-71-96*106-61-108-14-53-23-2-79-0-101-88-121*28-64-43-105-63-80-9-72-23-114-16-112*71-78-114-16-55-45-6-60-32-20-85-19*16-114-23-72-124-66-53-14-100-78-96-71*31-51-52-27-81-29-80-63-105-104-59-89*99-48-2-49-72-66-80-63-58-104-18-109*99-48-97-79-11-1-118-52-89-42-90-103*63-80-9-70-72-66-53-14-100-78-71-96*84-110-87-61-53-23-37-79-0-120-65-116*16-114-74-23-124-66-53-14-100-78-71-96*32-60-73-48-97-79-11-77-1-118-52-51*31-51-52-27-81-29-80-63-105-104-59-89*16-114-23-124-72-66-53-14-100-78-96-71*31-51-52-27-81-29-80-63-105-104-59-89*16-114-74-23-124-66-53-14-100-78-71-96*16-114-74-23-124-66-53-14-100-78-71-96*71-96-100-14-53-66-80-63-58-104-59-113*16-114-23-124-72-66-53-14-100-78-96-71*16-114-74-23-124-66-53-14-100-78-71-96*4-10-109-69-43-42-89-31-39-88-93-44-40-7*16-114-23-124-72-66-53-14-100-78-96-71*

\
Best Passenger Route set sting:
\
69-4-43-113-89-52-118-1-11-26-40-50-83-13-76-20*37-74-2-97-48-73-60-55-16-114-23-49-72-9-63-105-43-103-111-64-28-17-89-42-59*113-17-28-64-4-43-42-89-52-118-1-11-97-48-73-6-45-112-60-75-20-50-76-92*56-12-100-71-78-114-2-48-126-92-85-76-50-116-82-91-121*16-114-74-66-80-63-105-43-103-111-64-28-17-89-42-59*16-112-32-60-45-6-73-48-2-49-124-70-80-5-24-86*0-120-65-40-50-83-76-85-19-32-60-73-48-2-49-72-70-9-80-63-105-104-18-103*83-92-50-76-13-95-82-88-39-31-51-89-59-104-18-109-10-117-86-24-102-106-14-66*15-107-56-84-110-87-102-108-61-53-23-2-79-0-101-88-91-35-125-121-25-39-31-52*31-51-52-27-29-81-80-63-105-104-59-89*25-33-30-54-38-31-47-51-52-122-29-9-70-66-14-100-12-56-34-68-110*103-43-104-105-58-63-80-66-74-114-16-112*115-3-107-56-84-110-87-106-61-53-23-2-79-0-101-88-121-91-25-38-52-122-27-94-81*34-68-110-87-24-36-5-63-58-104-59-89-52-51-38-54-33-30-25-39-46-67-81-80*28-42-89-52-118-1-77-11-79-97-48-73*34-56-12-100-78-114-2-48-126-92-83-50-116-93-44-82-91*105-42-28-64-43-104-58-63-80-66-74-114-16-62-112-60-45-32-20-85-92-83-50*53-14-106-102-87-84-56-68-3-71-78-114-2-79-11-46-39-30-22-119-21-35-91-25*76-92-83-13-50-40-7-11-1-27-81-29-5-24-86-10-69-103-98-17-90-43-105-42*103-109-4-10-86-24-5-36-9-72-49-2-48-126-92-83-50-40-116-65-7-101*76-92-126-73-48-2-49-66-80-36-24-117*54-51-52-118-67-77-11-79-2-114-16-62*44-93-120-0-79-37-23-53-61-87-110-84*83-50-76-13-95-44-82-88-39-31-51-89-59-104-18-117-24-5-29-81-1-11-26-120-65*55-45-60-73-99-48-0-11-77-1-118-52-89-42-17-64-111*61-108-87-24-117-86-18-104-43-42-17-28-64-98-113-89-52-118-1-11-0-48-73-99*56-3-78-114-74-2-79-0-120-93-82-44*35-125-123-95-13-83-50-116-65-82-88-39-31-89-42-43-69-109-10-117-86-24-87-108-115*64-28-42-113-17-98-103-43-59-89-52-118-1-67-77-0-48-73-60-75-32-126-26-93*35-125-88-30-39-38-51-54-47-31-52-118-1-11-79-97-48-73-60-75-32-45-6-112-62*71-100-78-12-15-107-56-84-110-87-61-53-23-2-79-0-26-40-95-123-35-8-119-21-22*27-81-94-29-36-5-58-104-18-117-10-69-43-42-89-51-38-25-91-123-95-50-83-13-92*31-51-52-27-81-29-80-63-105-104-59-89*107-12-68-34-56-15-3-78-71-96-100-14-66-80-63-58-104-59-113-17-42-90-43-105*75-19-85-20-76-13-50-83-92-126-73-48-2-23-53-61-106-108-14-72-124-49-74-37*64-17-42-89-52-118-1-77-11-0-48-73-99*54-47-38-52-51-31-33-30-57-8-41-25-88-101-7-26-48-99-55-16-112-60-75-20*21-22-30-39-46-11-2-37-23-53-14-108-61*13-83-50-92-126-26-11-77-1-118-52-89-42-90-103-64-28*106-61-14-53-23-2-79-0-101-88-91-123*34-56-107-12-68-3-96-71-78-114-2-79-0-101-88-91-123-35-125-22-41-30-39-46-118*121-88-30-41-33-31-52-122-29-80-66-53-61-115-108-87-24-36-5-63-105-42-17*51-31-38-54-33-30-8-41-25-39-46-11-79-2-114-78-3-107-15-12-56-68-84-87*12-3-96-71-78-114-2-11-46-39-30-57*123-35-125-91-88-101-7-26-48-99-55-16-62*112-6-45-73-48-26-7-101-88-125-22-119-21-35-91-25*33-41-57-30-39-46-11-7-120-116-50-83-92-126-48-2-23-53-61-108-87-84-110-68-34*27-118-46-39-88-121-125-35-21-119-8-41-30-38-52-122-29-5-24-87-110-84-68-56-34*81-94-29-36-5-58-104-18-117-10-69-43-113-42-89-51-38-25-91-123-95-50-83*34-68-110-87-102-24-36-29-94-122-52-51-47-54-30-41-57-21-119-8-22-125-88-82-44*50-40-44-82-88-25-33-41-57-30-38-52-122-29-80-66-53-14-61-106-108-102-87-24-86*75-19-92-83-50-40-116-93-88-39-31-89-17-64-111-28-42-59-113-98-43-4-10-86-18*44-65-101-0-11-2-37-74-114-78-96-71-100-14-108-106-102-24-36-63-105-104*99-48-97-37-79-11-1-118-52-89-42-90-103-109*107-15-3-115-108-87-106-61-102-24-5-29-122-52-51-31-33-30-22-119-21-8-57-41*107-15-3-100-14-53-66-80-63-105-43-98-17*75-19-85-20-32-60-73-48-2-49-72-66-80-63-105-104-18-109-69-103-90-42-43-113*64-28-17-89-51-31-39-88-82-65-50-83-92-13-76-19-75*116-65-50-92-19-13-83-76-85-20-32-60-6-45-55-16-114-78-71-96-100-3-12-56-15*21-35-123-125-121-88-25-41-57-30-33-39-46-11-79-2-114-78-71-100-96-3-12-68-34*