33_2_Mumford0__ALL_param RESULTS EVALUATION:
\
HV:0.7933 | BM:0.8087

\
	Operator	Passenger
\
f1_ATT	34.8767		15.7088
\
f2_TRT	98		699
\
d_0	14.7767		69.1928
\
d_1	28.6942		30.8072
\
d_2	27.4112		0.0000
\
d_un	29.1180		0.0000

\
Best Operator Route set:
\
[[6, 15, 10],
[13, 18, 0, 22, 17],
[17, 12, 8],
[4, 24],
[22, 25, 28],
[2, 27, 7, 20, 24, 1],
[1, 9, 23, 14, 11, 17],
[5, 21, 10, 2, 29],
[0, 26],
[16, 27],
[3, 1],
[12, 19]]

\
Best Passenger Route set:
\
[[18, 19, 0, 13, 6, 21, 10, 7, 28, 16, 27, 2, 29, 15, 5],
[13, 6, 16, 7, 25, 22, 19, 12, 18, 0, 17, 11, 14, 23, 3],
[26, 0, 18, 22, 19, 12, 17, 28, 7, 16, 6, 15, 2, 10, 21],
[9, 23, 1, 3, 24, 20, 7, 25, 0, 18, 13, 6, 5, 21, 10],
[1, 4, 3, 23, 14, 20, 7, 16, 27, 2, 29, 15, 21, 10, 6],
[6, 13, 18, 0, 22, 17, 11, 14, 20, 7, 27, 10, 15, 29, 2],
[17, 11, 3, 1, 23, 14, 20, 24, 4, 7, 25, 0, 12, 8, 19],
[10, 29, 27, 15, 5, 6, 16, 7, 14, 9, 1, 3, 24, 4, 20],
[5, 6, 2, 15, 21, 10, 29, 27, 16, 28, 0, 18, 19, 12, 8],
[5, 21, 6, 13, 18, 0, 26, 8, 12, 19, 22, 17, 11, 3, 9],
[28, 25, 0, 17, 22, 12, 18, 13, 6, 5, 21, 2, 16, 27, 15],
[9, 1, 23, 14, 24, 7, 20, 4, 3, 11, 25, 0, 12, 8, 26]]

\
Best Operator Route set string:
\
6-15-10*13-18-0-22-17*17-12-8*4-24*22-25-28*2-27-7-20-24-1*1-9-23-14-11-17*5-21-10-2-29*0-26*16-27*3-1*12-19*

\
Best Passenger Route set sting:
\
18-19-0-13-6-21-10-7-28-16-27-2-29-15-5*13-6-16-7-25-22-19-12-18-0-17-11-14-23-3*26-0-18-22-19-12-17-28-7-16-6-15-2-10-21*9-23-1-3-24-20-7-25-0-18-13-6-5-21-10*1-4-3-23-14-20-7-16-27-2-29-15-21-10-6*6-13-18-0-22-17-11-14-20-7-27-10-15-29-2*17-11-3-1-23-14-20-24-4-7-25-0-12-8-19*10-29-27-15-5-6-16-7-14-9-1-3-24-4-20*5-6-2-15-21-10-29-27-16-28-0-18-19-12-8*5-21-6-13-18-0-26-8-12-19-22-17-11-3-9*28-25-0-17-22-12-18-13-6-5-21-2-16-27-15*9-1-23-14-24-7-20-4-3-11-25-0-12-8-26*