21_2_Mumford0_SA_Initial_solutions RESULTS EVALUATION:
\
HV:0.7798 | BM:0.8087

\
	Operator	Passenger
\
f1_ATT	28.7878		16.1941
\
f2_TRT	98		381
\
d_0	16.2672		61.8746
\
d_1	40.2619		37.4737
\
d_2	29.5563		0.6517
\
d_un	13.9145		0.0000

\
Best Operator Route set:
\
[[25, 28],
[10, 15],
[24, 14, 11, 17, 22, 18, 0, 12, 19],
[21, 5],
[16, 27],
[24, 4],
[23, 14, 1, 3, 9],
[12, 8],
[0, 26],
[27, 7, 20, 14],
[29, 2, 10, 6, 13, 0, 28],
[21, 10]]

\
Best Passenger Route set:
\
[[18, 19, 22, 25, 28, 16, 27, 2, 29, 10],
[2, 6, 13, 0],
[20, 14, 11, 17, 22, 0, 18, 13, 6, 5, 21, 2, 16],
[1, 3, 9, 23, 14, 7, 16, 6, 5, 15],
[26, 8, 12, 19, 17, 28, 7, 20, 4, 1, 3, 23],
[9, 1, 3, 11, 17, 18, 22, 12, 8, 26, 0, 28, 7, 4, 24],
[15, 6],
[15, 2, 29, 27, 7, 20, 14, 23, 9, 3],
[27, 15, 10, 7, 24, 14, 1, 3, 4],
[18, 19],
[25, 0, 18, 12, 19, 22, 17, 28, 16, 15, 10],
[2, 7, 25, 28, 16, 10, 21, 5]]

\
Best Operator Route set string:
\
25-28*10-15*24-14-11-17-22-18-0-12-19*21-5*16-27*24-4*23-14-1-3-9*12-8*0-26*27-7-20-14*29-2-10-6-13-0-28*21-10*

\
Best Passenger Route set sting:
\
18-19-22-25-28-16-27-2-29-10*2-6-13-0*20-14-11-17-22-0-18-13-6-5-21-2-16*1-3-9-23-14-7-16-6-5-15*26-8-12-19-17-28-7-20-4-1-3-23*9-1-3-11-17-18-22-12-8-26-0-28-7-4-24*15-6*15-2-29-27-7-20-14-23-9-3*27-15-10-7-24-14-1-3-4*18-19*25-0-18-12-19-22-17-28-16-15-10*2-7-25-28-16-10-21-5*