33_3_Mumford1__ALL_param RESULTS EVALUATION:
\
HV:0.7552 | BM:0.7758

\
	Operator	Passenger
\
f1_ATT	31.8489		23.4540
\
f2_TRT	508		1291
\
d_0	19.6686		43.5590
\
d_1	37.8471		53.8244
\
d_2	31.1541		2.6166
\
d_un	11.3303		0.0000

\
Best Operator Route set:
\
[[17, 61, 60, 44, 14, 2, 50, 43, 13, 33],
[62, 42, 15, 30, 24, 63, 6, 35, 51, 64],
[64, 58, 34, 45, 36, 38, 19, 3, 69, 66],
[30, 63, 21, 24, 62, 15, 49, 26, 8, 28],
[10, 55, 20, 33, 22, 19, 66, 48, 39, 32],
[38, 54, 18, 32, 65, 67, 27, 25, 4, 53],
[22, 38, 19, 69, 29, 48, 39, 32, 65, 5],
[66, 38, 19, 54, 18, 39, 65, 37, 67, 5],
[68, 9, 16, 26, 8, 51, 35, 57, 25, 12],
[1, 16, 10, 55, 52, 64, 35, 58, 34, 41],
[49, 1, 31, 11, 68, 9, 59, 17, 20, 52],
[47, 53, 7, 46, 40, 12, 25, 41, 34, 35],
[37, 5, 32, 65, 18, 19, 69, 23, 0, 2],
[65, 37, 67, 18, 19, 69, 3, 29, 48, 39],
[62, 26, 16, 10, 28, 8, 56, 51, 64, 58]]

\
Best Passenger Route set:
\
[[21, 6, 56, 8, 10, 17, 43, 13, 22, 19, 18, 39, 48, 29],
[8, 52, 64, 51, 58, 33, 20, 55, 16, 26, 62, 21, 6, 35, 34, 45, 36, 54, 65, 18, 69, 19],
[45, 41, 34, 51, 56, 28, 8, 55, 16, 1, 49, 15, 30, 63, 6, 47, 53, 40, 46],
[11, 59, 9, 68, 1, 16, 10, 55, 52, 64, 58, 45, 36, 54, 65, 37, 67, 27, 25],
[40, 7, 4, 12, 25, 57, 58, 33, 50, 0, 3, 48, 69, 66, 54, 5, 37, 67],
[37, 65, 18, 19, 38, 3, 69, 0, 2, 14, 44, 60, 17, 10, 8, 56, 6, 47, 7, 46, 40, 12, 41, 45, 22, 13, 50, 23, 29, 48],
[51, 56, 6, 47, 53, 4, 25, 41, 58, 64, 52, 10, 59, 9, 11, 1, 49, 42, 15],
[39, 48, 69, 23, 2, 50, 43, 20, 10, 28, 56, 51, 41, 27, 67, 5, 54, 19, 22, 33, 58, 34, 57],
[28, 8, 51, 35, 58, 45, 36, 19, 66, 3, 23, 50, 17, 59, 1, 26, 30, 24, 63],
[56, 51, 35, 64, 58, 33, 43, 61, 17, 9, 68, 11, 15, 62, 24, 30, 63, 21],
[53, 40, 47, 7, 4, 25, 34, 51, 8, 26, 30, 42, 62, 24, 63, 6, 35, 41, 36, 38, 69, 48, 39, 32, 65, 37, 18, 67],
[1, 16, 9, 11, 15, 49, 26, 8, 51, 41, 36, 54, 18, 32, 39, 48, 66, 19, 38],
[32, 37, 18, 66, 3, 23, 50, 13, 20, 52, 8, 28, 56],
[18, 32, 54, 19, 29, 3, 38, 36, 41, 57, 35, 64, 52, 10, 16, 26, 49, 62, 21, 63, 24],
[12, 25, 27, 41, 58, 34, 51, 56, 28, 8, 26, 1, 31, 11, 9, 17, 20, 33, 22, 38, 54, 5, 37, 32, 39, 48, 29, 3, 0]]

\
Best Operator Route set string:
\
17-61-60-44-14-2-50-43-13-33*62-42-15-30-24-63-6-35-51-64*64-58-34-45-36-38-19-3-69-66*30-63-21-24-62-15-49-26-8-28*10-55-20-33-22-19-66-48-39-32*38-54-18-32-65-67-27-25-4-53*22-38-19-69-29-48-39-32-65-5*66-38-19-54-18-39-65-37-67-5*68-9-16-26-8-51-35-57-25-12*1-16-10-55-52-64-35-58-34-41*49-1-31-11-68-9-59-17-20-52*47-53-7-46-40-12-25-41-34-35*37-5-32-65-18-19-69-23-0-2*65-37-67-18-19-69-3-29-48-39*62-26-16-10-28-8-56-51-64-58*

\
Best Passenger Route set sting:
\
21-6-56-8-10-17-43-13-22-19-18-39-48-29*8-52-64-51-58-33-20-55-16-26-62-21-6-35-34-45-36-54-65-18-69-19*45-41-34-51-56-28-8-55-16-1-49-15-30-63-6-47-53-40-46*11-59-9-68-1-16-10-55-52-64-58-45-36-54-65-37-67-27-25*40-7-4-12-25-57-58-33-50-0-3-48-69-66-54-5-37-67*37-65-18-19-38-3-69-0-2-14-44-60-17-10-8-56-6-47-7-46-40-12-41-45-22-13-50-23-29-48*51-56-6-47-53-4-25-41-58-64-52-10-59-9-11-1-49-42-15*39-48-69-23-2-50-43-20-10-28-56-51-41-27-67-5-54-19-22-33-58-34-57*28-8-51-35-58-45-36-19-66-3-23-50-17-59-1-26-30-24-63*56-51-35-64-58-33-43-61-17-9-68-11-15-62-24-30-63-21*53-40-47-7-4-25-34-51-8-26-30-42-62-24-63-6-35-41-36-38-69-48-39-32-65-37-18-67*1-16-9-11-15-49-26-8-51-41-36-54-18-32-39-48-66-19-38*32-37-18-66-3-23-50-13-20-52-8-28-56*18-32-54-19-29-3-38-36-41-57-35-64-52-10-16-26-49-62-21-63-24*12-25-27-41-58-34-51-56-28-8-26-1-31-11-9-17-20-33-22-38-54-5-37-32-39-48-29-3-0*