9_4_Mumford2_GA_Mut_prob RESULTS EVALUATION:
\
HV:0.6557 | BM:0.6490

\
	Operator	Passenger
\
f1_ATT	32.2886		26.0151
\
f2_TRT	1800		4893
\
d_0	18.5544		47.2766
\
d_1	54.6872		51.3577
\
d_2	24.6923		1.3657
\
d_un	2.0660		0.0000

\
Best Operator Route set:
\
[[13, 32, 68, 95, 17, 39, 55, 63, 53, 62],
[29, 30, 44, 92, 18, 67, 93, 35, 8, 62],
[45, 63, 53, 8, 90, 49, 91, 52, 89, 109],
[40, 10, 52, 100, 93, 3, 54, 85, 6, 24],
[13, 32, 27, 94, 105, 83, 15, 34, 93, 66],
[30, 26, 82, 19, 22, 85, 6, 81, 94, 105],
[60, 74, 12, 62, 8, 90, 49, 52, 89, 73],
[109, 89, 52, 91, 90, 8, 53, 63, 45, 55],
[38, 63, 53, 8, 90, 49, 91, 52, 89, 109],
[5, 42, 73, 89, 52, 49, 91, 90, 8, 53],
[48, 72, 92, 18, 67, 98, 93, 35, 90, 62],
[20, 50, 68, 95, 17, 39, 55, 63, 53, 62],
[69, 99, 33, 19, 22, 85, 6, 81, 94, 101],
[13, 32, 27, 105, 94, 83, 15, 35, 91, 49],
[80, 38, 63, 8, 90, 91, 49, 52, 89, 106],
[52, 100, 67, 98, 18, 9, 19, 102, 88, 71],
[28, 21, 59, 27, 101, 55, 63, 38, 80, 97],
[75, 17, 65, 39, 55, 45, 63, 53, 90, 91],
[50, 32, 59, 27, 94, 105, 83, 15, 34, 93],
[46, 86, 51, 102, 31, 33, 82, 23, 19, 24],
[28, 21, 59, 27, 101, 55, 38, 63, 80, 97],
[1, 0, 87, 55, 101, 94, 105, 81, 6, 24],
[80, 38, 63, 8, 90, 49, 91, 52, 89, 109],
[25, 7, 49, 35, 15, 83, 94, 27, 21, 28],
[61, 0, 56, 65, 17, 95, 59, 21, 86, 51],
[75, 17, 65, 39, 55, 45, 63, 53, 90, 91],
[73, 89, 52, 49, 90, 8, 53, 63, 45, 55],
[45, 63, 53, 8, 90, 49, 91, 52, 89, 109],
[89, 11, 73, 106, 57, 10, 52, 49, 91, 90],
[73, 89, 52, 49, 91, 90, 53, 63, 38, 87],
[29, 43, 26, 82, 23, 19, 22, 85, 6, 81],
[55, 101, 94, 81, 6, 85, 19, 33, 99, 69],
[58, 38, 63, 2, 15, 54, 22, 31, 14, 76],
[38, 63, 53, 8, 90, 49, 91, 52, 89, 109],
[87, 55, 101, 94, 105, 81, 6, 24, 31, 14],
[5, 11, 89, 52, 49, 90, 8, 62, 12, 74],
[11, 89, 52, 91, 90, 8, 62, 12, 60, 41],
[13, 32, 68, 95, 17, 56, 87, 80, 58, 60],
[90, 91, 49, 52, 89, 11, 64, 36, 107, 4],
[16, 47, 12, 63, 45, 55, 101, 27, 21, 28],
[24, 19, 23, 82, 44, 72, 108, 36, 107, 77],
[30, 43, 26, 82, 23, 19, 22, 85, 6, 81],
[46, 51, 86, 28, 21, 68, 95, 17, 56, 87],
[96, 11, 89, 52, 49, 91, 90, 8, 63, 38],
[45, 63, 53, 8, 90, 49, 91, 52, 89, 109],
[13, 32, 68, 95, 17, 56, 87, 80, 58, 60],
[104, 7, 103, 12, 63, 45, 55, 39, 65, 78],
[30, 43, 72, 79, 64, 96, 73, 106, 57, 40],
[30, 43, 72, 79, 64, 96, 73, 106, 57, 40],
[5, 42, 73, 89, 52, 49, 91, 90, 8, 53],
[5, 42, 73, 89, 52, 49, 91, 90, 8, 53],
[11, 89, 52, 91, 90, 8, 53, 63, 45, 55],
[38, 63, 8, 90, 91, 52, 10, 37, 84, 70],
[5, 42, 73, 89, 52, 49, 91, 90, 8, 53],
[38, 63, 53, 8, 90, 49, 91, 52, 89, 109],
[24, 19, 23, 82, 44, 72, 108, 36, 107, 77]]

\
Best Passenger Route set:
\
[[104, 25, 70, 41, 16, 12, 62, 8, 35, 93, 18, 9, 23, 33, 31, 24, 22, 54, 15, 3, 67, 98],
[29, 30, 44, 92, 67, 93, 35, 8, 53, 12, 62, 103, 7, 70, 16, 74, 58, 97, 1, 87],
[20, 68, 59, 27, 105, 83, 15, 18, 92, 64, 36, 108, 5, 42, 73, 96],
[82, 23, 31, 51, 46, 28, 21, 32, 59, 27, 94, 83, 15, 35, 49, 52, 10, 57, 40, 7, 84, 104],
[57, 37, 40, 7, 103, 62, 53, 45, 55, 39, 17, 95, 50, 20, 68, 59, 27, 94, 85, 54, 6, 81],
[86, 28, 21, 59, 27, 101, 55, 63, 53, 90, 49, 91, 52, 89, 64, 109, 73, 106, 57, 37, 104, 84],
[7, 25, 84, 104, 70, 41, 16, 47, 62, 8, 90, 49, 52, 89, 42, 5, 77, 107, 36, 108, 79],
[104, 84, 37, 10, 40, 7, 25, 70, 103, 62, 53, 38, 55, 101, 27, 21, 28, 46, 51, 86, 24, 19],
[33, 31, 22, 85, 6, 24, 86, 21, 13, 32, 50, 65, 39, 55, 45, 63, 12, 47, 41, 16, 70, 103],
[62, 12, 41, 47, 16, 103, 7, 37, 40, 10, 52, 100, 18, 9, 19, 102, 88, 71, 51, 31, 24, 54],
[75, 50, 20, 95, 17, 65, 61, 56, 87, 38, 63, 53, 90, 49, 52, 89, 11, 5, 77, 4, 107, 36],
[65, 78, 95, 20, 17, 39, 55, 63, 53, 8, 90, 91, 52, 89, 73, 79, 36, 108, 5, 42, 96, 11],
[96, 89, 106, 57, 10, 52, 91, 90, 53, 45, 55, 39, 78, 95, 68, 50, 20],
[18, 92, 44, 30, 69, 14, 33, 19, 24, 54, 15, 2, 63, 38, 58, 60, 12, 62, 91, 90, 49],
[31, 88, 102, 14, 99, 69, 76, 33, 19, 22, 54, 15, 2, 45, 38, 80, 97, 87, 56, 61, 0, 78],
[58, 74, 47, 60, 41, 16, 12, 63, 55, 101, 27, 21, 28, 86, 51, 31, 102, 76, 69, 43, 30, 26],
[82, 99, 69, 30, 43, 72, 79, 73, 89, 52, 7, 25, 104, 70, 103, 12, 8],
[2, 63, 12, 103, 7, 37, 40, 10, 52, 100, 67, 18, 9, 23, 31, 51, 71, 88, 102, 19],
[4, 108, 72, 92, 18, 15, 83, 105, 27, 17, 75, 50, 65, 0, 1],
[42, 106, 57, 40, 37, 84, 7, 52, 100, 93, 3, 54, 85, 6, 86, 28, 21, 13, 32, 95, 68],
[78, 39, 65, 61, 56, 87, 45, 2, 15, 34, 93, 18, 92, 72, 48, 44, 82, 19, 23, 33, 31],
[104, 25, 7, 84, 37, 40, 10, 52, 91, 35, 90, 8, 63, 55, 39, 17, 75, 20, 95, 50, 65, 78],
[94, 105, 27, 59, 28, 46, 86, 6, 85, 54, 34, 35, 91, 49, 7, 84, 104, 25, 40, 10, 52, 89],
[66, 54, 6, 24, 31, 14, 76, 102, 51, 86, 28, 21, 68, 20, 75, 50, 95, 78, 65, 56],
[42, 57, 10, 7, 40, 25, 70, 103, 12, 63, 55, 39, 65, 17, 75, 50, 95, 27, 59, 21, 28, 86],
[41, 47, 58, 74, 16, 12, 8, 90, 49, 52, 89, 11, 64, 36, 108, 107, 5, 42, 96, 73, 79, 72],
[109, 11, 42, 57, 106, 73, 96, 64, 92, 9, 23, 31, 88, 71, 102, 33, 76, 99, 69, 43, 30, 29],
[96, 89, 52, 7, 37, 57, 106, 73, 11, 64, 92, 18, 3, 6, 86, 71, 31, 88, 102, 24, 85, 22],
[29, 30, 43, 72, 79, 64, 11, 89, 52, 10, 70, 7, 49, 90, 91, 35, 15, 83, 3, 66, 18, 100],
[37, 25, 70, 10, 40, 57, 106, 89, 73, 79, 72, 43, 30, 69, 99, 14, 76, 33, 23, 19, 22, 54],
[61, 1, 56, 39, 65, 17, 50, 68, 95, 59, 27, 105, 94, 85, 19, 82, 26, 29, 30, 69],
[109, 64, 79, 36, 107, 5, 42, 73, 89, 52, 49, 90, 8, 53, 63, 45, 2, 94, 83, 105, 81, 3],
[87, 39, 17, 50, 20, 95, 27, 105, 83, 15, 18, 92, 72, 108, 107, 5, 11, 109, 64, 36, 79],
[17, 95, 50, 13, 32, 21, 28, 86, 51, 102, 19, 82, 44, 48, 107, 77, 5, 11, 89, 106, 42],
[63, 38, 80, 97, 87, 56, 65, 17, 27, 105, 94, 85, 22, 19, 82, 44, 92, 48, 72, 79, 73, 96],
[19, 23, 82, 33, 31, 71, 86, 6, 85, 22, 3, 93, 100, 52, 7, 104, 10, 37, 40, 25, 70, 84],
[71, 88, 31, 23, 82, 99, 69, 30, 43, 72, 79, 73, 106, 57, 40, 37, 104, 25, 7, 10],
[75, 17, 65, 0, 80, 38, 63, 8, 90, 49, 52, 89, 64, 36, 108, 107, 4, 77, 5, 42, 106, 73],
[48, 44, 26, 29, 30, 43, 72, 108, 5, 42, 57, 40, 104, 84, 37, 10, 52, 7, 41, 103, 70],
[43, 30, 26, 44, 92, 67, 98, 93, 35, 8, 53, 12, 74, 60, 58, 97, 0, 39, 17, 95, 68, 20],
[104, 25, 70, 103, 62, 8, 35, 15, 3, 19, 33, 99, 69, 30, 26, 72, 44, 92, 18, 67],
[29, 30, 43, 26, 44, 92, 67, 18, 15, 2, 63, 38, 80, 0, 61, 56, 65, 78, 17, 50, 95, 20],
[55, 80, 58, 97, 0, 87, 56, 17, 95, 50, 20, 32, 59, 27, 94, 85, 19, 82, 26, 43, 30],
[106, 42, 5, 36, 72, 48, 79, 11, 89, 52, 91, 62, 12, 60, 58, 47, 103, 70, 104, 7, 57],
[60, 74, 47, 41, 12, 62, 8, 35, 34, 66, 3, 19, 33, 99, 69, 14, 31, 22, 6, 86, 81],
[83, 3, 15, 66, 22, 19, 31, 23, 9, 18, 67, 93, 35, 8, 62, 103, 41, 74, 60, 16, 12],
[79, 108, 107, 4, 36, 64, 92, 18, 34, 15, 83, 94, 27, 95, 50, 65, 78, 39, 56, 0, 97],
[86, 28, 21, 13, 32, 27, 105, 83, 35, 49, 91, 52, 89, 73, 42, 96, 64, 11, 79, 108, 107, 36],
[98, 3, 81, 94, 101, 55, 38, 63, 80, 87, 97, 1, 56, 65, 17, 95, 59, 21, 86, 51, 88, 71],
[97, 1, 87, 38, 63, 8, 90, 49, 91, 52, 89, 109, 64, 73, 79, 48, 36, 72, 44, 82, 99, 69],
[58, 60, 47, 12, 63, 38, 87, 1, 56, 17, 78, 65, 39, 55, 45, 2, 15, 34, 93, 18, 67, 98],
[47, 60, 12, 16, 74, 38, 45, 80, 63, 55, 101, 94, 105, 81, 6, 22, 19, 33, 99, 69, 76, 14],
[97, 80, 0, 56, 65, 39, 17, 20, 95, 59, 27, 105, 94, 85, 22, 19, 33, 99, 76, 14],
[68, 13, 28, 46, 86, 51, 102, 31, 33, 82, 44, 72, 108, 4, 77, 107, 48, 92, 64, 79, 11, 109],
[37, 104, 84, 7, 52, 100, 18, 9, 23, 82, 99, 76, 14, 31, 102, 88, 71, 86, 6, 66],
[38, 55, 45, 80, 87, 0, 61, 65, 17, 27, 94, 105, 81, 6, 24, 31, 76, 14, 69, 30, 43]]

\
Best Operator Route set string:
\
13-32-68-95-17-39-55-63-53-62*29-30-44-92-18-67-93-35-8-62*45-63-53-8-90-49-91-52-89-109*40-10-52-100-93-3-54-85-6-24*13-32-27-94-105-83-15-34-93-66*30-26-82-19-22-85-6-81-94-105*60-74-12-62-8-90-49-52-89-73*109-89-52-91-90-8-53-63-45-55*38-63-53-8-90-49-91-52-89-109*5-42-73-89-52-49-91-90-8-53*48-72-92-18-67-98-93-35-90-62*20-50-68-95-17-39-55-63-53-62*69-99-33-19-22-85-6-81-94-101*13-32-27-105-94-83-15-35-91-49*80-38-63-8-90-91-49-52-89-106*52-100-67-98-18-9-19-102-88-71*28-21-59-27-101-55-63-38-80-97*75-17-65-39-55-45-63-53-90-91*50-32-59-27-94-105-83-15-34-93*46-86-51-102-31-33-82-23-19-24*28-21-59-27-101-55-38-63-80-97*1-0-87-55-101-94-105-81-6-24*80-38-63-8-90-49-91-52-89-109*25-7-49-35-15-83-94-27-21-28*61-0-56-65-17-95-59-21-86-51*75-17-65-39-55-45-63-53-90-91*73-89-52-49-90-8-53-63-45-55*45-63-53-8-90-49-91-52-89-109*89-11-73-106-57-10-52-49-91-90*73-89-52-49-91-90-53-63-38-87*29-43-26-82-23-19-22-85-6-81*55-101-94-81-6-85-19-33-99-69*58-38-63-2-15-54-22-31-14-76*38-63-53-8-90-49-91-52-89-109*87-55-101-94-105-81-6-24-31-14*5-11-89-52-49-90-8-62-12-74*11-89-52-91-90-8-62-12-60-41*13-32-68-95-17-56-87-80-58-60*90-91-49-52-89-11-64-36-107-4*16-47-12-63-45-55-101-27-21-28*24-19-23-82-44-72-108-36-107-77*30-43-26-82-23-19-22-85-6-81*46-51-86-28-21-68-95-17-56-87*96-11-89-52-49-91-90-8-63-38*45-63-53-8-90-49-91-52-89-109*13-32-68-95-17-56-87-80-58-60*104-7-103-12-63-45-55-39-65-78*30-43-72-79-64-96-73-106-57-40*30-43-72-79-64-96-73-106-57-40*5-42-73-89-52-49-91-90-8-53*5-42-73-89-52-49-91-90-8-53*11-89-52-91-90-8-53-63-45-55*38-63-8-90-91-52-10-37-84-70*5-42-73-89-52-49-91-90-8-53*38-63-53-8-90-49-91-52-89-109*24-19-23-82-44-72-108-36-107-77*

\
Best Passenger Route set sting:
\
104-25-70-41-16-12-62-8-35-93-18-9-23-33-31-24-22-54-15-3-67-98*29-30-44-92-67-93-35-8-53-12-62-103-7-70-16-74-58-97-1-87*20-68-59-27-105-83-15-18-92-64-36-108-5-42-73-96*82-23-31-51-46-28-21-32-59-27-94-83-15-35-49-52-10-57-40-7-84-104*57-37-40-7-103-62-53-45-55-39-17-95-50-20-68-59-27-94-85-54-6-81*86-28-21-59-27-101-55-63-53-90-49-91-52-89-64-109-73-106-57-37-104-84*7-25-84-104-70-41-16-47-62-8-90-49-52-89-42-5-77-107-36-108-79*104-84-37-10-40-7-25-70-103-62-53-38-55-101-27-21-28-46-51-86-24-19*33-31-22-85-6-24-86-21-13-32-50-65-39-55-45-63-12-47-41-16-70-103*62-12-41-47-16-103-7-37-40-10-52-100-18-9-19-102-88-71-51-31-24-54*75-50-20-95-17-65-61-56-87-38-63-53-90-49-52-89-11-5-77-4-107-36*65-78-95-20-17-39-55-63-53-8-90-91-52-89-73-79-36-108-5-42-96-11*96-89-106-57-10-52-91-90-53-45-55-39-78-95-68-50-20*18-92-44-30-69-14-33-19-24-54-15-2-63-38-58-60-12-62-91-90-49*31-88-102-14-99-69-76-33-19-22-54-15-2-45-38-80-97-87-56-61-0-78*58-74-47-60-41-16-12-63-55-101-27-21-28-86-51-31-102-76-69-43-30-26*82-99-69-30-43-72-79-73-89-52-7-25-104-70-103-12-8*2-63-12-103-7-37-40-10-52-100-67-18-9-23-31-51-71-88-102-19*4-108-72-92-18-15-83-105-27-17-75-50-65-0-1*42-106-57-40-37-84-7-52-100-93-3-54-85-6-86-28-21-13-32-95-68*78-39-65-61-56-87-45-2-15-34-93-18-92-72-48-44-82-19-23-33-31*104-25-7-84-37-40-10-52-91-35-90-8-63-55-39-17-75-20-95-50-65-78*94-105-27-59-28-46-86-6-85-54-34-35-91-49-7-84-104-25-40-10-52-89*66-54-6-24-31-14-76-102-51-86-28-21-68-20-75-50-95-78-65-56*42-57-10-7-40-25-70-103-12-63-55-39-65-17-75-50-95-27-59-21-28-86*41-47-58-74-16-12-8-90-49-52-89-11-64-36-108-107-5-42-96-73-79-72*109-11-42-57-106-73-96-64-92-9-23-31-88-71-102-33-76-99-69-43-30-29*96-89-52-7-37-57-106-73-11-64-92-18-3-6-86-71-31-88-102-24-85-22*29-30-43-72-79-64-11-89-52-10-70-7-49-90-91-35-15-83-3-66-18-100*37-25-70-10-40-57-106-89-73-79-72-43-30-69-99-14-76-33-23-19-22-54*61-1-56-39-65-17-50-68-95-59-27-105-94-85-19-82-26-29-30-69*109-64-79-36-107-5-42-73-89-52-49-90-8-53-63-45-2-94-83-105-81-3*87-39-17-50-20-95-27-105-83-15-18-92-72-108-107-5-11-109-64-36-79*17-95-50-13-32-21-28-86-51-102-19-82-44-48-107-77-5-11-89-106-42*63-38-80-97-87-56-65-17-27-105-94-85-22-19-82-44-92-48-72-79-73-96*19-23-82-33-31-71-86-6-85-22-3-93-100-52-7-104-10-37-40-25-70-84*71-88-31-23-82-99-69-30-43-72-79-73-106-57-40-37-104-25-7-10*75-17-65-0-80-38-63-8-90-49-52-89-64-36-108-107-4-77-5-42-106-73*48-44-26-29-30-43-72-108-5-42-57-40-104-84-37-10-52-7-41-103-70*43-30-26-44-92-67-98-93-35-8-53-12-74-60-58-97-0-39-17-95-68-20*104-25-70-103-62-8-35-15-3-19-33-99-69-30-26-72-44-92-18-67*29-30-43-26-44-92-67-18-15-2-63-38-80-0-61-56-65-78-17-50-95-20*55-80-58-97-0-87-56-17-95-50-20-32-59-27-94-85-19-82-26-43-30*106-42-5-36-72-48-79-11-89-52-91-62-12-60-58-47-103-70-104-7-57*60-74-47-41-12-62-8-35-34-66-3-19-33-99-69-14-31-22-6-86-81*83-3-15-66-22-19-31-23-9-18-67-93-35-8-62-103-41-74-60-16-12*79-108-107-4-36-64-92-18-34-15-83-94-27-95-50-65-78-39-56-0-97*86-28-21-13-32-27-105-83-35-49-91-52-89-73-42-96-64-11-79-108-107-36*98-3-81-94-101-55-38-63-80-87-97-1-56-65-17-95-59-21-86-51-88-71*97-1-87-38-63-8-90-49-91-52-89-109-64-73-79-48-36-72-44-82-99-69*58-60-47-12-63-38-87-1-56-17-78-65-39-55-45-2-15-34-93-18-67-98*47-60-12-16-74-38-45-80-63-55-101-94-105-81-6-22-19-33-99-69-76-14*97-80-0-56-65-39-17-20-95-59-27-105-94-85-22-19-33-99-76-14*68-13-28-46-86-51-102-31-33-82-44-72-108-4-77-107-48-92-64-79-11-109*37-104-84-7-52-100-18-9-23-82-99-76-14-31-102-88-71-86-6-66*38-55-45-80-87-0-61-65-17-27-94-105-81-6-24-31-76-14-69-30-43*