9_5_Mumford3_GA_Mut_prob RESULTS EVALUATION:
\
HV:0.6067 | BM:0.6385

\
	Operator	Passenger
\
f1_ATT	35.2871		28.7836
\
f2_TRT	2300		5394
\
d_0	20.0985		43.6268
\
d_1	56.4250		54.4484
\
d_2	20.6303		1.9248
\
d_un	2.8462		0.0000

\
Best Operator Route set:
\
[[62, 16, 114, 74, 23, 49, 72, 66, 53, 61, 108, 115],
[114, 74, 23, 72, 124, 66, 53, 14, 100, 78, 71, 96],
[16, 114, 74, 23, 72, 66, 53, 14, 100, 78, 71, 96],
[114, 74, 23, 72, 124, 66, 53, 14, 100, 78, 71, 96],
[13, 83, 50, 92, 126, 73, 48, 2, 23, 53, 61, 115],
[102, 106, 61, 53, 66, 49, 2, 79, 0, 101, 88, 121],
[41, 8, 57, 30, 38, 31, 52, 122, 29, 80, 66, 14, 108, 61],
[71, 96, 78, 114, 16, 55, 45, 6, 60, 32, 20, 85],
[71, 100, 14, 53, 66, 80, 63, 58, 105, 104, 43, 90],
[16, 114, 74, 23, 49, 72, 66, 53, 14, 100, 96, 71],
[6, 45, 73, 48, 79, 11, 1, 118, 52, 51, 47, 54],
[32, 60, 55, 16, 114, 78, 71, 96, 3, 12, 56, 84],
[15, 3, 71, 100, 14, 53, 66, 124, 23, 74, 114, 16],
[13, 83, 50, 92, 126, 73, 48, 2, 23, 53, 61, 115],
[31, 51, 52, 122, 29, 80, 66, 53, 14, 100, 96, 71],
[109, 18, 104, 105, 58, 63, 80, 66, 49, 2, 48, 73],
[31, 51, 52, 118, 1, 11, 79, 97, 48, 73, 60, 75],
[95, 44, 82, 93, 120, 0, 11, 2, 114, 78, 71, 3],
[16, 114, 23, 124, 72, 66, 53, 14, 100, 78, 96, 71],
[35, 123, 91, 88, 101, 0, 79, 2, 23, 53, 14, 108, 61],
[86, 10, 69, 43, 42, 89, 31, 33, 30, 22, 119, 21],
[73, 48, 97, 79, 11, 1, 118, 52, 89, 42, 113, 43],
[111, 64, 17, 89, 52, 122, 29, 80, 66, 14, 108, 106],
[82, 93, 120, 0, 79, 2, 114, 78, 71, 96, 3, 107],
[31, 51, 52, 27, 81, 29, 80, 63, 105, 104, 59, 113],
[62, 16, 55, 99, 48, 26, 7, 101, 88, 125, 22, 119],
[36, 5, 9, 72, 66, 53, 14, 100, 78, 71, 96, 3],
[16, 114, 74, 23, 72, 66, 53, 14, 100, 78, 71, 96],
[14, 53, 66, 80, 63, 58, 105, 104, 43, 103, 98, 28],
[114, 74, 23, 72, 124, 66, 53, 14, 100, 78, 71, 96],
[13, 50, 40, 7, 11, 1, 27, 81, 29, 5, 24, 117],
[71, 96, 78, 114, 16, 55, 45, 6, 60, 32, 20, 85],
[16, 114, 74, 23, 72, 66, 53, 14, 100, 78, 71, 96],
[114, 74, 23, 72, 124, 66, 53, 14, 100, 78, 71, 96],
[51, 52, 118, 67, 1, 77, 11, 2, 114, 16, 62, 112],
[114, 74, 23, 72, 124, 66, 53, 14, 100, 78, 71, 96],
[34, 68, 84, 110, 87, 24, 36, 5, 29, 122, 52, 51],
[16, 114, 74, 23, 72, 66, 53, 14, 100, 78, 71, 96],
[16, 114, 74, 23, 72, 66, 53, 14, 100, 78, 71, 96],
[62, 16, 114, 74, 23, 49, 72, 66, 53, 61, 108, 115],
[37, 23, 72, 124, 66, 53, 14, 100, 78, 71, 96, 3],
[3, 71, 96, 78, 114, 74, 2, 11, 46, 39, 25, 30, 57],
[17, 98, 90, 43, 105, 63, 80, 66, 14, 100, 71, 3],
[36, 63, 9, 72, 66, 53, 14, 100, 78, 71, 96, 3],
[71, 100, 14, 53, 66, 80, 63, 58, 105, 104, 43, 90],
[32, 60, 73, 48, 2, 23, 53, 61, 108, 106, 87, 110],
[56, 12, 100, 14, 53, 66, 80, 63, 58, 105, 43, 90],
[16, 114, 74, 23, 124, 66, 53, 14, 100, 96, 71, 78],
[40, 44, 82, 93, 120, 0, 79, 2, 114, 78, 71, 96],
[54, 47, 51, 52, 122, 94, 29, 80, 66, 14, 100, 71],
[114, 74, 23, 72, 124, 66, 53, 14, 100, 78, 71, 96],
[114, 74, 23, 72, 124, 66, 53, 14, 100, 78, 71, 96],
[83, 50, 92, 126, 48, 2, 23, 53, 14, 61, 108, 115],
[15, 12, 3, 96, 78, 114, 2, 79, 0, 120, 65, 116],
[51, 52, 118, 1, 77, 11, 0, 48, 99, 55, 16, 62],
[114, 74, 23, 72, 124, 66, 53, 14, 100, 78, 71, 96],
[114, 74, 23, 72, 124, 66, 53, 14, 100, 78, 71, 96],
[16, 114, 74, 23, 72, 66, 53, 14, 100, 78, 71, 96],
[76, 19, 32, 60, 73, 48, 2, 49, 72, 70, 9, 80],
[4, 103, 43, 104, 105, 58, 63, 80, 66, 74, 114, 16]]

\
Best Passenger Route set:
\
[[26, 120, 116, 50, 19, 75, 60, 45, 55, 16, 114, 74, 66, 80, 63, 105, 104, 18, 109, 69, 10, 117, 24],
[122, 94, 29, 36, 5, 24, 86, 18, 104, 105, 58, 63, 80, 9, 72, 49, 2, 48, 99, 73, 126, 32, 60, 6, 45],
[85, 20, 76, 13, 83, 50, 92, 126, 32, 112, 6, 45, 73, 48, 26, 93, 88, 25, 41, 8, 119, 21, 125, 121, 91],
[60, 32, 45, 6, 73, 48, 97, 11, 1, 118, 52, 89, 113, 90, 43, 17, 28, 64],
[72, 14, 108, 106, 87, 102, 24, 117, 86, 10, 69, 43, 42, 89, 31, 33, 30, 22, 119, 21, 8, 57, 41, 25, 39],
[99, 55, 112, 32, 75, 19, 76, 92, 126, 26, 11, 1, 118, 52, 89, 113, 43, 69, 109, 10, 18, 86, 117, 24, 5],
[115, 61, 53, 66, 80, 29, 122, 52, 38, 30, 22, 119],
[119, 21, 41, 57, 8, 22, 35, 91, 88, 101, 0, 79, 2, 49, 124, 66, 53, 14, 108, 61, 102, 87, 84, 68],
[28, 64, 43, 105, 58, 63, 80, 66, 53, 14, 61, 106, 108, 102, 87, 24, 86],
[79, 2, 49, 124, 70, 72, 9, 36, 24, 86, 117, 10, 109, 43, 104, 58, 63, 5, 80, 66, 74, 114, 16, 62, 112],
[110, 84, 68, 34, 56, 12, 100, 78, 114, 2, 79, 0, 120, 93, 44, 116, 40, 65, 7, 26, 11, 67, 81, 94],
[124, 9, 29, 81, 67, 11, 97, 48, 73, 126, 26, 93, 82, 95, 44, 120, 0, 79, 37, 23, 53, 14, 61, 87, 110],
[13, 95, 44, 82, 88, 39, 31, 52, 89, 59, 104, 18],
[61, 108, 87, 24, 117, 86, 18, 104, 43, 113, 98, 64, 28, 17, 42, 89, 52, 118, 1, 11, 77, 0, 48, 99, 73],
[17, 42, 59, 89, 52, 118, 1, 77, 11, 2, 23, 53, 14, 106, 115, 108, 61, 102, 24, 117, 86, 10, 109],
[119, 8, 41, 21, 22, 30, 38, 52, 122, 29, 80, 66, 53, 14, 61, 115, 108, 106, 87, 24, 5, 36, 63, 105, 104],
[57, 30, 38, 52, 27, 29, 80, 66, 53, 14, 61, 108],
[102, 87, 110, 68, 34, 56, 107, 3, 96, 78, 114, 2, 79, 97, 0, 101, 88, 121, 125, 123, 35, 21, 8, 22],
[17, 64, 103, 109, 10, 117, 86, 24, 102, 106, 108, 14, 53, 23, 37, 2, 79, 0, 101, 88, 121, 91, 82, 44, 116],
[44, 82, 95, 40, 92, 20, 32, 60, 73, 48, 2, 49, 124, 66, 80, 5, 24, 117, 86, 18, 4, 69, 111, 103],
[6, 45, 73, 48, 2, 49, 124, 9, 63, 105, 43, 4, 103],
[62, 16, 112, 55, 45, 6, 32, 20, 76, 13, 83, 50, 92, 126, 73, 48, 2, 114, 78, 12, 56, 34, 68, 110, 84],
[126, 92, 13, 76, 19, 32, 60, 73, 48, 2, 49, 124, 70, 9, 80, 63, 58, 36, 24, 102, 61, 108, 14, 53, 66],
[53, 61, 108, 87, 110, 68, 34, 56, 12, 3, 71, 96, 78, 114, 2, 11, 46, 39, 38, 30, 33, 25, 121, 88, 82],
[84, 110, 68, 12, 107, 15, 3, 96, 78, 114, 2, 79, 0, 101, 88, 25, 41, 57, 30, 33, 31, 52, 122, 29, 80],
[57, 8, 21, 119, 22, 30, 54, 33, 39, 46, 11, 97, 48, 99, 55],
[18, 4, 69, 10, 117, 86, 24, 36, 5, 80, 70, 66, 74, 114, 16, 55, 99, 48, 0, 11, 67, 118],
[117, 10, 86, 24, 36, 5, 80, 66, 49, 2, 48, 126, 92, 76, 83, 50, 65, 40, 116, 101, 7, 0, 97, 79],
[34, 68, 110, 87, 24, 36, 5, 63, 58, 104, 59, 89, 52, 51, 38, 54, 31, 33, 30, 25, 39, 46, 67, 81, 80],
[32, 45, 6, 73, 99, 55, 112, 16, 114, 74, 66, 9, 63, 58, 105, 104, 43, 103, 111, 69, 109, 18, 117, 10, 86],
[10, 86, 109, 69, 103, 28, 111, 64, 17, 42, 89, 31, 39, 88, 82, 116, 50, 83, 92, 40, 93, 7, 26, 120],
[27, 118, 46, 39, 88, 121, 125, 35, 21, 119, 8, 41, 30, 38, 52, 122, 29, 5, 24, 87, 110, 84, 68, 56],
[106, 115, 61, 87, 102, 24, 86, 117, 10, 109, 69, 43, 90, 42, 89, 31, 39, 88, 82, 44, 40, 116, 65, 93, 101],
[16, 114, 23, 49, 72, 124, 70, 80, 29, 122, 52, 31, 38, 30, 22, 119],
[61, 53, 66, 80, 63, 105, 42, 89, 31, 52, 118, 1, 11, 0, 26, 126, 92, 76, 85, 19, 50, 20],
[91, 125, 21, 119, 8, 30, 38, 31, 52, 122, 94, 29, 5, 24, 86, 10, 109, 18, 103, 4, 43, 17, 98, 90, 42],
[25, 39, 33, 30, 31, 38, 51, 52, 118, 1, 77, 11, 0, 48, 73, 6, 45],
[110, 68, 34, 56, 12, 3, 96, 78, 114, 16, 55, 60, 32, 20, 85, 19, 13, 95, 44, 116, 120, 26, 93, 101],
[99, 55, 16, 114, 23, 72, 9, 80, 63, 105, 43, 103],
[19, 85, 20, 75, 60, 73, 48, 2, 49, 66, 80, 36, 5, 24, 87, 110, 84, 56, 3, 71, 96, 78, 100, 12, 68],
[38, 51, 54, 30, 57, 8, 41, 25, 88, 101, 0, 79, 2, 114, 78, 3, 107, 56],
[93, 65, 101, 26, 126, 92, 83, 13, 50, 40, 7, 11, 1, 27, 81, 29, 5, 24, 86, 117, 10, 18, 69, 4, 109],
[119, 8, 22, 41, 57, 30, 39, 46, 11, 2, 23, 53, 14, 108, 61, 115, 3, 12, 78, 114, 74, 37, 97, 79, 48],
[102, 61, 115, 3, 107, 15, 12, 56, 34, 68, 84, 110, 87, 24, 5, 29, 94, 122, 52, 51, 31, 38, 39, 25, 121],
[41, 30, 39, 46, 11, 2, 114, 78, 71, 3, 12, 68, 56],
[41, 25, 39, 30, 38, 47, 51, 52, 122, 81, 29, 80, 63, 105, 104, 59, 113, 17, 98, 28, 43, 42],
[47, 54, 30, 31, 51, 52, 27, 29, 80, 63, 105, 104, 59, 89, 17, 64, 28, 43, 90, 98, 42],
[71, 100, 78, 12, 15, 107, 56, 84, 110, 87, 61, 53, 23, 2, 79, 0, 26, 40, 95, 123, 35, 8, 119, 21, 22],
[3, 96, 71, 78, 114, 2, 79, 0, 101, 88, 125, 22, 21, 119, 8, 30, 54, 38, 51, 31, 52],
[21, 125, 91, 88, 101, 7, 26, 48, 99, 55, 16, 62],
[56, 107, 3, 115, 106, 108, 61, 14, 53, 23, 2, 79, 0, 101, 88, 125, 91, 82, 116, 40, 44, 65, 7, 26],
[60, 112, 6, 45, 73, 48, 79, 11, 77, 1, 118, 52, 51, 47, 31, 38, 39, 46, 67, 27, 122, 94, 29],
[56, 12, 107, 15, 3, 71, 100, 14, 66, 80, 29, 94, 27, 52, 51, 47, 54, 31, 33, 39, 46, 67, 1, 118],
[57, 30, 38, 31, 52, 122, 29, 80, 66, 14, 61, 115, 108, 106, 87, 102, 24, 5, 58, 104, 42, 43, 69, 103, 64],
[107, 15, 3, 71, 96, 78, 100, 14, 66, 80, 29, 122, 52, 51, 31, 33, 25, 88, 121, 125, 35, 91],
[42, 104, 105, 43, 103, 64, 111, 28, 17, 89, 52, 118, 1, 11, 79, 97, 48, 73, 60, 75, 32, 112, 55, 6, 45],
[76, 50, 40, 44, 82, 88, 25, 33, 41, 57, 30, 38, 52, 122, 94, 29, 80, 66, 74, 114, 16, 112],
[71, 96, 78, 3, 15, 12, 100, 14, 66, 80, 63, 58, 105, 104, 43, 90, 17, 59, 113, 89, 52, 122, 118, 1, 77],
[13, 50, 40, 82, 88, 39, 31, 51, 89, 17, 98, 103, 4, 18, 109, 10, 117, 86],
[93, 120, 65, 82, 88, 39, 33, 31, 38, 47, 51, 52, 122, 29, 80, 66, 14, 100, 96, 71, 3, 107, 12, 56, 15]]

\
Best Operator Route set string:
\
62-16-114-74-23-49-72-66-53-61-108-115*114-74-23-72-124-66-53-14-100-78-71-96*16-114-74-23-72-66-53-14-100-78-71-96*114-74-23-72-124-66-53-14-100-78-71-96*13-83-50-92-126-73-48-2-23-53-61-115*102-106-61-53-66-49-2-79-0-101-88-121*41-8-57-30-38-31-52-122-29-80-66-14-108-61*71-96-78-114-16-55-45-6-60-32-20-85*71-100-14-53-66-80-63-58-105-104-43-90*16-114-74-23-49-72-66-53-14-100-96-71*6-45-73-48-79-11-1-118-52-51-47-54*32-60-55-16-114-78-71-96-3-12-56-84*15-3-71-100-14-53-66-124-23-74-114-16*13-83-50-92-126-73-48-2-23-53-61-115*31-51-52-122-29-80-66-53-14-100-96-71*109-18-104-105-58-63-80-66-49-2-48-73*31-51-52-118-1-11-79-97-48-73-60-75*95-44-82-93-120-0-11-2-114-78-71-3*16-114-23-124-72-66-53-14-100-78-96-71*35-123-91-88-101-0-79-2-23-53-14-108-61*86-10-69-43-42-89-31-33-30-22-119-21*73-48-97-79-11-1-118-52-89-42-113-43*111-64-17-89-52-122-29-80-66-14-108-106*82-93-120-0-79-2-114-78-71-96-3-107*31-51-52-27-81-29-80-63-105-104-59-113*62-16-55-99-48-26-7-101-88-125-22-119*36-5-9-72-66-53-14-100-78-71-96-3*16-114-74-23-72-66-53-14-100-78-71-96*14-53-66-80-63-58-105-104-43-103-98-28*114-74-23-72-124-66-53-14-100-78-71-96*13-50-40-7-11-1-27-81-29-5-24-117*71-96-78-114-16-55-45-6-60-32-20-85*16-114-74-23-72-66-53-14-100-78-71-96*114-74-23-72-124-66-53-14-100-78-71-96*51-52-118-67-1-77-11-2-114-16-62-112*114-74-23-72-124-66-53-14-100-78-71-96*34-68-84-110-87-24-36-5-29-122-52-51*16-114-74-23-72-66-53-14-100-78-71-96*16-114-74-23-72-66-53-14-100-78-71-96*62-16-114-74-23-49-72-66-53-61-108-115*37-23-72-124-66-53-14-100-78-71-96-3*3-71-96-78-114-74-2-11-46-39-25-30-57*17-98-90-43-105-63-80-66-14-100-71-3*36-63-9-72-66-53-14-100-78-71-96-3*71-100-14-53-66-80-63-58-105-104-43-90*32-60-73-48-2-23-53-61-108-106-87-110*56-12-100-14-53-66-80-63-58-105-43-90*16-114-74-23-124-66-53-14-100-96-71-78*40-44-82-93-120-0-79-2-114-78-71-96*54-47-51-52-122-94-29-80-66-14-100-71*114-74-23-72-124-66-53-14-100-78-71-96*114-74-23-72-124-66-53-14-100-78-71-96*83-50-92-126-48-2-23-53-14-61-108-115*15-12-3-96-78-114-2-79-0-120-65-116*51-52-118-1-77-11-0-48-99-55-16-62*114-74-23-72-124-66-53-14-100-78-71-96*114-74-23-72-124-66-53-14-100-78-71-96*16-114-74-23-72-66-53-14-100-78-71-96*76-19-32-60-73-48-2-49-72-70-9-80*4-103-43-104-105-58-63-80-66-74-114-16*

\
Best Passenger Route set sting:
\
26-120-116-50-19-75-60-45-55-16-114-74-66-80-63-105-104-18-109-69-10-117-24*122-94-29-36-5-24-86-18-104-105-58-63-80-9-72-49-2-48-99-73-126-32-60-6-45*85-20-76-13-83-50-92-126-32-112-6-45-73-48-26-93-88-25-41-8-119-21-125-121-91*60-32-45-6-73-48-97-11-1-118-52-89-113-90-43-17-28-64*72-14-108-106-87-102-24-117-86-10-69-43-42-89-31-33-30-22-119-21-8-57-41-25-39*99-55-112-32-75-19-76-92-126-26-11-1-118-52-89-113-43-69-109-10-18-86-117-24-5*115-61-53-66-80-29-122-52-38-30-22-119*119-21-41-57-8-22-35-91-88-101-0-79-2-49-124-66-53-14-108-61-102-87-84-68*28-64-43-105-58-63-80-66-53-14-61-106-108-102-87-24-86*79-2-49-124-70-72-9-36-24-86-117-10-109-43-104-58-63-5-80-66-74-114-16-62-112*110-84-68-34-56-12-100-78-114-2-79-0-120-93-44-116-40-65-7-26-11-67-81-94*124-9-29-81-67-11-97-48-73-126-26-93-82-95-44-120-0-79-37-23-53-14-61-87-110*13-95-44-82-88-39-31-52-89-59-104-18*61-108-87-24-117-86-18-104-43-113-98-64-28-17-42-89-52-118-1-11-77-0-48-99-73*17-42-59-89-52-118-1-77-11-2-23-53-14-106-115-108-61-102-24-117-86-10-109*119-8-41-21-22-30-38-52-122-29-80-66-53-14-61-115-108-106-87-24-5-36-63-105-104*57-30-38-52-27-29-80-66-53-14-61-108*102-87-110-68-34-56-107-3-96-78-114-2-79-97-0-101-88-121-125-123-35-21-8-22*17-64-103-109-10-117-86-24-102-106-108-14-53-23-37-2-79-0-101-88-121-91-82-44-116*44-82-95-40-92-20-32-60-73-48-2-49-124-66-80-5-24-117-86-18-4-69-111-103*6-45-73-48-2-49-124-9-63-105-43-4-103*62-16-112-55-45-6-32-20-76-13-83-50-92-126-73-48-2-114-78-12-56-34-68-110-84*126-92-13-76-19-32-60-73-48-2-49-124-70-9-80-63-58-36-24-102-61-108-14-53-66*53-61-108-87-110-68-34-56-12-3-71-96-78-114-2-11-46-39-38-30-33-25-121-88-82*84-110-68-12-107-15-3-96-78-114-2-79-0-101-88-25-41-57-30-33-31-52-122-29-80*57-8-21-119-22-30-54-33-39-46-11-97-48-99-55*18-4-69-10-117-86-24-36-5-80-70-66-74-114-16-55-99-48-0-11-67-118*117-10-86-24-36-5-80-66-49-2-48-126-92-76-83-50-65-40-116-101-7-0-97-79*34-68-110-87-24-36-5-63-58-104-59-89-52-51-38-54-31-33-30-25-39-46-67-81-80*32-45-6-73-99-55-112-16-114-74-66-9-63-58-105-104-43-103-111-69-109-18-117-10-86*10-86-109-69-103-28-111-64-17-42-89-31-39-88-82-116-50-83-92-40-93-7-26-120*27-118-46-39-88-121-125-35-21-119-8-41-30-38-52-122-29-5-24-87-110-84-68-56*106-115-61-87-102-24-86-117-10-109-69-43-90-42-89-31-39-88-82-44-40-116-65-93-101*16-114-23-49-72-124-70-80-29-122-52-31-38-30-22-119*61-53-66-80-63-105-42-89-31-52-118-1-11-0-26-126-92-76-85-19-50-20*91-125-21-119-8-30-38-31-52-122-94-29-5-24-86-10-109-18-103-4-43-17-98-90-42*25-39-33-30-31-38-51-52-118-1-77-11-0-48-73-6-45*110-68-34-56-12-3-96-78-114-16-55-60-32-20-85-19-13-95-44-116-120-26-93-101*99-55-16-114-23-72-9-80-63-105-43-103*19-85-20-75-60-73-48-2-49-66-80-36-5-24-87-110-84-56-3-71-96-78-100-12-68*38-51-54-30-57-8-41-25-88-101-0-79-2-114-78-3-107-56*93-65-101-26-126-92-83-13-50-40-7-11-1-27-81-29-5-24-86-117-10-18-69-4-109*119-8-22-41-57-30-39-46-11-2-23-53-14-108-61-115-3-12-78-114-74-37-97-79-48*102-61-115-3-107-15-12-56-34-68-84-110-87-24-5-29-94-122-52-51-31-38-39-25-121*41-30-39-46-11-2-114-78-71-3-12-68-56*41-25-39-30-38-47-51-52-122-81-29-80-63-105-104-59-113-17-98-28-43-42*47-54-30-31-51-52-27-29-80-63-105-104-59-89-17-64-28-43-90-98-42*71-100-78-12-15-107-56-84-110-87-61-53-23-2-79-0-26-40-95-123-35-8-119-21-22*3-96-71-78-114-2-79-0-101-88-125-22-21-119-8-30-54-38-51-31-52*21-125-91-88-101-7-26-48-99-55-16-62*56-107-3-115-106-108-61-14-53-23-2-79-0-101-88-125-91-82-116-40-44-65-7-26*60-112-6-45-73-48-79-11-77-1-118-52-51-47-31-38-39-46-67-27-122-94-29*56-12-107-15-3-71-100-14-66-80-29-94-27-52-51-47-54-31-33-39-46-67-1-118*57-30-38-31-52-122-29-80-66-14-61-115-108-106-87-102-24-5-58-104-42-43-69-103-64*107-15-3-71-96-78-100-14-66-80-29-122-52-51-31-33-25-88-121-125-35-91*42-104-105-43-103-64-111-28-17-89-52-118-1-11-79-97-48-73-60-75-32-112-55-6-45*76-50-40-44-82-88-25-33-41-57-30-38-52-122-94-29-80-66-74-114-16-112*71-96-78-3-15-12-100-14-66-80-63-58-105-104-43-90-17-59-113-89-52-122-118-1-77*13-50-40-82-88-39-31-51-89-17-98-103-4-18-109-10-117-86*93-120-65-82-88-39-33-31-38-47-51-52-122-29-80-66-14-100-96-71-3-107-12-56-15*