9_2_Mumford0_GA_Mut_prob RESULTS EVALUATION:
\
HV:0.8267 | BM:0.8087

\
	Operator	Passenger
\
f1_ATT	25.2372		14.9809
\
f2_TRT	96		607
\
d_0	20.6073		76.3356
\
d_1	45.9931		23.6644
\
d_2	29.3927		0.0000
\
d_un	4.0069		0.0000

\
Best Operator Route set:
\
[[26, 0],
[1, 3],
[18, 0],
[22, 19, 12, 8],
[27, 10, 15],
[7, 20, 24, 14, 23, 1, 9],
[2, 29, 27, 7, 25, 22, 0, 13, 6, 21, 5],
[4, 24],
[16, 27],
[11, 25],
[17, 22],
[25, 28]]

\
Best Passenger Route set:
\
[[8, 12, 18, 13, 6, 15, 10, 29, 2, 16, 28, 25, 7, 27],
[19, 12, 17, 11, 14, 23, 1, 24, 4, 20, 7, 25, 22, 18, 0],
[11, 3, 1, 23, 14, 20, 24, 4, 7, 25, 0, 18, 12, 8, 19],
[10, 29, 15, 5, 6, 16, 7, 24, 3, 23],
[9, 1, 3, 11, 17, 22, 0, 26],
[6, 21, 2, 27, 16, 28, 17, 19, 12, 8, 26, 0, 18],
[4, 23, 9, 14, 1, 3, 11, 17, 22, 18, 13, 6, 10, 2, 29],
[17, 11, 25, 28, 16, 6, 5, 21, 15, 27, 7, 14, 9, 3, 1],
[13, 6, 16, 7, 14, 23, 1, 9, 3, 11, 25, 28, 17, 19],
[7, 27, 29, 2, 21, 5, 6, 13, 0, 19, 18, 22, 17, 12, 8],
[22, 19, 17, 11, 14, 4, 3, 1, 23, 20, 7, 27, 10, 21, 5],
[3, 23, 24, 7, 2, 10, 15, 16, 28, 17, 22, 18, 0]]

\
Best Operator Route set string:
\
26-0*1-3*18-0*22-19-12-8*27-10-15*7-20-24-14-23-1-9*2-29-27-7-25-22-0-13-6-21-5*4-24*16-27*11-25*17-22*25-28*

\
Best Passenger Route set sting:
\
8-12-18-13-6-15-10-29-2-16-28-25-7-27*19-12-17-11-14-23-1-24-4-20-7-25-22-18-0*11-3-1-23-14-20-24-4-7-25-0-18-12-8-19*10-29-15-5-6-16-7-24-3-23*9-1-3-11-17-22-0-26*6-21-2-27-16-28-17-19-12-8-26-0-18*4-23-9-14-1-3-11-17-22-18-13-6-10-2-29*17-11-25-28-16-6-5-21-15-27-7-14-9-3-1*13-6-16-7-14-23-1-9-3-11-25-28-17-19*7-27-29-2-21-5-6-13-0-19-18-22-17-12-8*22-19-17-11-14-4-3-1-23-20-7-27-10-21-5*3-23-24-7-2-10-15-16-28-17-22-18-0*