3_3_Mumford1_GA_Mutations RESULTS EVALUATION:
\
HV:0.7203 | BM:0.7758

\
	Operator	Passenger
\
f1_ATT	32.3104		24.5732
\
f2_TRT	528		994
\
d_0	21.3449		35.9854
\
d_1	46.4102		56.2276
\
d_2	27.1757		7.6208
\
d_un	5.0691		0.1661

\
Best Operator Route set:
\
[[2, 0, 23, 69, 38, 36, 41, 25, 4, 7, 46],
[39, 18, 54, 36, 45, 34, 57, 35, 51, 56],
[5, 18, 54, 36, 45, 58, 64, 52, 10, 16],
[22, 33, 20, 55, 10, 16, 26, 49, 15, 42],
[26, 16, 10, 55, 20, 43, 50, 23, 69, 29, 48],
[63, 21, 24, 30, 26, 16, 10, 17, 61, 60, 44, 14],
[39, 18, 54, 36, 45, 34, 57, 35, 51, 56],
[13, 22, 33, 20, 55, 10, 16, 26, 49, 15, 42, 62],
[32, 65, 5, 67, 27, 25, 12, 4, 7, 40, 46],
[53, 47, 6, 56, 28, 8, 26, 16, 1, 59],
[37, 65, 54, 5, 67, 27, 25, 4, 7, 40, 46],
[22, 33, 20, 55, 10, 16, 26, 49, 15, 42],
[22, 33, 20, 55, 10, 16, 26, 49, 15, 42],
[48, 29, 3, 66, 19, 36, 45, 34, 35, 6, 63],
[31, 11, 68, 9, 59, 17, 20, 33, 22, 38]]

\
Best Passenger Route set:
\
[[42, 15, 49, 26, 16, 10, 20, 43, 50, 23, 69, 29, 66, 48],
[53, 47, 6, 56, 28, 8, 10, 55, 17, 50, 43, 61, 60, 44],
[65, 37, 5, 67, 27, 41, 34, 51, 56, 8, 26, 1, 68],
[46, 40, 12, 41, 35, 64, 52, 20, 17, 61, 60],
[0, 23, 69, 66, 19, 36, 41, 25, 4, 7, 53, 46, 40, 12],
[65, 39, 48, 29, 69, 23, 2, 0, 50, 13, 20, 43, 17, 9, 68, 11],
[29, 69, 3, 48, 66, 19, 38, 22, 33, 20, 55, 16, 26, 62, 24, 30, 42],
[0, 50, 33, 43, 17, 10, 16, 26, 30, 24, 21, 6, 35, 57, 41, 27, 67],
[28, 10, 17, 44, 60, 14, 2, 50, 43, 13, 22, 45, 41, 25, 12, 4, 53, 47, 7, 40],
[5, 18, 54, 19, 22, 33, 20, 55, 8, 52, 10, 17, 59, 1, 16, 9, 68, 11],
[62, 42, 24, 63, 6, 35, 34, 45, 36, 38, 66, 3, 69, 18, 65, 19, 22, 13, 33, 58, 51, 57],
[39, 65, 18, 37, 32, 54, 19, 38, 22, 33, 20, 17, 59, 11, 68],
[62, 15, 11, 9, 49, 26, 16, 55, 52, 64, 58, 45, 36, 54, 18, 39, 48],
[31, 11, 49, 26, 8, 51, 35, 34, 58, 57, 41, 25, 12, 27, 67, 5, 65, 37, 18, 32],
[7, 40, 4, 25, 34, 51, 41, 58, 64, 52, 20, 17, 61, 14, 44, 60]]

\
Best Operator Route set string:
\
2-0-23-69-38-36-41-25-4-7-46*39-18-54-36-45-34-57-35-51-56*5-18-54-36-45-58-64-52-10-16*22-33-20-55-10-16-26-49-15-42*26-16-10-55-20-43-50-23-69-29-48*63-21-24-30-26-16-10-17-61-60-44-14*39-18-54-36-45-34-57-35-51-56*13-22-33-20-55-10-16-26-49-15-42-62*32-65-5-67-27-25-12-4-7-40-46*53-47-6-56-28-8-26-16-1-59*37-65-54-5-67-27-25-4-7-40-46*22-33-20-55-10-16-26-49-15-42*22-33-20-55-10-16-26-49-15-42*48-29-3-66-19-36-45-34-35-6-63*31-11-68-9-59-17-20-33-22-38*

\
Best Passenger Route set sting:
\
42-15-49-26-16-10-20-43-50-23-69-29-66-48*53-47-6-56-28-8-10-55-17-50-43-61-60-44*65-37-5-67-27-41-34-51-56-8-26-1-68*46-40-12-41-35-64-52-20-17-61-60*0-23-69-66-19-36-41-25-4-7-53-46-40-12*65-39-48-29-69-23-2-0-50-13-20-43-17-9-68-11*29-69-3-48-66-19-38-22-33-20-55-16-26-62-24-30-42*0-50-33-43-17-10-16-26-30-24-21-6-35-57-41-27-67*28-10-17-44-60-14-2-50-43-13-22-45-41-25-12-4-53-47-7-40*5-18-54-19-22-33-20-55-8-52-10-17-59-1-16-9-68-11*62-42-24-63-6-35-34-45-36-38-66-3-69-18-65-19-22-13-33-58-51-57*39-65-18-37-32-54-19-38-22-33-20-17-59-11-68*62-15-11-9-49-26-16-55-52-64-58-45-36-54-18-39-48*31-11-49-26-8-51-35-34-58-57-41-25-12-27-67-5-65-37-18-32*7-40-4-25-34-51-41-58-64-52-20-17-61-14-44-60*