23_3_Mumford1_SA_Mutations RESULTS EVALUATION:
\
HV:0.7532 | BM:0.7758

\
	Operator	Passenger
\
f1_ATT	29.6263		23.1470
\
f2_TRT	534		1253
\
d_0	23.8271		47.6448
\
d_1	53.5659		50.3683
\
d_2	20.2973		1.9868
\
d_un	2.3098		0.0000

\
Best Operator Route set:
\
[[27, 41, 34, 58, 64, 52, 20, 17, 61, 60],
[46, 40, 53, 47, 6, 56, 28, 8, 10, 59],
[32, 39, 18, 54, 36, 45, 58, 51, 35, 6],
[23, 2, 0, 69, 3, 66, 19, 38, 22, 33],
[29, 48, 66, 19, 36, 45, 34, 35, 51, 8, 26, 62],
[4, 25, 12, 41, 45, 22, 13, 50, 2, 14],
[7, 4, 12, 25, 41, 34, 57, 35, 6, 47],
[50, 43, 20, 55, 10, 16, 26, 30, 24, 21],
[63, 21, 24, 30, 26, 16, 10, 17, 61, 60, 44],
[5, 18, 54, 36, 45, 58, 64, 52, 10, 16],
[68, 9, 11, 31, 1, 26, 8, 51, 41, 45],
[49, 26, 16, 10, 55, 20, 33, 22, 19, 66],
[37, 65, 5, 54, 19, 22, 33, 43, 61, 60],
[22, 33, 20, 55, 10, 16, 26, 49, 15, 42],
[12, 25, 27, 41, 36, 54, 18, 5, 37, 67]]

\
Best Passenger Route set:
\
[[42, 49, 1, 59, 10, 20, 17, 50, 23, 69, 66, 54, 5, 67, 27, 41, 51, 56, 28, 8, 26, 16, 9, 68, 11, 31],
[49, 9, 16, 26, 30, 21, 6, 47, 53, 4, 25, 41, 36, 38, 66, 3, 23, 50, 43, 33, 58, 35, 34, 51],
[14, 44, 60, 61, 43, 13, 22, 19, 54, 65, 67, 27, 41, 34, 57, 58, 33],
[47, 6, 56, 8, 26, 1, 31, 9, 59, 10, 52, 64, 51, 34, 25, 27],
[68, 11, 49, 26, 8, 51, 35, 34, 45, 36, 54, 18, 39, 48, 3],
[29, 48, 39, 65, 32, 18, 66, 19, 22, 13, 43, 17, 9, 11, 15, 62, 26, 1, 59],
[14, 44, 17, 55, 8, 56, 6, 47, 53, 7, 40, 12],
[29, 69, 0, 2, 14, 44, 60, 61, 17, 20, 52, 64, 51, 41, 12, 40, 46, 7, 47, 6, 35, 58, 33, 13, 43],
[48, 69, 0, 50, 43, 17, 10, 28, 8, 52, 64, 58, 45, 36, 38, 19, 29],
[4, 25, 34, 35, 6, 21, 24, 30, 26, 16, 55, 20, 43, 50, 0, 3, 29, 66],
[46, 40, 47, 6, 63, 30, 42, 15, 49, 26, 16, 10, 20, 33, 22, 38, 54, 5, 37, 18, 67],
[67, 65, 19, 54, 32, 39, 48, 69, 23, 50, 17, 59, 68, 1, 49, 15, 62, 42],
[40, 7, 4, 25, 12, 41, 45, 22, 13, 50, 2, 0, 3, 38, 54, 32],
[48, 69, 38, 36, 41, 35, 6, 63, 24, 62, 49, 1, 16, 10, 8, 51, 57, 25, 4, 40, 7, 46, 53],
[46, 40, 7, 4, 25, 27, 67, 37, 65, 18, 69, 29, 48, 66, 3, 23, 2, 50, 33, 58, 51, 56, 28, 10, 55, 52, 64, 35, 34]]

\
Best Operator Route set string:
\
27-41-34-58-64-52-20-17-61-60*46-40-53-47-6-56-28-8-10-59*32-39-18-54-36-45-58-51-35-6*23-2-0-69-3-66-19-38-22-33*29-48-66-19-36-45-34-35-51-8-26-62*4-25-12-41-45-22-13-50-2-14*7-4-12-25-41-34-57-35-6-47*50-43-20-55-10-16-26-30-24-21*63-21-24-30-26-16-10-17-61-60-44*5-18-54-36-45-58-64-52-10-16*68-9-11-31-1-26-8-51-41-45*49-26-16-10-55-20-33-22-19-66*37-65-5-54-19-22-33-43-61-60*22-33-20-55-10-16-26-49-15-42*12-25-27-41-36-54-18-5-37-67*

\
Best Passenger Route set sting:
\
42-49-1-59-10-20-17-50-23-69-66-54-5-67-27-41-51-56-28-8-26-16-9-68-11-31*49-9-16-26-30-21-6-47-53-4-25-41-36-38-66-3-23-50-43-33-58-35-34-51*14-44-60-61-43-13-22-19-54-65-67-27-41-34-57-58-33*47-6-56-8-26-1-31-9-59-10-52-64-51-34-25-27*68-11-49-26-8-51-35-34-45-36-54-18-39-48-3*29-48-39-65-32-18-66-19-22-13-43-17-9-11-15-62-26-1-59*14-44-17-55-8-56-6-47-53-7-40-12*29-69-0-2-14-44-60-61-17-20-52-64-51-41-12-40-46-7-47-6-35-58-33-13-43*48-69-0-50-43-17-10-28-8-52-64-58-45-36-38-19-29*4-25-34-35-6-21-24-30-26-16-55-20-43-50-0-3-29-66*46-40-47-6-63-30-42-15-49-26-16-10-20-33-22-38-54-5-37-18-67*67-65-19-54-32-39-48-69-23-50-17-59-68-1-49-15-62-42*40-7-4-25-12-41-45-22-13-50-2-0-3-38-54-32*48-69-38-36-41-35-6-63-24-62-49-1-16-10-8-51-57-25-4-40-7-46-53*46-40-7-4-25-27-67-37-65-18-69-29-48-66-3-23-2-50-33-58-51-56-28-10-55-52-64-35-34*