9_3_Mumford1_GA_Mut_prob RESULTS EVALUATION:
\
HV:0.7628 | BM:0.7758

\
	Operator	Passenger
\
f1_ATT	29.2616		23.0523
\
f2_TRT	505		1603
\
d_0	22.4482		50.2339
\
d_1	52.6740		48.2611
\
d_2	23.4756		1.5051
\
d_un	1.4023		0.0000

\
Best Operator Route set:
\
[[50, 43, 20, 55, 10, 16, 26, 30, 24, 21, 63],
[32, 18, 54, 36, 45, 34, 35, 51, 8, 26],
[37, 5, 54, 19, 38, 22, 33, 43, 61, 44],
[41, 45, 58, 64, 52, 55, 16, 26, 49, 15],
[48, 3, 66, 19, 38, 36, 45, 58, 64, 52],
[69, 3, 66, 19, 38, 36, 45, 58, 64, 52],
[18, 54, 19, 38, 22, 33, 43, 61, 60, 14],
[46, 40, 53, 47, 6, 56, 8, 28, 10, 59],
[40, 7, 4, 25, 41, 34, 57, 35, 51, 56],
[34, 57, 51, 8, 26, 1, 68, 9, 31, 11],
[42, 62, 49, 1, 26, 8, 51, 35, 34, 41],
[48, 29, 69, 23, 50, 43, 17, 59, 9, 68],
[32, 65, 5, 67, 27, 25, 4, 7, 40, 46],
[39, 18, 54, 19, 38, 22, 13, 43, 61, 60],
[27, 25, 12, 41, 34, 58, 33, 50, 2, 0]]

\
Best Passenger Route set:
\
[[32, 37, 65, 5, 67, 27, 25, 12, 41, 45, 36, 38, 66, 3, 69, 23, 50, 43, 17, 59, 68, 11, 31, 1, 26, 30, 63, 24],
[51, 56, 8, 55, 20, 43, 61, 60, 44, 14, 2, 0, 23, 69, 38, 36, 41, 25, 4, 7, 46, 40, 12, 27, 67, 37, 5, 54, 18, 66],
[31, 9, 59, 11, 1, 16, 10, 55, 52, 64, 58, 45, 36, 38, 66, 48, 29, 23],
[40, 47, 6, 63, 30, 42, 49, 11, 9, 1, 26, 8, 52, 64, 58, 45, 36, 54, 18, 39, 48, 3, 23, 0, 2, 50, 17, 10, 16],
[28, 8, 56, 6, 63, 24, 42, 62, 26, 16, 55, 10, 59, 1, 68, 11, 9, 17, 20, 33, 22, 19, 54, 18, 39, 48, 29, 69, 3, 38],
[63, 30, 62, 21, 24, 42, 15, 49, 26, 16, 10, 55, 20, 43, 50, 23, 29, 48, 39, 32, 54, 38, 22, 36, 41, 45, 58, 57, 34, 25],
[48, 29, 19, 38, 36, 45, 34, 57, 35, 51, 8, 26, 49, 15],
[18, 5, 54, 38, 66, 19, 29, 23, 50, 2, 14, 44, 61, 17, 10, 28, 8, 56, 6, 47, 53, 4, 12, 25, 41, 45, 36, 22, 13, 20],
[0, 50, 43, 20, 10, 16, 26, 30, 24, 21, 6, 35, 41, 27, 67, 65],
[29, 66, 3, 48, 39, 65, 5, 67, 27, 25, 57, 34, 35, 64, 51, 41, 12, 4, 53, 46, 40, 7, 47, 6, 56, 8, 26, 49, 15],
[12, 25, 57, 35, 64, 51, 41, 27, 67, 37, 65, 54, 38, 22, 33, 20, 17, 59, 68, 9, 11, 31, 1, 26, 62, 42, 15, 49],
[53, 46, 40, 7, 4, 25, 57, 51, 64, 52, 20, 17, 60, 44, 14, 61, 43, 13, 33, 58, 35, 6, 63, 24, 62, 15, 11, 68, 9],
[13, 43, 50, 23, 2, 0, 69, 38, 18, 37, 5, 54, 36, 45, 34, 51, 8, 26, 49, 42],
[17, 43, 13, 50, 33, 22, 38, 19, 69, 3, 0, 23, 29, 48, 39, 32, 18, 54, 36, 45, 34, 35, 51, 8, 26, 30, 21, 24, 63],
[59, 10, 52, 8, 28, 56, 51, 34, 58, 33, 43, 17, 44, 14, 2, 50, 13, 22, 45, 41, 12, 4, 40, 46, 7, 53, 47, 6, 35]]

\
Best Operator Route set string:
\
50-43-20-55-10-16-26-30-24-21-63*32-18-54-36-45-34-35-51-8-26*37-5-54-19-38-22-33-43-61-44*41-45-58-64-52-55-16-26-49-15*48-3-66-19-38-36-45-58-64-52*69-3-66-19-38-36-45-58-64-52*18-54-19-38-22-33-43-61-60-14*46-40-53-47-6-56-8-28-10-59*40-7-4-25-41-34-57-35-51-56*34-57-51-8-26-1-68-9-31-11*42-62-49-1-26-8-51-35-34-41*48-29-69-23-50-43-17-59-9-68*32-65-5-67-27-25-4-7-40-46*39-18-54-19-38-22-13-43-61-60*27-25-12-41-34-58-33-50-2-0*

\
Best Passenger Route set sting:
\
32-37-65-5-67-27-25-12-41-45-36-38-66-3-69-23-50-43-17-59-68-11-31-1-26-30-63-24*51-56-8-55-20-43-61-60-44-14-2-0-23-69-38-36-41-25-4-7-46-40-12-27-67-37-5-54-18-66*31-9-59-11-1-16-10-55-52-64-58-45-36-38-66-48-29-23*40-47-6-63-30-42-49-11-9-1-26-8-52-64-58-45-36-54-18-39-48-3-23-0-2-50-17-10-16*28-8-56-6-63-24-42-62-26-16-55-10-59-1-68-11-9-17-20-33-22-19-54-18-39-48-29-69-3-38*63-30-62-21-24-42-15-49-26-16-10-55-20-43-50-23-29-48-39-32-54-38-22-36-41-45-58-57-34-25*48-29-19-38-36-45-34-57-35-51-8-26-49-15*18-5-54-38-66-19-29-23-50-2-14-44-61-17-10-28-8-56-6-47-53-4-12-25-41-45-36-22-13-20*0-50-43-20-10-16-26-30-24-21-6-35-41-27-67-65*29-66-3-48-39-65-5-67-27-25-57-34-35-64-51-41-12-4-53-46-40-7-47-6-56-8-26-49-15*12-25-57-35-64-51-41-27-67-37-65-54-38-22-33-20-17-59-68-9-11-31-1-26-62-42-15-49*53-46-40-7-4-25-57-51-64-52-20-17-60-44-14-61-43-13-33-58-35-6-63-24-62-15-11-68-9*13-43-50-23-2-0-69-38-18-37-5-54-36-45-34-51-8-26-49-42*17-43-13-50-33-22-38-19-69-3-0-23-29-48-39-32-18-54-36-45-34-35-51-8-26-30-21-24-63*59-10-52-8-28-56-51-34-58-33-43-17-44-14-2-50-13-22-45-41-12-4-40-46-7-53-47-6-35*