9_3_Mumford1_GA_Mut_prob RESULTS EVALUATION:
\
HV:0.7653 | BM:0.7758

\
	Operator	Passenger
\
f1_ATT	29.8243		23.1046
\
f2_TRT	498		1625
\
d_0	21.2224		50.4878
\
d_1	50.3258		47.6163
\
d_2	25.0025		1.8960
\
d_un	3.4493		0.0000

\
Best Operator Route set:
\
[[34, 57, 35, 51, 8, 26, 1, 68, 9, 11],
[59, 68, 9, 11, 31, 1, 26, 8, 51, 35],
[37, 65, 5, 18, 54, 36, 41, 12, 25, 27],
[6, 63, 24, 30, 26, 16, 10, 17, 61, 44],
[7, 40, 4, 12, 25, 41, 34, 57, 35, 6],
[0, 2, 23, 69, 3, 66, 19, 38, 22, 33],
[40, 46, 7, 53, 47, 6, 56, 28, 8, 10],
[33, 20, 55, 10, 16, 26, 49, 15, 42, 62],
[0, 2, 23, 69, 3, 66, 19, 38, 22, 33],
[67, 37, 5, 54, 19, 22, 33, 43, 61, 60],
[68, 9, 11, 31, 1, 16, 26, 8, 51, 35],
[29, 48, 66, 19, 36, 45, 58, 51, 35, 6],
[4, 25, 12, 41, 45, 22, 13, 50, 2, 14],
[39, 32, 18, 54, 36, 45, 58, 64, 52, 10],
[50, 43, 20, 55, 10, 16, 26, 30, 24, 21]]

\
Best Passenger Route set:
\
[[5, 32, 54, 18, 37, 65, 19, 69, 0, 2, 14, 44, 17, 10, 16, 26, 30, 24, 63, 6],
[33, 13, 22, 38, 18, 67, 27, 41, 58, 64, 52, 20, 17, 61, 60, 44],
[58, 35, 6, 47, 7, 46, 40, 12, 27, 67, 65, 32, 37, 5, 18, 54, 19, 38, 22, 13, 43, 61, 60, 17, 50, 23, 69, 29, 48, 66],
[35, 51, 41, 25, 27, 67, 37, 65, 5, 54, 36, 45, 58, 64, 52, 8, 26, 49, 15, 42, 24, 21, 6, 56, 28, 10, 59],
[52, 20, 13, 43, 33, 58, 64, 35, 6, 63, 30, 26, 8, 56, 51, 41, 36, 54, 18, 39, 65, 37, 67, 27, 12, 25, 57],
[46, 7, 4, 12, 25, 27, 67, 5, 18, 54, 36, 45, 41, 34, 57, 35, 6, 63, 24, 30, 62, 42, 15, 11, 59, 17, 61, 60],
[17, 55, 20, 52, 10, 59, 9, 68, 11, 31, 1, 26, 8, 51, 35, 41, 36, 38, 19, 66, 29, 48, 39, 65, 32, 37, 5, 54, 18],
[52, 8, 28, 10, 16, 1, 49, 11, 68, 9, 59, 17, 20, 33, 22, 38, 19, 18, 32, 39, 48, 3, 23, 0, 50, 43],
[59, 68, 1, 31, 9, 17, 50, 23, 3, 29, 69, 66, 19, 18, 54, 38, 22, 33, 20, 55, 10, 16, 26, 49, 15, 42, 24, 63, 21, 30],
[22, 38, 54, 32, 39, 48, 29, 69, 3, 66, 19, 36, 45, 34, 35, 6, 63, 21, 30, 26, 1, 9, 17, 10, 20, 55, 8, 56, 28],
[53, 46, 40, 7, 4, 25, 34, 51, 64, 52, 20, 17, 60, 44, 14, 61, 43, 50, 33, 58, 35],
[44, 17, 55, 20, 52, 10, 59, 9, 68, 11, 31, 1, 26, 8, 51, 41, 36, 54, 5, 37, 32, 65, 39, 48, 29, 66, 38, 69, 3],
[59, 10, 52, 8, 28, 56, 51, 57, 58, 33, 43, 17, 44, 14, 2, 50, 13, 22, 45, 41, 12, 4, 53, 7, 46],
[48, 69, 19, 36, 41, 25, 4, 40, 46, 7, 47, 6, 63, 30, 26, 16, 10, 55, 52, 64, 51, 58, 33, 13, 43, 17, 20],
[21, 24, 62, 49, 9, 68, 59, 10, 52, 64, 58, 41, 12, 4, 40, 46, 7, 53, 47, 6, 56, 8, 55, 20, 43, 50, 23, 29]]

\
Best Operator Route set string:
\
34-57-35-51-8-26-1-68-9-11*59-68-9-11-31-1-26-8-51-35*37-65-5-18-54-36-41-12-25-27*6-63-24-30-26-16-10-17-61-44*7-40-4-12-25-41-34-57-35-6*0-2-23-69-3-66-19-38-22-33*40-46-7-53-47-6-56-28-8-10*33-20-55-10-16-26-49-15-42-62*0-2-23-69-3-66-19-38-22-33*67-37-5-54-19-22-33-43-61-60*68-9-11-31-1-16-26-8-51-35*29-48-66-19-36-45-58-51-35-6*4-25-12-41-45-22-13-50-2-14*39-32-18-54-36-45-58-64-52-10*50-43-20-55-10-16-26-30-24-21*

\
Best Passenger Route set sting:
\
5-32-54-18-37-65-19-69-0-2-14-44-17-10-16-26-30-24-63-6*33-13-22-38-18-67-27-41-58-64-52-20-17-61-60-44*58-35-6-47-7-46-40-12-27-67-65-32-37-5-18-54-19-38-22-13-43-61-60-17-50-23-69-29-48-66*35-51-41-25-27-67-37-65-5-54-36-45-58-64-52-8-26-49-15-42-24-21-6-56-28-10-59*52-20-13-43-33-58-64-35-6-63-30-26-8-56-51-41-36-54-18-39-65-37-67-27-12-25-57*46-7-4-12-25-27-67-5-18-54-36-45-41-34-57-35-6-63-24-30-62-42-15-11-59-17-61-60*17-55-20-52-10-59-9-68-11-31-1-26-8-51-35-41-36-38-19-66-29-48-39-65-32-37-5-54-18*52-8-28-10-16-1-49-11-68-9-59-17-20-33-22-38-19-18-32-39-48-3-23-0-50-43*59-68-1-31-9-17-50-23-3-29-69-66-19-18-54-38-22-33-20-55-10-16-26-49-15-42-24-63-21-30*22-38-54-32-39-48-29-69-3-66-19-36-45-34-35-6-63-21-30-26-1-9-17-10-20-55-8-56-28*53-46-40-7-4-25-34-51-64-52-20-17-60-44-14-61-43-50-33-58-35*44-17-55-20-52-10-59-9-68-11-31-1-26-8-51-41-36-54-5-37-32-65-39-48-29-66-38-69-3*59-10-52-8-28-56-51-57-58-33-43-17-44-14-2-50-13-22-45-41-12-4-53-7-46*48-69-19-36-41-25-4-40-46-7-47-6-63-30-26-16-10-55-52-64-51-58-33-13-43-17-20*21-24-62-49-9-68-59-10-52-64-58-41-12-4-40-46-7-53-47-6-56-8-55-20-43-50-23-29*