33_2_Mumford0__ALL_param RESULTS EVALUATION:
\
HV:0.8119 | BM:0.8087

\
	Operator	Passenger
\
f1_ATT	34.8767		15.4056
\
f2_TRT	98		525
\
d_0	14.7767		65.4460
\
d_1	28.6942		34.5540
\
d_2	27.4112		0.0000
\
d_un	29.1180		0.0000

\
Best Operator Route set:
\
[[6, 15, 10],
[13, 18, 0, 22, 17],
[17, 12, 8],
[4, 24],
[22, 25, 28],
[2, 27, 7, 20, 24, 1],
[1, 9, 23, 14, 11, 17],
[5, 21, 10, 2, 29],
[0, 26],
[16, 27],
[3, 1],
[12, 19]]

\
Best Passenger Route set:
\
[[5, 21, 2, 29, 15, 16],
[4, 24, 23, 14, 20, 7, 25, 22, 17, 0, 13, 18, 19, 8],
[1, 3, 24, 4, 7, 28, 0, 26, 8],
[14, 20, 23, 1, 3, 11, 17, 22, 18, 0, 13, 6, 21, 5, 15],
[26, 8, 19, 17, 28, 16, 27, 29, 2, 7, 20, 4],
[10, 29, 2, 15, 21, 5, 6, 16, 7, 24, 3, 1, 9, 14],
[5, 21, 10, 7, 16, 2, 6, 13, 0, 18],
[17, 11, 3, 9, 23, 14, 7, 27, 10, 15, 6, 13, 0, 26, 8],
[14, 9, 3, 4, 24, 20, 7, 25, 0, 18, 12, 8, 26],
[10, 6, 13, 18, 19, 22, 0, 12, 8],
[13, 18, 22, 12, 19, 17, 11, 14, 24, 4, 1, 3, 23, 20],
[10, 16, 28, 25, 11, 3]]

\
Best Operator Route set string:
\
6-15-10*13-18-0-22-17*17-12-8*4-24*22-25-28*2-27-7-20-24-1*1-9-23-14-11-17*5-21-10-2-29*0-26*16-27*3-1*12-19*

\
Best Passenger Route set sting:
\
5-21-2-29-15-16*4-24-23-14-20-7-25-22-17-0-13-18-19-8*1-3-24-4-7-28-0-26-8*14-20-23-1-3-11-17-22-18-0-13-6-21-5-15*26-8-19-17-28-16-27-29-2-7-20-4*10-29-2-15-21-5-6-16-7-24-3-1-9-14*5-21-10-7-16-2-6-13-0-18*17-11-3-9-23-14-7-27-10-15-6-13-0-26-8*14-9-3-4-24-20-7-25-0-18-12-8-26*10-6-13-18-19-22-0-12-8*13-18-22-12-19-17-11-14-24-4-1-3-23-20*10-16-28-25-11-3*