33_2_Mumford0__ALL_param RESULTS EVALUATION:
\
HV:0.7968 | BM:0.8087

\
	Operator	Passenger
\
f1_ATT	34.8767		15.6311
\
f2_TRT	98		642
\
d_0	14.7767		65.5834
\
d_1	28.6942		34.0718
\
d_2	27.4112		0.3449
\
d_un	29.1180		0.0000

\
Best Operator Route set:
\
[[6, 15, 10],
[13, 18, 0, 22, 17],
[17, 12, 8],
[4, 24],
[22, 25, 28],
[2, 27, 7, 20, 24, 1],
[1, 9, 23, 14, 11, 17],
[5, 21, 10, 2, 29],
[0, 26],
[16, 27],
[3, 1],
[12, 19]]

\
Best Passenger Route set:
\
[[17, 18, 0, 25, 7, 4, 24, 20, 14, 23, 9, 1, 3, 11],
[0, 22, 25, 28, 16, 6, 13, 18, 17, 11, 3, 9, 14, 4, 23],
[26, 0, 25, 22, 19, 12, 17, 28, 7, 16, 27, 2, 10, 15],
[9, 1, 24, 20, 7, 10, 6, 15, 29, 2, 16],
[14, 23, 20, 7, 25, 0, 18, 13, 6, 21],
[6, 13, 18, 22, 17, 11, 14, 20, 7, 27, 10, 21, 15, 29, 2],
[19, 22, 12, 0, 13, 6, 10, 27, 16, 28, 7, 2, 29, 15, 5],
[2, 29, 27, 15, 5, 6, 13, 18, 22, 17, 19, 0, 28],
[6, 2, 10, 21, 15, 29, 27, 16, 28, 17, 19, 12, 8, 26],
[21, 5, 6, 13, 18, 0, 26, 8, 12, 19, 17, 11, 14, 1],
[29, 15, 10, 2, 21, 5, 6, 16, 7, 14, 1, 3, 4, 20],
[8, 12, 19, 18, 0, 25, 11, 3, 1, 23, 14, 7, 20, 24, 4]]

\
Best Operator Route set string:
\
6-15-10*13-18-0-22-17*17-12-8*4-24*22-25-28*2-27-7-20-24-1*1-9-23-14-11-17*5-21-10-2-29*0-26*16-27*3-1*12-19*

\
Best Passenger Route set sting:
\
17-18-0-25-7-4-24-20-14-23-9-1-3-11*0-22-25-28-16-6-13-18-17-11-3-9-14-4-23*26-0-25-22-19-12-17-28-7-16-27-2-10-15*9-1-24-20-7-10-6-15-29-2-16*14-23-20-7-25-0-18-13-6-21*6-13-18-22-17-11-14-20-7-27-10-21-15-29-2*19-22-12-0-13-6-10-27-16-28-7-2-29-15-5*2-29-27-15-5-6-13-18-22-17-19-0-28*6-2-10-21-15-29-27-16-28-17-19-12-8-26*21-5-6-13-18-0-26-8-12-19-17-11-14-1*29-15-10-2-21-5-6-16-7-14-1-3-4-20*8-12-19-18-0-25-11-3-1-23-14-7-20-24-4*