3_2_Mumford0_GA_Mutations RESULTS EVALUATION:
\
HV:0.7755 | BM:0.8087

\
	Operator	Passenger
\
f1_ATT	23.5440		15.1626
\
f2_TRT	130		628
\
d_0	39.0461		76.3649
\
d_1	55.2344		23.6351
\
d_2	5.7195		0.0000
\
d_un	0.0000		0.0000

\
Best Operator Route set:
\
[[5, 21],
[5, 21],
[5, 21],
[5, 21],
[5, 21],
[5, 21],
[24, 4, 14, 11, 17, 22, 18, 0, 13, 6, 21, 5],
[5, 21],
[29, 2, 15, 10, 27, 16, 28, 25, 22, 19, 12, 8, 26],
[5, 21],
[5, 21],
[1, 3, 9, 23, 14, 20, 7, 16]]

\
Best Passenger Route set:
\
[[0, 28, 25, 11, 3, 1, 23, 20, 7, 16, 6, 5, 21, 2, 29],
[4, 1, 3, 9, 23, 14, 11, 17, 22, 18, 13, 6, 5, 15, 27],
[2, 21, 5, 6, 15, 10, 27, 7, 20, 14, 11, 17, 18, 0, 25],
[18, 19, 12, 17, 28, 25, 7, 20, 23, 9],
[22, 12, 18, 13, 6, 2, 29, 27, 7, 20, 24, 4, 23, 1],
[26, 8, 12, 19, 0, 18, 13, 6, 5, 21, 10, 7, 28, 17],
[3, 1, 24, 4, 7, 25, 22, 18, 0, 26, 8, 12, 17, 11, 14],
[8, 19, 0, 28, 16, 27, 29, 2, 15, 21, 6, 13, 18, 22, 17],
[13, 6, 16, 7, 14, 9, 1, 3, 11, 17, 22, 0, 12, 8],
[26, 8, 19, 22, 25, 11, 17, 12],
[8, 19, 12, 18, 13, 6, 15, 10, 29, 2, 27, 16, 28, 17, 22],
[3, 4, 24, 7, 2, 10, 15, 16, 28, 25, 22, 17, 19, 0, 18]]

\
Best Operator Route set string:
\
5-21*5-21*5-21*5-21*5-21*5-21*24-4-14-11-17-22-18-0-13-6-21-5*5-21*29-2-15-10-27-16-28-25-22-19-12-8-26*5-21*5-21*1-3-9-23-14-20-7-16*

\
Best Passenger Route set sting:
\
0-28-25-11-3-1-23-20-7-16-6-5-21-2-29*4-1-3-9-23-14-11-17-22-18-13-6-5-15-27*2-21-5-6-15-10-27-7-20-14-11-17-18-0-25*18-19-12-17-28-25-7-20-23-9*22-12-18-13-6-2-29-27-7-20-24-4-23-1*26-8-12-19-0-18-13-6-5-21-10-7-28-17*3-1-24-4-7-25-22-18-0-26-8-12-17-11-14*8-19-0-28-16-27-29-2-15-21-6-13-18-22-17*13-6-16-7-14-9-1-3-11-17-22-0-12-8*26-8-19-22-25-11-17-12*8-19-12-18-13-6-15-10-29-2-27-16-28-17-22*3-4-24-7-2-10-15-16-28-25-22-17-19-0-18*