9_4_Mumford2_GA_Mut_prob RESULTS EVALUATION:
\
HV:0.6508 | BM:0.6490

\
	Operator	Passenger
\
f1_ATT	31.0653		26.1131
\
f2_TRT	1833		5065
\
d_0	19.0245		47.9593
\
d_1	57.1798		50.7345
\
d_2	22.7267		1.3061
\
d_un	1.0689		0.0000

\
Best Operator Route set:
\
[[13, 32, 50, 17, 39, 55, 45, 63, 12, 16],
[44, 92, 67, 18, 93, 35, 8, 62, 12, 74],
[11, 64, 92, 18, 66, 3, 54, 6, 86, 46],
[80, 38, 63, 8, 90, 49, 91, 52, 89, 109],
[91, 49, 90, 8, 63, 55, 39, 17, 95, 78],
[30, 26, 82, 19, 22, 85, 6, 81, 94, 105],
[16, 47, 12, 63, 45, 55, 101, 27, 21, 28],
[13, 32, 68, 95, 17, 39, 55, 63, 53, 62],
[88, 71, 102, 19, 9, 92, 64, 89, 73, 96],
[58, 80, 38, 63, 8, 90, 49, 91, 52, 89],
[13, 32, 27, 105, 94, 83, 15, 35, 91, 49],
[24, 19, 23, 82, 44, 72, 108, 36, 107, 77],
[104, 84, 7, 52, 100, 67, 98, 18, 9, 23],
[97, 58, 38, 63, 2, 15, 54, 22, 31, 14],
[59, 27, 105, 81, 6, 22, 19, 33, 99, 69],
[23, 19, 22, 85, 81, 105, 94, 101, 55, 39],
[48, 72, 92, 18, 98, 67, 93, 35, 8, 62],
[45, 63, 53, 8, 90, 49, 91, 52, 89, 109],
[72, 92, 67, 98, 93, 35, 8, 62, 103, 70],
[23, 19, 22, 85, 81, 105, 94, 101, 55, 39],
[52, 100, 67, 98, 18, 9, 23, 33, 76, 14],
[73, 89, 52, 91, 49, 35, 15, 83, 94, 105],
[45, 63, 53, 8, 90, 49, 91, 52, 89, 109],
[78, 39, 87, 55, 101, 94, 105, 81, 6, 24],
[13, 32, 68, 95, 17, 39, 55, 63, 53, 62],
[30, 43, 72, 79, 73, 89, 106, 57, 40, 37],
[73, 89, 52, 49, 91, 35, 15, 2, 45, 55],
[5, 42, 73, 89, 52, 49, 91, 90, 8, 53],
[92, 18, 34, 15, 2, 63, 38, 87, 56, 61],
[73, 89, 52, 91, 49, 35, 15, 83, 105, 94],
[52, 10, 57, 106, 89, 11, 73, 79, 64, 109],
[25, 7, 52, 100, 67, 98, 18, 9, 23, 33],
[80, 38, 63, 53, 90, 91, 49, 52, 89, 96],
[13, 32, 68, 95, 17, 39, 55, 63, 53, 62],
[73, 89, 52, 49, 91, 35, 15, 83, 105, 94],
[5, 42, 73, 89, 52, 49, 91, 90, 8, 62],
[1, 0, 87, 55, 101, 94, 105, 81, 6, 24],
[29, 43, 30, 26, 44, 92, 18, 93, 35, 8],
[61, 65, 17, 95, 68, 21, 28, 86, 51, 71],
[105, 94, 83, 15, 35, 49, 91, 52, 89, 96],
[29, 43, 30, 26, 44, 92, 67, 93, 35, 8],
[13, 32, 27, 105, 94, 83, 15, 35, 91, 49],
[24, 19, 23, 82, 44, 72, 36, 108, 107, 77],
[41, 103, 12, 63, 45, 55, 39, 65, 17, 95],
[28, 86, 24, 19, 82, 44, 72, 48, 36, 108],
[80, 38, 63, 53, 90, 49, 91, 52, 89, 96],
[48, 72, 92, 18, 93, 34, 15, 83, 94, 105],
[69, 14, 33, 19, 22, 85, 81, 105, 94, 101],
[78, 39, 55, 45, 2, 15, 18, 98, 67, 92],
[5, 42, 73, 89, 52, 49, 91, 90, 8, 53],
[4, 36, 64, 11, 89, 52, 49, 91, 90, 8],
[13, 32, 27, 105, 94, 83, 15, 35, 91, 49],
[75, 20, 50, 95, 27, 105, 94, 85, 19, 33],
[109, 89, 52, 91, 90, 8, 62, 12, 74, 60],
[13, 32, 68, 95, 17, 39, 55, 63, 53, 62],
[75, 20, 95, 27, 94, 105, 83, 15, 34, 93]]

\
Best Passenger Route set:
\
[[41, 104, 25, 70, 7, 52, 100, 18, 9, 19, 31, 51, 88, 71, 86, 21, 13, 32, 59, 27, 17, 39],
[21, 32, 13, 68, 20, 50, 65, 39, 56, 87, 38, 63, 53, 62, 103, 70, 25, 84, 104, 37, 57],
[48, 79, 108, 4, 36, 64, 89, 52, 49, 90, 8, 63, 38, 80, 58, 74, 12, 60, 47, 41, 103, 70],
[82, 99, 69, 76, 14, 33, 19, 3, 34, 35, 8, 62, 12, 60, 16, 41, 7, 37, 57, 42, 5, 107],
[10, 57, 40, 104, 84, 7, 52, 89, 11, 64, 79, 72, 44, 82, 99, 76, 31, 102, 24, 86, 51, 88],
[1, 87, 38, 63, 8, 49, 91, 52, 89, 109, 64, 79, 108, 48, 36, 72, 44, 82, 99, 69, 14],
[98, 3, 81, 94, 101, 55, 63, 38, 80, 87, 97, 1, 56, 65, 17, 95, 59, 21, 86, 51, 88, 71],
[88, 71, 51, 86, 28, 59, 27, 101, 55, 38, 74, 47, 41, 103, 62, 90, 35, 93, 100, 67, 98, 18],
[75, 20, 50, 95, 78, 39, 17, 27, 105, 83, 15, 18, 92, 72, 48, 107, 77, 4, 108, 36, 64],
[99, 69, 76, 14, 33, 23, 9, 18, 100, 52, 7, 104, 84, 25, 10, 57, 106, 89, 73, 64, 79, 48],
[103, 16, 47, 74, 60, 58, 38, 45, 2, 83, 15, 54, 85, 24, 102, 71, 88, 31, 33, 14, 99, 69],
[55, 45, 80, 87, 0, 1, 61, 65, 17, 27, 94, 105, 81, 6, 24, 31, 76, 14, 69, 30, 43, 72],
[56, 39, 65, 17, 75, 50, 13, 32, 59, 27, 94, 85, 22, 19, 82, 44, 72, 43, 30, 69, 99, 33],
[82, 23, 31, 51, 46, 28, 21, 32, 59, 27, 94, 83, 15, 35, 49, 52, 10, 57, 40, 7, 84, 104],
[87, 39, 17, 50, 20, 95, 27, 105, 83, 15, 18, 92, 72, 108, 107, 5, 11, 109, 64, 36, 79],
[106, 42, 5, 36, 72, 48, 79, 64, 11, 89, 52, 91, 62, 12, 60, 58, 47, 103, 70, 10, 7, 57],
[40, 57, 37, 104, 84, 7, 52, 100, 67, 18, 9, 23, 82, 99, 76, 14, 31, 102, 88, 71, 86, 6],
[21, 59, 32, 20, 17, 78, 65, 56, 1, 0, 87, 45, 2, 15, 66, 18, 92, 44, 30, 29, 26, 72],
[70, 41, 47, 74, 16, 12, 63, 45, 2, 15, 3, 22, 19, 33, 99, 69, 76, 14, 31, 88, 51, 71],
[4, 107, 108, 36, 64, 89, 52, 91, 90, 8, 63, 38, 87, 56, 61, 0, 78, 65, 17, 95, 50, 68],
[7, 25, 84, 104, 70, 41, 74, 16, 47, 62, 8, 90, 49, 52, 89, 73, 42, 5, 77, 107, 36, 79],
[29, 30, 43, 26, 44, 92, 18, 15, 2, 63, 38, 80, 0, 61, 56, 65, 78, 17, 50, 95, 20],
[15, 35, 90, 91, 52, 10, 25, 84, 37, 7, 103, 62, 53, 63, 55, 39, 17, 95, 68, 50, 20, 75],
[11, 106, 89, 42, 96, 73, 79, 108, 5, 77, 107, 36, 48, 72, 44, 82, 33, 102, 88, 71, 31, 24],
[53, 38, 58, 60, 74, 16, 103, 7, 41, 47, 12, 63, 2, 15, 54, 24, 102, 88, 71, 51, 31, 22],
[84, 104, 70, 25, 40, 7, 41, 47, 16, 12, 62, 8, 35, 93, 67, 92, 44, 26, 43, 30, 29],
[39, 65, 61, 56, 87, 45, 2, 15, 34, 93, 18, 92, 72, 48, 44, 82, 19, 23, 33, 31, 22],
[104, 84, 37, 10, 40, 7, 25, 70, 103, 62, 53, 63, 45, 55, 101, 27, 21, 28, 46, 51, 86],
[37, 25, 104, 84, 7, 10, 52, 100, 18, 3, 19, 102, 88, 71, 86, 51, 31, 33, 14, 69, 99, 76],
[28, 21, 68, 32, 50, 75, 20, 17, 39, 55, 45, 2, 15, 34, 18, 92, 64, 36, 107, 77],
[34, 15, 66, 3, 93, 18, 92, 64, 11, 73, 89, 52, 49, 90, 8, 63, 55, 39, 78, 65, 56, 0],
[16, 41, 47, 12, 38, 87, 56, 61, 1, 0, 39, 55, 80, 45, 2, 15, 34, 18, 67, 93, 100, 52],
[65, 78, 17, 56, 87, 80, 58, 38, 55, 63, 53, 90, 49, 91, 52, 89, 109, 11, 106, 57, 37, 84],
[29, 30, 43, 26, 82, 23, 19, 22, 85, 94, 101, 55, 87, 97, 80, 38, 63, 8, 12, 62, 103, 41],
[60, 16, 41, 7, 10, 104, 25, 37, 57, 106, 73, 89, 64, 92, 44, 82, 99, 76, 14, 33, 31, 23],
[43, 30, 26, 44, 92, 67, 98, 93, 35, 8, 53, 12, 74, 60, 58, 97, 0, 39, 17, 95, 20, 68],
[104, 25, 70, 41, 16, 12, 62, 8, 35, 93, 18, 9, 23, 33, 31, 19, 22, 54, 15, 3, 67, 98],
[51, 71, 102, 88, 31, 23, 9, 18, 100, 52, 7, 25, 104, 41, 70, 16, 47, 60, 74, 38, 55],
[10, 25, 84, 104, 70, 41, 16, 12, 62, 8, 35, 34, 3, 19, 33, 99, 76, 14, 69, 30, 43],
[7, 10, 40, 57, 106, 73, 64, 92, 18, 66, 3, 6, 86, 51, 88, 71, 31, 22, 19, 82, 99, 76],
[105, 27, 32, 21, 28, 46, 86, 6, 85, 54, 15, 35, 91, 49, 7, 84, 104, 25, 40, 10, 52, 89],
[14, 76, 33, 19, 23, 82, 44, 48, 92, 18, 15, 83, 105, 27, 95, 50, 68, 59, 21, 28, 86, 46],
[9, 18, 66, 93, 100, 91, 8, 63, 45, 87, 38, 53, 90, 49, 52, 89, 11, 64, 36, 108, 5, 77],
[81, 94, 105, 27, 21, 28, 86, 6, 85, 54, 3, 9, 92, 64, 79, 11, 89, 73, 96, 42, 57, 10],
[28, 13, 32, 50, 17, 78, 65, 39, 0, 87, 55, 101, 94, 81, 6, 85, 24, 19, 82, 26, 29, 43],
[73, 89, 11, 96, 42, 5, 107, 36, 108, 72, 92, 18, 34, 83, 105, 94, 101, 55, 38, 63, 45],
[28, 46, 21, 59, 68, 32, 20, 95, 27, 105, 94, 83, 34, 18, 92, 44, 26, 43, 30],
[29, 30, 43, 26, 82, 19, 85, 94, 27, 17, 78, 65, 39, 0, 1, 87, 38, 12, 60, 47, 103, 16],
[71, 88, 31, 19, 23, 82, 99, 69, 30, 43, 72, 79, 73, 106, 57, 40, 37, 104, 25, 7, 10, 52],
[2, 63, 12, 103, 70, 7, 37, 104, 40, 10, 52, 100, 67, 18, 9, 23, 31, 51, 71, 88, 102, 19],
[18, 67, 92, 72, 108, 107, 36, 5, 42, 89, 52, 49, 90, 8, 53, 63, 55, 39, 78, 0, 1, 61],
[58, 74, 47, 60, 41, 16, 12, 63, 55, 101, 27, 21, 28, 86, 51, 31, 102, 76, 69, 43, 30, 26],
[30, 43, 69, 99, 76, 33, 102, 71, 88, 31, 23, 9, 92, 64, 96, 73, 106, 57, 42, 11, 109, 89],
[50, 20, 75, 17, 32, 21, 28, 46, 86, 6, 54, 3, 66, 18, 92, 64, 109, 73, 89, 52, 49, 90],
[16, 74, 47, 12, 62, 8, 35, 15, 3, 85, 19, 33, 99, 69, 30, 26, 72, 44, 92, 18, 67],
[78, 65, 50, 13, 32, 27, 94, 83, 35, 49, 91, 52, 89, 106, 42, 5, 108, 107, 48, 72, 43, 44]]

\
Best Operator Route set string:
\
13-32-50-17-39-55-45-63-12-16*44-92-67-18-93-35-8-62-12-74*11-64-92-18-66-3-54-6-86-46*80-38-63-8-90-49-91-52-89-109*91-49-90-8-63-55-39-17-95-78*30-26-82-19-22-85-6-81-94-105*16-47-12-63-45-55-101-27-21-28*13-32-68-95-17-39-55-63-53-62*88-71-102-19-9-92-64-89-73-96*58-80-38-63-8-90-49-91-52-89*13-32-27-105-94-83-15-35-91-49*24-19-23-82-44-72-108-36-107-77*104-84-7-52-100-67-98-18-9-23*97-58-38-63-2-15-54-22-31-14*59-27-105-81-6-22-19-33-99-69*23-19-22-85-81-105-94-101-55-39*48-72-92-18-98-67-93-35-8-62*45-63-53-8-90-49-91-52-89-109*72-92-67-98-93-35-8-62-103-70*23-19-22-85-81-105-94-101-55-39*52-100-67-98-18-9-23-33-76-14*73-89-52-91-49-35-15-83-94-105*45-63-53-8-90-49-91-52-89-109*78-39-87-55-101-94-105-81-6-24*13-32-68-95-17-39-55-63-53-62*30-43-72-79-73-89-106-57-40-37*73-89-52-49-91-35-15-2-45-55*5-42-73-89-52-49-91-90-8-53*92-18-34-15-2-63-38-87-56-61*73-89-52-91-49-35-15-83-105-94*52-10-57-106-89-11-73-79-64-109*25-7-52-100-67-98-18-9-23-33*80-38-63-53-90-91-49-52-89-96*13-32-68-95-17-39-55-63-53-62*73-89-52-49-91-35-15-83-105-94*5-42-73-89-52-49-91-90-8-62*1-0-87-55-101-94-105-81-6-24*29-43-30-26-44-92-18-93-35-8*61-65-17-95-68-21-28-86-51-71*105-94-83-15-35-49-91-52-89-96*29-43-30-26-44-92-67-93-35-8*13-32-27-105-94-83-15-35-91-49*24-19-23-82-44-72-36-108-107-77*41-103-12-63-45-55-39-65-17-95*28-86-24-19-82-44-72-48-36-108*80-38-63-53-90-49-91-52-89-96*48-72-92-18-93-34-15-83-94-105*69-14-33-19-22-85-81-105-94-101*78-39-55-45-2-15-18-98-67-92*5-42-73-89-52-49-91-90-8-53*4-36-64-11-89-52-49-91-90-8*13-32-27-105-94-83-15-35-91-49*75-20-50-95-27-105-94-85-19-33*109-89-52-91-90-8-62-12-74-60*13-32-68-95-17-39-55-63-53-62*75-20-95-27-94-105-83-15-34-93*

\
Best Passenger Route set sting:
\
41-104-25-70-7-52-100-18-9-19-31-51-88-71-86-21-13-32-59-27-17-39*21-32-13-68-20-50-65-39-56-87-38-63-53-62-103-70-25-84-104-37-57*48-79-108-4-36-64-89-52-49-90-8-63-38-80-58-74-12-60-47-41-103-70*82-99-69-76-14-33-19-3-34-35-8-62-12-60-16-41-7-37-57-42-5-107*10-57-40-104-84-7-52-89-11-64-79-72-44-82-99-76-31-102-24-86-51-88*1-87-38-63-8-49-91-52-89-109-64-79-108-48-36-72-44-82-99-69-14*98-3-81-94-101-55-63-38-80-87-97-1-56-65-17-95-59-21-86-51-88-71*88-71-51-86-28-59-27-101-55-38-74-47-41-103-62-90-35-93-100-67-98-18*75-20-50-95-78-39-17-27-105-83-15-18-92-72-48-107-77-4-108-36-64*99-69-76-14-33-23-9-18-100-52-7-104-84-25-10-57-106-89-73-64-79-48*103-16-47-74-60-58-38-45-2-83-15-54-85-24-102-71-88-31-33-14-99-69*55-45-80-87-0-1-61-65-17-27-94-105-81-6-24-31-76-14-69-30-43-72*56-39-65-17-75-50-13-32-59-27-94-85-22-19-82-44-72-43-30-69-99-33*82-23-31-51-46-28-21-32-59-27-94-83-15-35-49-52-10-57-40-7-84-104*87-39-17-50-20-95-27-105-83-15-18-92-72-108-107-5-11-109-64-36-79*106-42-5-36-72-48-79-64-11-89-52-91-62-12-60-58-47-103-70-10-7-57*40-57-37-104-84-7-52-100-67-18-9-23-82-99-76-14-31-102-88-71-86-6*21-59-32-20-17-78-65-56-1-0-87-45-2-15-66-18-92-44-30-29-26-72*70-41-47-74-16-12-63-45-2-15-3-22-19-33-99-69-76-14-31-88-51-71*4-107-108-36-64-89-52-91-90-8-63-38-87-56-61-0-78-65-17-95-50-68*7-25-84-104-70-41-74-16-47-62-8-90-49-52-89-73-42-5-77-107-36-79*29-30-43-26-44-92-18-15-2-63-38-80-0-61-56-65-78-17-50-95-20*15-35-90-91-52-10-25-84-37-7-103-62-53-63-55-39-17-95-68-50-20-75*11-106-89-42-96-73-79-108-5-77-107-36-48-72-44-82-33-102-88-71-31-24*53-38-58-60-74-16-103-7-41-47-12-63-2-15-54-24-102-88-71-51-31-22*84-104-70-25-40-7-41-47-16-12-62-8-35-93-67-92-44-26-43-30-29*39-65-61-56-87-45-2-15-34-93-18-92-72-48-44-82-19-23-33-31-22*104-84-37-10-40-7-25-70-103-62-53-63-45-55-101-27-21-28-46-51-86*37-25-104-84-7-10-52-100-18-3-19-102-88-71-86-51-31-33-14-69-99-76*28-21-68-32-50-75-20-17-39-55-45-2-15-34-18-92-64-36-107-77*34-15-66-3-93-18-92-64-11-73-89-52-49-90-8-63-55-39-78-65-56-0*16-41-47-12-38-87-56-61-1-0-39-55-80-45-2-15-34-18-67-93-100-52*65-78-17-56-87-80-58-38-55-63-53-90-49-91-52-89-109-11-106-57-37-84*29-30-43-26-82-23-19-22-85-94-101-55-87-97-80-38-63-8-12-62-103-41*60-16-41-7-10-104-25-37-57-106-73-89-64-92-44-82-99-76-14-33-31-23*43-30-26-44-92-67-98-93-35-8-53-12-74-60-58-97-0-39-17-95-20-68*104-25-70-41-16-12-62-8-35-93-18-9-23-33-31-19-22-54-15-3-67-98*51-71-102-88-31-23-9-18-100-52-7-25-104-41-70-16-47-60-74-38-55*10-25-84-104-70-41-16-12-62-8-35-34-3-19-33-99-76-14-69-30-43*7-10-40-57-106-73-64-92-18-66-3-6-86-51-88-71-31-22-19-82-99-76*105-27-32-21-28-46-86-6-85-54-15-35-91-49-7-84-104-25-40-10-52-89*14-76-33-19-23-82-44-48-92-18-15-83-105-27-95-50-68-59-21-28-86-46*9-18-66-93-100-91-8-63-45-87-38-53-90-49-52-89-11-64-36-108-5-77*81-94-105-27-21-28-86-6-85-54-3-9-92-64-79-11-89-73-96-42-57-10*28-13-32-50-17-78-65-39-0-87-55-101-94-81-6-85-24-19-82-26-29-43*73-89-11-96-42-5-107-36-108-72-92-18-34-83-105-94-101-55-38-63-45*28-46-21-59-68-32-20-95-27-105-94-83-34-18-92-44-26-43-30*29-30-43-26-82-19-85-94-27-17-78-65-39-0-1-87-38-12-60-47-103-16*71-88-31-19-23-82-99-69-30-43-72-79-73-106-57-40-37-104-25-7-10-52*2-63-12-103-70-7-37-104-40-10-52-100-67-18-9-23-31-51-71-88-102-19*18-67-92-72-108-107-36-5-42-89-52-49-90-8-53-63-55-39-78-0-1-61*58-74-47-60-41-16-12-63-55-101-27-21-28-86-51-31-102-76-69-43-30-26*30-43-69-99-76-33-102-71-88-31-23-9-92-64-96-73-106-57-42-11-109-89*50-20-75-17-32-21-28-46-86-6-54-3-66-18-92-64-109-73-89-52-49-90*16-74-47-12-62-8-35-15-3-85-19-33-99-69-30-26-72-44-92-18-67*78-65-50-13-32-27-94-83-35-49-91-52-89-106-42-5-108-107-48-72-43-44*