24_3_Mumford1_SA_Mutations_more RESULTS EVALUATION:
\
HV:0.7542 | BM:0.7758

\
	Operator	Passenger
\
f1_ATT	29.6263		22.9313
\
f2_TRT	534		1596
\
d_0	23.8271		49.5823
\
d_1	53.5659		49.2724
\
d_2	20.2973		1.1453
\
d_un	2.3098		0.0000

\
Best Operator Route set:
\
[[27, 41, 34, 58, 64, 52, 20, 17, 61, 60],
[46, 40, 53, 47, 6, 56, 28, 8, 10, 59],
[32, 39, 18, 54, 36, 45, 58, 51, 35, 6],
[23, 2, 0, 69, 3, 66, 19, 38, 22, 33],
[29, 48, 66, 19, 36, 45, 34, 35, 51, 8, 26, 62],
[4, 25, 12, 41, 45, 22, 13, 50, 2, 14],
[7, 4, 12, 25, 41, 34, 57, 35, 6, 47],
[50, 43, 20, 55, 10, 16, 26, 30, 24, 21],
[63, 21, 24, 30, 26, 16, 10, 17, 61, 60, 44],
[5, 18, 54, 36, 45, 58, 64, 52, 10, 16],
[68, 9, 11, 31, 1, 26, 8, 51, 41, 45],
[49, 26, 16, 10, 55, 20, 33, 22, 19, 66],
[37, 65, 5, 54, 19, 22, 33, 43, 61, 60],
[22, 33, 20, 55, 10, 16, 26, 49, 15, 42],
[12, 25, 27, 41, 36, 54, 18, 5, 37, 67]]

\
Best Passenger Route set:
\
[[13, 43, 20, 52, 64, 51, 56, 28, 10, 17, 61, 14, 2, 50, 33, 58, 35, 6, 21, 24, 62, 15],
[23, 50, 43, 20, 10, 8, 28, 56, 51, 41, 36, 19, 66, 48, 29, 69, 38, 54, 65, 5, 37, 67, 18],
[10, 16, 1, 49, 62, 21, 63, 6, 56, 8, 55, 20, 13, 50, 0, 69, 19, 36, 22],
[50, 43, 33, 58, 51, 35, 57, 34, 45, 36, 38, 3, 69, 66, 54, 5, 18, 19, 29, 23, 0, 2, 14, 61],
[62, 30, 24, 42, 49, 9, 11, 31, 1, 26, 8, 51, 34, 25, 27, 67, 5, 65, 37, 18, 39, 48, 3, 0, 2, 14],
[3, 0, 50, 17, 9, 11, 15, 42, 62, 21, 24, 30, 26, 16, 10, 20, 33, 22, 38, 66, 29, 48, 39, 32, 54],
[23, 3, 29, 66, 69, 19, 65, 32, 18, 54, 36, 45, 58, 64, 52, 10, 16, 1, 31, 9, 49, 62],
[22, 45, 34, 51, 64, 52, 55, 10, 17, 44, 14, 2, 0, 69, 38, 36, 41, 25, 4, 7, 53, 47, 6, 63, 24, 62, 15, 49, 11, 31],
[63, 21, 30, 26, 16, 1, 11, 68, 59, 10, 8, 56, 6, 47, 53, 4, 12, 41, 45, 22, 13, 50, 2, 0],
[67, 18, 19, 29, 23, 2, 14, 60, 44, 61, 43, 33, 58, 34, 25, 12, 40, 46, 7, 47, 6, 35, 41, 45, 22, 38, 3],
[46, 40, 4, 25, 34, 45, 41, 35, 6, 63, 24, 42, 49, 26, 8, 52, 20, 43, 13, 33, 58, 64],
[18, 38, 36, 41, 25, 4, 53, 46, 40, 7, 47, 6, 56, 8, 26, 16, 9, 68, 1],
[29, 48, 39, 65, 67, 27, 25, 57, 35, 64, 52, 20, 17, 60, 61, 43, 33, 22, 38, 66, 18, 32, 5],
[4, 12, 41, 58, 64, 51, 56, 6, 63, 24, 30, 26, 49, 15, 11, 9, 17, 43, 13, 22, 19, 54, 5, 37, 67, 65, 39, 48, 69, 66],
[58, 57, 34, 35, 6, 21, 30, 15, 49, 1, 59, 17, 43, 50, 23, 69, 3, 48, 39, 32, 37, 67, 27, 41, 51, 8, 26, 62, 24]]

\
Best Operator Route set string:
\
27-41-34-58-64-52-20-17-61-60*46-40-53-47-6-56-28-8-10-59*32-39-18-54-36-45-58-51-35-6*23-2-0-69-3-66-19-38-22-33*29-48-66-19-36-45-34-35-51-8-26-62*4-25-12-41-45-22-13-50-2-14*7-4-12-25-41-34-57-35-6-47*50-43-20-55-10-16-26-30-24-21*63-21-24-30-26-16-10-17-61-60-44*5-18-54-36-45-58-64-52-10-16*68-9-11-31-1-26-8-51-41-45*49-26-16-10-55-20-33-22-19-66*37-65-5-54-19-22-33-43-61-60*22-33-20-55-10-16-26-49-15-42*12-25-27-41-36-54-18-5-37-67*

\
Best Passenger Route set sting:
\
13-43-20-52-64-51-56-28-10-17-61-14-2-50-33-58-35-6-21-24-62-15*23-50-43-20-10-8-28-56-51-41-36-19-66-48-29-69-38-54-65-5-37-67-18*10-16-1-49-62-21-63-6-56-8-55-20-13-50-0-69-19-36-22*50-43-33-58-51-35-57-34-45-36-38-3-69-66-54-5-18-19-29-23-0-2-14-61*62-30-24-42-49-9-11-31-1-26-8-51-34-25-27-67-5-65-37-18-39-48-3-0-2-14*3-0-50-17-9-11-15-42-62-21-24-30-26-16-10-20-33-22-38-66-29-48-39-32-54*23-3-29-66-69-19-65-32-18-54-36-45-58-64-52-10-16-1-31-9-49-62*22-45-34-51-64-52-55-10-17-44-14-2-0-69-38-36-41-25-4-7-53-47-6-63-24-62-15-49-11-31*63-21-30-26-16-1-11-68-59-10-8-56-6-47-53-4-12-41-45-22-13-50-2-0*67-18-19-29-23-2-14-60-44-61-43-33-58-34-25-12-40-46-7-47-6-35-41-45-22-38-3*46-40-4-25-34-45-41-35-6-63-24-42-49-26-8-52-20-43-13-33-58-64*18-38-36-41-25-4-53-46-40-7-47-6-56-8-26-16-9-68-1*29-48-39-65-67-27-25-57-35-64-52-20-17-60-61-43-33-22-38-66-18-32-5*4-12-41-58-64-51-56-6-63-24-30-26-49-15-11-9-17-43-13-22-19-54-5-37-67-65-39-48-69-66*58-57-34-35-6-21-30-15-49-1-59-17-43-50-23-69-3-48-39-32-37-67-27-41-51-8-26-62-24*