2_2_Mumford0_GA_Crossover RESULTS EVALUATION:
\
HV:0.8255 | BM:0.8087

\
	Operator	Passenger
\
f1_ATT	25.7819		15.1883
\
f2_TRT	95		526
\
d_0	21.9050		75.0292
\
d_1	34.9719		24.9708
\
d_2	26.2684		0.0000
\
d_un	16.8547		0.0000

\
Best Operator Route set:
\
[[26, 8, 12, 19, 22, 25, 7, 27, 10, 15, 6, 13],
[27, 2],
[1, 9],
[1, 3],
[24, 4],
[10, 21, 5],
[20, 24],
[27, 16],
[7, 20, 14, 23, 9],
[11, 25, 28],
[29, 2],
[18, 0, 22, 17]]

\
Best Passenger Route set:
\
[[11, 25, 28, 16, 15, 21, 5],
[3, 1, 24, 4, 7, 2, 29, 27, 16, 28, 17, 19, 12, 8, 26],
[19, 18, 0, 25, 7, 4, 24, 3],
[1, 3, 24, 20, 7, 16, 6, 5, 21, 15, 29],
[7, 24, 23, 14, 11, 17, 22, 0, 28, 16, 10, 29],
[4, 1, 3, 23, 14, 11, 17, 22, 18, 13, 6, 2, 27, 16, 15],
[24, 14, 7, 27, 2, 29, 10],
[1, 9, 23, 14, 7, 27, 10, 15, 21, 6, 13, 18, 0, 26, 8],
[26, 0, 18, 17, 11, 3, 1, 9, 23, 14, 7, 16, 6, 5, 15],
[29, 27, 7, 25, 22, 18, 0, 26, 8, 12, 17, 11, 14, 20],
[4, 24, 20, 7, 25, 22, 12, 8, 19],
[4, 24, 14, 11, 17, 22, 0, 13, 6, 5, 21, 2, 29]]

\
Best Operator Route set string:
\
26-8-12-19-22-25-7-27-10-15-6-13*27-2*1-9*1-3*24-4*10-21-5*20-24*27-16*7-20-14-23-9*11-25-28*29-2*18-0-22-17*

\
Best Passenger Route set sting:
\
11-25-28-16-15-21-5*3-1-24-4-7-2-29-27-16-28-17-19-12-8-26*19-18-0-25-7-4-24-3*1-3-24-20-7-16-6-5-21-15-29*7-24-23-14-11-17-22-0-28-16-10-29*4-1-3-23-14-11-17-22-18-13-6-2-27-16-15*24-14-7-27-2-29-10*1-9-23-14-7-27-10-15-21-6-13-18-0-26-8*26-0-18-17-11-3-1-9-23-14-7-16-6-5-15*29-27-7-25-22-18-0-26-8-12-17-11-14-20*4-24-20-7-25-22-12-8-19*4-24-14-11-17-22-0-13-6-5-21-2-29*