33_3_Mumford1__ALL_param RESULTS EVALUATION:
\
HV:0.7534 | BM:0.7758

\
	Operator	Passenger
\
f1_ATT	26.4465		23.1285
\
f2_TRT	532		1578
\
d_0	26.2173		50.8527
\
d_1	59.1054		46.5063
\
d_2	14.0735		2.6410
\
d_un	0.6038		0.0000

\
Best Operator Route set:
\
[[19, 38, 22, 33, 20, 17, 9, 68, 11, 31],
[46, 40, 7, 4, 25, 41, 36, 38, 69, 23],
[26, 8, 51, 58, 45, 36, 54, 18, 32, 39],
[28, 56, 51, 35, 34, 45, 36, 38, 19, 66],
[21, 63, 6, 35, 41, 36, 38, 3, 29, 48],
[40, 47, 6, 56, 8, 10, 17, 61, 44, 14],
[53, 4, 25, 57, 51, 64, 52, 55, 10, 59],
[23, 50, 43, 20, 55, 10, 16, 26, 62, 42],
[63, 21, 24, 62, 15, 49, 26, 16, 10, 55],
[12, 41, 58, 64, 52, 10, 59, 9, 68, 11],
[30, 26, 8, 51, 34, 41, 27, 67, 37, 65],
[68, 9, 11, 31, 1, 26, 8, 52, 64, 35],
[57, 34, 41, 45, 22, 13, 43, 61, 60, 44],
[18, 65, 37, 5, 54, 19, 66, 3, 69, 0],
[27, 25, 34, 35, 58, 33, 13, 50, 2, 0]]

\
Best Passenger Route set:
\
[[16, 26, 1, 68, 9, 11, 15, 30, 21, 6, 47, 53, 4, 25, 12, 41, 34, 58, 33, 13, 43, 20, 10, 52, 64, 35, 57],
[50, 13, 20, 52, 64, 35, 34, 45, 36, 38, 19, 54, 32, 65, 67, 27, 25, 57, 51, 8, 26, 1, 31, 11],
[2, 23, 50, 43, 20, 10, 28, 8, 56, 51, 34, 45, 36, 19, 69, 3, 66, 38, 22, 33, 58, 64, 52, 55, 16, 26, 30, 21, 62, 49],
[31, 11, 9, 17, 60, 14, 2, 50, 33, 58, 41, 25, 4, 7, 40, 46, 53, 47, 6, 56, 28, 10, 16, 26, 30, 62, 42],
[34, 57, 35, 51, 8, 55, 20, 13, 22, 38, 54, 65, 39, 48, 3, 0, 50, 43, 17, 10, 16, 26, 62, 42, 15, 11, 68, 9, 49],
[15, 49, 1, 59, 17, 50, 23, 69, 19, 18, 65, 67, 5, 54, 36, 22, 33, 43, 61, 60, 44, 14],
[8, 52, 55, 20, 13, 22, 45, 34, 41, 51, 56, 28, 10, 59, 68, 11, 49, 26, 16, 9],
[24, 62, 42, 49, 9, 31, 11, 1, 16, 55, 20, 33, 22, 19, 18, 32, 37, 5, 54, 36, 41, 34, 51, 56, 8, 10, 17, 44, 60],
[29, 23, 0, 69, 18, 32, 39, 48, 66, 19, 38, 36, 45, 58, 35, 6, 21, 24, 62, 15, 30, 63],
[4, 25, 57, 34, 41, 27, 67, 37, 65, 18, 54, 36, 45, 58, 51, 8, 26, 30, 24, 62, 15, 11, 68, 9, 59, 17, 43, 50, 2, 0],
[67, 37, 32, 39, 48, 29, 69, 38, 18, 54, 66, 3, 23, 50, 17, 59, 1, 49, 26, 16, 55, 52, 64, 51, 58, 33, 20, 10, 8, 56],
[2, 0, 3, 66, 19, 22, 45, 34, 25, 57, 58, 33, 43, 50, 23, 69, 38, 36, 41, 35, 64, 52, 20, 17, 61, 60],
[14, 44, 61, 17, 59, 1, 26, 30, 42, 62, 24, 63, 6, 35, 34, 41, 36, 19, 66, 3, 48, 29, 69, 18, 54, 65, 5, 67, 27, 12],
[14, 44, 17, 55, 8, 56, 6, 47, 7, 40, 46],
[32, 39, 18, 19, 38, 22, 13, 43, 17, 9, 68, 11, 15, 30, 63, 21, 6, 56, 8, 28]]

\
Best Operator Route set string:
\
19-38-22-33-20-17-9-68-11-31*46-40-7-4-25-41-36-38-69-23*26-8-51-58-45-36-54-18-32-39*28-56-51-35-34-45-36-38-19-66*21-63-6-35-41-36-38-3-29-48*40-47-6-56-8-10-17-61-44-14*53-4-25-57-51-64-52-55-10-59*23-50-43-20-55-10-16-26-62-42*63-21-24-62-15-49-26-16-10-55*12-41-58-64-52-10-59-9-68-11*30-26-8-51-34-41-27-67-37-65*68-9-11-31-1-26-8-52-64-35*57-34-41-45-22-13-43-61-60-44*18-65-37-5-54-19-66-3-69-0*27-25-34-35-58-33-13-50-2-0*

\
Best Passenger Route set sting:
\
16-26-1-68-9-11-15-30-21-6-47-53-4-25-12-41-34-58-33-13-43-20-10-52-64-35-57*50-13-20-52-64-35-34-45-36-38-19-54-32-65-67-27-25-57-51-8-26-1-31-11*2-23-50-43-20-10-28-8-56-51-34-45-36-19-69-3-66-38-22-33-58-64-52-55-16-26-30-21-62-49*31-11-9-17-60-14-2-50-33-58-41-25-4-7-40-46-53-47-6-56-28-10-16-26-30-62-42*34-57-35-51-8-55-20-13-22-38-54-65-39-48-3-0-50-43-17-10-16-26-62-42-15-11-68-9-49*15-49-1-59-17-50-23-69-19-18-65-67-5-54-36-22-33-43-61-60-44-14*8-52-55-20-13-22-45-34-41-51-56-28-10-59-68-11-49-26-16-9*24-62-42-49-9-31-11-1-16-55-20-33-22-19-18-32-37-5-54-36-41-34-51-56-8-10-17-44-60*29-23-0-69-18-32-39-48-66-19-38-36-45-58-35-6-21-24-62-15-30-63*4-25-57-34-41-27-67-37-65-18-54-36-45-58-51-8-26-30-24-62-15-11-68-9-59-17-43-50-2-0*67-37-32-39-48-29-69-38-18-54-66-3-23-50-17-59-1-49-26-16-55-52-64-51-58-33-20-10-8-56*2-0-3-66-19-22-45-34-25-57-58-33-43-50-23-69-38-36-41-35-64-52-20-17-61-60*14-44-61-17-59-1-26-30-42-62-24-63-6-35-34-41-36-19-66-3-48-29-69-18-54-65-5-67-27-12*14-44-17-55-8-56-6-47-7-40-46*32-39-18-19-38-22-13-43-17-9-68-11-15-30-63-21-6-56-8-28*