6_2_Mumford0_GA_repair_func RESULTS EVALUATION:
\
HV:0.8013 | BM:0.8087

\
	Operator	Passenger
\
f1_ATT	25.9668		15.5740
\
f2_TRT	99		451
\
d_0	21.6828		67.2639
\
d_1	40.5044		32.5579
\
d_2	26.2158		0.1783
\
d_un	11.5969		0.0000

\
Best Operator Route set:
\
[[3, 9],
[8, 12, 0, 19],
[2, 27],
[0, 26],
[2, 29],
[1, 3],
[20, 24, 4],
[28, 25],
[16, 27, 10, 15, 21],
[6, 13, 0],
[11, 17, 22, 18, 0, 28, 16, 7, 20, 14, 23, 3],
[5, 21]]

\
Best Passenger Route set:
\
[[24, 1, 9],
[13, 18, 0, 17, 11, 3, 9, 23, 4, 7, 16, 6, 21, 10],
[16, 15, 10, 2, 29, 27, 7, 24, 14, 11, 17, 12, 0, 25, 28],
[6, 2, 15, 29, 27, 7, 20, 14, 3, 9],
[3, 4, 24, 20, 7, 25, 22, 18, 0, 26, 8],
[25, 11, 17, 19, 18, 0, 28, 7, 24, 14, 23],
[21, 10, 27, 7, 14, 23, 9, 1, 3, 11, 17, 22, 0, 13],
[8, 12, 18, 13, 6, 15, 10],
[2, 27, 16, 28, 17, 19, 8],
[12, 19, 22, 0, 13, 6, 5, 21, 2, 29],
[3, 1, 23, 20, 7, 16, 6, 5],
[21, 10, 15, 16, 28, 25, 0, 18, 22, 17, 11, 14, 23, 1, 3]]

\
Best Operator Route set string:
\
3-9*8-12-0-19*2-27*0-26*2-29*1-3*20-24-4*28-25*16-27-10-15-21*6-13-0*11-17-22-18-0-28-16-7-20-14-23-3*5-21*

\
Best Passenger Route set sting:
\
24-1-9*13-18-0-17-11-3-9-23-4-7-16-6-21-10*16-15-10-2-29-27-7-24-14-11-17-12-0-25-28*6-2-15-29-27-7-20-14-3-9*3-4-24-20-7-25-22-18-0-26-8*25-11-17-19-18-0-28-7-24-14-23*21-10-27-7-14-23-9-1-3-11-17-22-0-13*8-12-18-13-6-15-10*2-27-16-28-17-19-8*12-19-22-0-13-6-5-21-2-29*3-1-23-20-7-16-6-5*21-10-15-16-28-25-0-18-22-17-11-14-23-1-3*