7_5_Mumford3_GA_Pop_size RESULTS EVALUATION:
\
HV:0.6027 | BM:0.6385

\
	Operator	Passenger
\
f1_ATT	35.7344		28.8121
\
f2_TRT	2330		5495
\
d_0	18.4941		43.2035
\
d_1	54.9446		54.2586
\
d_2	24.9760		2.5237
\
d_un	1.5853		0.0142

\
Best Operator Route set:
\
[[20, 32, 60, 73, 48, 2, 23, 53, 14, 61, 108, 115],
[22, 8, 41, 30, 33, 39, 46, 11, 79, 2, 114, 16],
[84, 110, 87, 61, 14, 53, 23, 37, 79, 97, 48, 73, 60],
[16, 114, 23, 124, 72, 66, 53, 14, 100, 78, 96, 71],
[16, 114, 74, 23, 72, 66, 53, 14, 100, 78, 71, 96],
[104, 58, 63, 80, 9, 72, 124, 49, 2, 48, 73, 60],
[21, 57, 41, 25, 88, 101, 7, 26, 48, 73, 60, 32, 75],
[16, 114, 23, 124, 72, 66, 53, 14, 100, 78, 96, 71],
[71, 96, 100, 14, 53, 66, 80, 63, 58, 105, 43, 98],
[121, 88, 101, 0, 79, 2, 37, 23, 53, 14, 100, 78],
[16, 114, 74, 23, 72, 66, 53, 14, 100, 78, 71, 96],
[16, 114, 23, 124, 72, 66, 53, 14, 100, 71, 96, 78],
[62, 16, 114, 74, 23, 49, 72, 66, 53, 14, 100, 78],
[30, 33, 38, 52, 122, 29, 80, 66, 14, 61, 106, 102],
[16, 114, 74, 23, 72, 66, 53, 14, 100, 96, 71, 78],
[16, 114, 74, 23, 72, 66, 53, 14, 100, 78, 71, 96],
[71, 96, 100, 14, 53, 66, 80, 63, 58, 105, 43, 98],
[16, 114, 23, 124, 72, 66, 53, 14, 100, 78, 96, 71],
[102, 24, 5, 80, 66, 49, 2, 48, 73, 126, 92, 85, 76],
[16, 114, 74, 23, 72, 66, 53, 14, 100, 78, 71, 96],
[58, 63, 80, 66, 72, 49, 2, 48, 73, 126, 92, 85],
[31, 52, 122, 94, 81, 29, 80, 63, 105, 104, 59, 113],
[16, 114, 23, 124, 72, 66, 53, 14, 100, 78, 96, 71],
[16, 114, 23, 124, 72, 66, 53, 14, 100, 78, 96, 71],
[16, 114, 74, 23, 72, 66, 53, 14, 100, 78, 71, 96],
[16, 114, 74, 23, 72, 66, 53, 14, 100, 78, 71, 96],
[114, 74, 23, 72, 70, 66, 53, 14, 100, 78, 71, 96],
[51, 52, 122, 29, 9, 70, 66, 14, 61, 108, 115, 106],
[16, 114, 74, 23, 72, 66, 53, 14, 100, 78, 71, 96],
[19, 32, 60, 55, 16, 114, 78, 71, 3, 12, 56, 34],
[20, 32, 60, 73, 48, 2, 23, 53, 14, 61, 108, 115],
[119, 21, 41, 25, 88, 101, 0, 79, 2, 114, 78, 71],
[62, 16, 114, 74, 23, 49, 72, 66, 53, 14, 100, 78],
[116, 95, 13, 83, 92, 126, 48, 2, 23, 53, 14, 108, 61, 106],
[28, 17, 64, 103, 43, 90, 42, 89, 52, 118, 1, 77, 11, 26],
[120, 93, 82, 88, 39, 31, 51, 89, 42, 90, 43, 103, 4, 111],
[16, 114, 23, 74, 72, 66, 53, 14, 100, 78, 71, 96],
[16, 114, 74, 23, 72, 66, 53, 14, 100, 96, 71, 78],
[95, 13, 83, 92, 126, 48, 2, 23, 53, 14, 108, 61, 106],
[62, 16, 114, 74, 23, 49, 72, 66, 53, 14, 100, 78],
[15, 107, 3, 96, 71, 78, 114, 16, 55, 60, 32, 20, 85],
[18, 109, 69, 43, 59, 89, 51, 31, 39, 88, 82, 44],
[18, 109, 69, 43, 59, 89, 51, 31, 39, 88, 82, 44, 65],
[114, 74, 23, 72, 70, 66, 53, 14, 100, 78, 71, 96],
[16, 114, 23, 124, 72, 66, 53, 14, 100, 78, 96, 71],
[16, 114, 23, 124, 72, 66, 53, 14, 100, 78, 96, 71],
[54, 47, 51, 52, 118, 67, 1, 77, 11, 0, 48, 73, 99],
[71, 96, 100, 14, 53, 66, 80, 63, 58, 105, 43, 90, 98],
[16, 114, 74, 23, 72, 66, 53, 14, 100, 78, 71, 96],
[32, 60, 73, 48, 2, 37, 23, 53, 14, 100, 96, 71],
[38, 51, 52, 122, 29, 9, 70, 66, 14, 61, 108, 115, 106],
[85, 20, 32, 60, 45, 6, 55, 16, 114, 78, 71, 100],
[16, 114, 23, 124, 72, 66, 53, 14, 100, 78, 96, 71],
[16, 114, 74, 23, 72, 66, 53, 14, 100, 78, 71, 96],
[32, 60, 73, 48, 2, 37, 23, 53, 14, 100, 96, 71, 3],
[34, 68, 110, 87, 24, 36, 5, 63, 58, 104, 59, 89],
[13, 50, 40, 26, 11, 1, 27, 81, 29, 5, 24, 117],
[91, 123, 35, 125, 88, 101, 7, 26, 48, 73, 45, 6, 112],
[109, 10, 86, 117, 24, 5, 80, 66, 74, 114, 16, 112],
[62, 16, 114, 74, 23, 49, 72, 66, 53, 14, 100, 78]]

\
Best Passenger Route set:
\
[[92, 83, 50, 65, 116, 82, 88, 39, 31, 89, 113, 90, 103, 111, 28, 17, 43, 109],
[19, 85, 20, 76, 92, 126, 26, 11, 1, 27, 81, 9, 5, 24, 86],
[85, 20, 76, 13, 83, 50, 92, 126, 32, 112, 45, 73, 48, 26, 101, 88, 25, 41, 8, 119, 21, 125, 121, 91],
[10, 117, 86, 109, 103, 4, 43, 90, 113, 89, 31, 39, 88, 82, 44, 95, 13],
[28, 103, 18, 69, 10, 117, 86, 109, 4, 43, 90, 42, 89, 52, 118, 1, 11, 26, 126, 92, 83, 13, 19, 76],
[62, 16, 114, 23, 72, 66, 53, 61, 102, 87, 84, 68, 56, 15, 12, 3, 96, 71, 78, 100, 14, 108, 115, 106],
[85, 20, 76, 13, 95, 82, 88, 39, 38, 31, 51, 89, 59, 104, 18, 86, 10, 109, 4, 69, 43, 103, 98, 113, 42],
[44, 120, 101, 88, 25, 91, 35, 123, 95, 13, 50, 83, 92, 126, 48, 2, 114, 78, 3, 12, 56, 34],
[118, 46, 39, 25, 41, 21, 22, 30, 33, 38, 31, 52, 122, 29, 80, 70, 66, 14, 100, 12, 56, 68],
[34, 68, 110, 87, 24, 36, 5, 63, 58, 104, 59, 89, 52, 51, 38, 54, 31, 33, 30, 25, 39, 46, 67, 81, 80],
[92, 50, 76, 20, 32, 60, 55, 16, 114, 78, 96, 71, 3, 12, 56, 84, 68],
[117, 86, 10, 109, 69, 4, 111, 64, 17, 89, 52, 118, 1, 77, 11, 26, 126, 92, 85, 19, 76, 50, 116, 95, 44],
[121, 88, 30, 41, 33, 31, 52, 122, 29, 80, 66, 53, 14, 61, 115, 108, 87, 24, 36, 5, 63, 105, 42, 17],
[101, 120, 7, 26, 126, 32, 60, 73, 48, 97, 11, 77, 67, 118, 52, 89, 59, 113, 90, 42, 104, 43, 103, 111, 28],
[83, 50, 95, 44, 40, 93, 101, 88, 121, 125, 22, 8, 30, 33, 39, 46, 11, 79, 2, 114, 78, 71, 96, 100, 12],
[51, 38, 30, 57, 22, 8, 41, 25, 88, 101, 7, 26, 48, 73, 45, 6, 112, 62, 16, 114, 74, 72, 23, 53, 14],
[21, 35, 123, 125, 121, 88, 25, 41, 57, 30, 33, 39, 46, 11, 79, 2, 114, 78, 71, 100, 96, 3, 12, 68, 34],
[103, 64, 4, 111, 28, 43, 105, 58, 63, 80, 66, 14, 100, 96, 71, 3, 115],
[103, 18, 104, 59, 89, 51, 31, 39, 88, 93, 116, 50, 83, 76, 85, 75, 60, 73, 45],
[54, 47, 38, 52, 51, 31, 33, 30, 57, 8, 41, 25, 88, 93, 7, 26, 48, 99, 55, 16, 62, 112, 60, 32, 20],
[13, 50, 83, 92, 126, 73, 48, 2, 23, 53, 61, 87, 84, 110, 68],
[63, 80, 9, 66, 14, 100, 12, 15, 107, 3, 96, 71, 78, 114, 2, 79, 0, 101, 88, 121, 25, 30, 31, 52, 38],
[84, 110, 87, 61, 53, 23, 2, 79, 0, 101, 88, 91],
[34, 68, 110, 87, 102, 24, 36, 29, 94, 122, 52, 89, 42, 113, 43, 4, 109, 18, 10, 86, 117],
[77, 0, 11, 46, 118, 67, 27, 29, 5, 24, 117, 10, 69, 43, 59, 89, 31, 33, 30, 22, 119, 8, 57],
[66, 53, 14, 108, 61, 87, 24, 117, 86, 109, 4, 43, 113, 42, 89, 52, 27, 1, 77, 0, 48, 73, 60, 75, 20],
[35, 125, 88, 30, 39, 38, 51, 54, 47, 31, 52, 118, 1, 11, 79, 97, 48, 73, 60, 75, 32, 45, 6, 112, 62],
[119, 21, 57, 22, 8, 41, 25, 88, 101, 0, 79, 2, 114, 78, 96, 71, 100, 3, 15, 107, 56, 12, 68, 34],
[68, 34, 56, 12, 3, 78, 114, 2, 79, 0, 120, 44],
[10, 69, 103, 4, 109, 18, 104, 105, 63, 80, 66, 49, 2, 48, 73, 60, 32, 20, 19, 50, 83, 92, 40, 116, 44],
[78, 12, 68, 110, 87, 106, 108, 61, 14, 53, 23, 2, 79, 0, 101, 88, 91, 123, 35, 8, 22, 21, 41, 33],
[31, 51, 47, 54, 38, 30, 22, 8, 119, 21, 125, 88, 101, 0, 79, 2, 114, 78, 96, 71, 3, 56, 12, 107],
[70, 124, 9, 81, 94, 27, 118, 46, 39, 38, 31, 51, 89, 52, 122, 29, 36, 24, 87, 110, 68, 34, 56],
[37, 74, 2, 97, 48, 73, 60, 55, 16, 114, 23, 49, 72, 9, 63, 105, 43, 103, 111, 64, 28, 17, 89, 42, 59],
[13, 50, 40, 7, 11, 1, 118, 52, 89, 113, 43, 98, 90, 17, 64, 4, 103, 69, 10, 109, 18],
[38, 54, 47, 51, 52, 122, 94, 29, 80, 66, 53, 14, 100, 3, 107, 15, 12, 56, 68, 110, 84],
[44, 93, 40, 50, 76, 20, 75, 60, 73, 48, 2, 49, 72, 124, 9, 80, 63, 58, 105, 42, 17, 43, 103, 111],
[116, 101, 88, 25, 41, 8, 30, 33, 31, 51, 52, 122, 29, 5, 24, 87, 110, 84, 68, 3, 107, 15, 56, 34],
[19, 32, 60, 73, 48, 2, 37, 23, 53, 61, 108, 102, 24, 5, 58, 105, 43, 90],
[121, 125, 22, 35, 91, 88, 101, 0, 79, 2, 49, 66, 53, 61, 115, 106, 108, 14, 72, 124, 70, 80, 36, 5, 24],
[47, 51, 52, 122, 29, 5, 24, 87, 110, 68, 12, 100, 14, 66],
[63, 36, 24, 102, 87, 108, 14, 53, 23, 114, 16, 55],
[39, 30, 25, 91, 88, 101, 26, 7, 40, 116, 65, 44, 82, 93, 120, 0, 97, 37, 23, 53, 14, 108, 87, 84, 110],
[110, 84, 68, 34, 56, 12, 15, 3, 78, 114, 2, 79, 0, 26, 40, 95, 123, 125, 121, 88, 25, 30, 54, 31, 51],
[126, 32, 20, 92, 83, 13, 50, 40, 7, 11, 1, 27, 29, 5, 36, 24, 86, 18, 104, 59, 113, 43, 90, 42, 17],
[24, 86, 10, 117, 18, 103, 43, 90, 113, 89, 51, 52, 118, 1, 11, 0, 26, 126, 48, 99, 55, 16, 112, 60, 75],
[116, 95, 50, 83, 92, 40, 65, 44, 82, 88, 39, 31, 51, 89, 42, 113, 43, 69, 109, 4, 18, 10, 86, 117],
[26, 11, 77, 1, 118, 52, 51, 47, 31, 30, 8, 119, 21, 57, 41, 22, 125, 88, 93, 44],
[0, 120, 116, 50, 19, 75, 60, 73, 45, 55, 16, 114, 74, 66, 80, 63, 105, 104, 18, 109, 69, 4, 10, 117, 86],
[34, 68, 56, 12, 107, 3, 100, 14, 53, 66, 80, 63, 58, 104, 43, 98, 90, 103, 28, 64, 111, 69, 4, 109, 18],
[109, 69, 43, 42, 89, 31, 39, 88, 93, 40, 50, 83, 92, 126, 26, 7, 101, 116, 65],
[123, 35, 91, 25, 41, 8, 21, 22, 30, 38, 31, 51, 52, 122, 94, 29, 5, 24, 87, 110, 84, 68, 34, 56, 15],
[60, 6, 45, 73, 48, 2, 49, 124, 9, 63, 105, 104, 18, 109, 43, 42, 89, 52, 38, 30, 88, 121, 91, 125, 21],
[109, 69, 43, 42, 89, 52, 118, 1, 77, 11, 26, 126],
[64, 43, 104, 105, 63, 80, 9, 72, 23, 37, 2, 79, 0, 101, 88, 121, 125, 91, 25, 33, 30, 38, 52, 122, 81],
[38, 30, 25, 121, 91, 88, 39, 31, 89, 52, 122, 29, 80, 66, 14, 100, 71, 96, 3, 107, 56, 15, 12, 68],
[24, 87, 84, 56, 107, 15, 3, 100, 14, 53, 66, 80, 5, 63, 58, 104, 43, 98, 17, 59, 113],
[115, 106, 102, 24, 117, 86, 10, 109, 69, 111, 28, 64, 43, 104, 58, 63, 80, 66, 74, 114, 16, 112, 6, 45, 55],
[88, 39, 31, 54, 51, 52, 118, 67, 11, 79, 2, 114, 16, 62, 112],
[43, 69, 4, 10, 86, 24, 36, 9, 72, 49, 2, 48, 126, 92, 83, 13, 95, 44, 65, 40, 93, 120, 101]]

\
Best Operator Route set string:
\
20-32-60-73-48-2-23-53-14-61-108-115*22-8-41-30-33-39-46-11-79-2-114-16*84-110-87-61-14-53-23-37-79-97-48-73-60*16-114-23-124-72-66-53-14-100-78-96-71*16-114-74-23-72-66-53-14-100-78-71-96*104-58-63-80-9-72-124-49-2-48-73-60*21-57-41-25-88-101-7-26-48-73-60-32-75*16-114-23-124-72-66-53-14-100-78-96-71*71-96-100-14-53-66-80-63-58-105-43-98*121-88-101-0-79-2-37-23-53-14-100-78*16-114-74-23-72-66-53-14-100-78-71-96*16-114-23-124-72-66-53-14-100-71-96-78*62-16-114-74-23-49-72-66-53-14-100-78*30-33-38-52-122-29-80-66-14-61-106-102*16-114-74-23-72-66-53-14-100-96-71-78*16-114-74-23-72-66-53-14-100-78-71-96*71-96-100-14-53-66-80-63-58-105-43-98*16-114-23-124-72-66-53-14-100-78-96-71*102-24-5-80-66-49-2-48-73-126-92-85-76*16-114-74-23-72-66-53-14-100-78-71-96*58-63-80-66-72-49-2-48-73-126-92-85*31-52-122-94-81-29-80-63-105-104-59-113*16-114-23-124-72-66-53-14-100-78-96-71*16-114-23-124-72-66-53-14-100-78-96-71*16-114-74-23-72-66-53-14-100-78-71-96*16-114-74-23-72-66-53-14-100-78-71-96*114-74-23-72-70-66-53-14-100-78-71-96*51-52-122-29-9-70-66-14-61-108-115-106*16-114-74-23-72-66-53-14-100-78-71-96*19-32-60-55-16-114-78-71-3-12-56-34*20-32-60-73-48-2-23-53-14-61-108-115*119-21-41-25-88-101-0-79-2-114-78-71*62-16-114-74-23-49-72-66-53-14-100-78*116-95-13-83-92-126-48-2-23-53-14-108-61-106*28-17-64-103-43-90-42-89-52-118-1-77-11-26*120-93-82-88-39-31-51-89-42-90-43-103-4-111*16-114-23-74-72-66-53-14-100-78-71-96*16-114-74-23-72-66-53-14-100-96-71-78*95-13-83-92-126-48-2-23-53-14-108-61-106*62-16-114-74-23-49-72-66-53-14-100-78*15-107-3-96-71-78-114-16-55-60-32-20-85*18-109-69-43-59-89-51-31-39-88-82-44*18-109-69-43-59-89-51-31-39-88-82-44-65*114-74-23-72-70-66-53-14-100-78-71-96*16-114-23-124-72-66-53-14-100-78-96-71*16-114-23-124-72-66-53-14-100-78-96-71*54-47-51-52-118-67-1-77-11-0-48-73-99*71-96-100-14-53-66-80-63-58-105-43-90-98*16-114-74-23-72-66-53-14-100-78-71-96*32-60-73-48-2-37-23-53-14-100-96-71*38-51-52-122-29-9-70-66-14-61-108-115-106*85-20-32-60-45-6-55-16-114-78-71-100*16-114-23-124-72-66-53-14-100-78-96-71*16-114-74-23-72-66-53-14-100-78-71-96*32-60-73-48-2-37-23-53-14-100-96-71-3*34-68-110-87-24-36-5-63-58-104-59-89*13-50-40-26-11-1-27-81-29-5-24-117*91-123-35-125-88-101-7-26-48-73-45-6-112*109-10-86-117-24-5-80-66-74-114-16-112*62-16-114-74-23-49-72-66-53-14-100-78*

\
Best Passenger Route set sting:
\
92-83-50-65-116-82-88-39-31-89-113-90-103-111-28-17-43-109*19-85-20-76-92-126-26-11-1-27-81-9-5-24-86*85-20-76-13-83-50-92-126-32-112-45-73-48-26-101-88-25-41-8-119-21-125-121-91*10-117-86-109-103-4-43-90-113-89-31-39-88-82-44-95-13*28-103-18-69-10-117-86-109-4-43-90-42-89-52-118-1-11-26-126-92-83-13-19-76*62-16-114-23-72-66-53-61-102-87-84-68-56-15-12-3-96-71-78-100-14-108-115-106*85-20-76-13-95-82-88-39-38-31-51-89-59-104-18-86-10-109-4-69-43-103-98-113-42*44-120-101-88-25-91-35-123-95-13-50-83-92-126-48-2-114-78-3-12-56-34*118-46-39-25-41-21-22-30-33-38-31-52-122-29-80-70-66-14-100-12-56-68*34-68-110-87-24-36-5-63-58-104-59-89-52-51-38-54-31-33-30-25-39-46-67-81-80*92-50-76-20-32-60-55-16-114-78-96-71-3-12-56-84-68*117-86-10-109-69-4-111-64-17-89-52-118-1-77-11-26-126-92-85-19-76-50-116-95-44*121-88-30-41-33-31-52-122-29-80-66-53-14-61-115-108-87-24-36-5-63-105-42-17*101-120-7-26-126-32-60-73-48-97-11-77-67-118-52-89-59-113-90-42-104-43-103-111-28*83-50-95-44-40-93-101-88-121-125-22-8-30-33-39-46-11-79-2-114-78-71-96-100-12*51-38-30-57-22-8-41-25-88-101-7-26-48-73-45-6-112-62-16-114-74-72-23-53-14*21-35-123-125-121-88-25-41-57-30-33-39-46-11-79-2-114-78-71-100-96-3-12-68-34*103-64-4-111-28-43-105-58-63-80-66-14-100-96-71-3-115*103-18-104-59-89-51-31-39-88-93-116-50-83-76-85-75-60-73-45*54-47-38-52-51-31-33-30-57-8-41-25-88-93-7-26-48-99-55-16-62-112-60-32-20*13-50-83-92-126-73-48-2-23-53-61-87-84-110-68*63-80-9-66-14-100-12-15-107-3-96-71-78-114-2-79-0-101-88-121-25-30-31-52-38*84-110-87-61-53-23-2-79-0-101-88-91*34-68-110-87-102-24-36-29-94-122-52-89-42-113-43-4-109-18-10-86-117*77-0-11-46-118-67-27-29-5-24-117-10-69-43-59-89-31-33-30-22-119-8-57*66-53-14-108-61-87-24-117-86-109-4-43-113-42-89-52-27-1-77-0-48-73-60-75-20*35-125-88-30-39-38-51-54-47-31-52-118-1-11-79-97-48-73-60-75-32-45-6-112-62*119-21-57-22-8-41-25-88-101-0-79-2-114-78-96-71-100-3-15-107-56-12-68-34*68-34-56-12-3-78-114-2-79-0-120-44*10-69-103-4-109-18-104-105-63-80-66-49-2-48-73-60-32-20-19-50-83-92-40-116-44*78-12-68-110-87-106-108-61-14-53-23-2-79-0-101-88-91-123-35-8-22-21-41-33*31-51-47-54-38-30-22-8-119-21-125-88-101-0-79-2-114-78-96-71-3-56-12-107*70-124-9-81-94-27-118-46-39-38-31-51-89-52-122-29-36-24-87-110-68-34-56*37-74-2-97-48-73-60-55-16-114-23-49-72-9-63-105-43-103-111-64-28-17-89-42-59*13-50-40-7-11-1-118-52-89-113-43-98-90-17-64-4-103-69-10-109-18*38-54-47-51-52-122-94-29-80-66-53-14-100-3-107-15-12-56-68-110-84*44-93-40-50-76-20-75-60-73-48-2-49-72-124-9-80-63-58-105-42-17-43-103-111*116-101-88-25-41-8-30-33-31-51-52-122-29-5-24-87-110-84-68-3-107-15-56-34*19-32-60-73-48-2-37-23-53-61-108-102-24-5-58-105-43-90*121-125-22-35-91-88-101-0-79-2-49-66-53-61-115-106-108-14-72-124-70-80-36-5-24*47-51-52-122-29-5-24-87-110-68-12-100-14-66*63-36-24-102-87-108-14-53-23-114-16-55*39-30-25-91-88-101-26-7-40-116-65-44-82-93-120-0-97-37-23-53-14-108-87-84-110*110-84-68-34-56-12-15-3-78-114-2-79-0-26-40-95-123-125-121-88-25-30-54-31-51*126-32-20-92-83-13-50-40-7-11-1-27-29-5-36-24-86-18-104-59-113-43-90-42-17*24-86-10-117-18-103-43-90-113-89-51-52-118-1-11-0-26-126-48-99-55-16-112-60-75*116-95-50-83-92-40-65-44-82-88-39-31-51-89-42-113-43-69-109-4-18-10-86-117*26-11-77-1-118-52-51-47-31-30-8-119-21-57-41-22-125-88-93-44*0-120-116-50-19-75-60-73-45-55-16-114-74-66-80-63-105-104-18-109-69-4-10-117-86*34-68-56-12-107-3-100-14-53-66-80-63-58-104-43-98-90-103-28-64-111-69-4-109-18*109-69-43-42-89-31-39-88-93-40-50-83-92-126-26-7-101-116-65*123-35-91-25-41-8-21-22-30-38-31-51-52-122-94-29-5-24-87-110-84-68-34-56-15*60-6-45-73-48-2-49-124-9-63-105-104-18-109-43-42-89-52-38-30-88-121-91-125-21*109-69-43-42-89-52-118-1-77-11-26-126*64-43-104-105-63-80-9-72-23-37-2-79-0-101-88-121-125-91-25-33-30-38-52-122-81*38-30-25-121-91-88-39-31-89-52-122-29-80-66-14-100-71-96-3-107-56-15-12-68*24-87-84-56-107-15-3-100-14-53-66-80-5-63-58-104-43-98-17-59-113*115-106-102-24-117-86-10-109-69-111-28-64-43-104-58-63-80-66-74-114-16-112-6-45-55*88-39-31-54-51-52-118-67-11-79-2-114-16-62-112*43-69-4-10-86-24-36-9-72-49-2-48-126-92-83-13-95-44-65-40-93-120-101*