2_3_Mumford1_GA_Crossover RESULTS EVALUATION:
\
HV:0.7659 | BM:0.7758

\
	Operator	Passenger
\
f1_ATT	33.1712		23.9796
\
f2_TRT	466		907
\
d_0	19.3166		41.2098
\
d_1	36.0254		55.7739
\
d_2	32.2729		3.0163
\
d_un	12.3852		0.0000

\
Best Operator Route set:
\
[[14, 44, 60, 61, 17, 10, 16, 26, 1, 68, 9],
[20, 13, 22, 38, 19, 66, 3, 69, 23, 2],
[37, 65, 5, 67, 27, 25, 4, 7, 40, 46],
[10, 55, 20, 33, 22, 38, 19, 54, 5, 37],
[0, 2, 50, 43, 20, 52, 64, 58, 34, 41],
[56, 51, 35, 57, 34, 45, 36, 54, 18, 39],
[6, 63, 21, 24, 30, 26, 49, 15, 42, 62],
[25, 12, 41, 45, 36, 38, 19, 66, 3, 29],
[48, 29, 3, 66, 19, 38, 36, 54, 18, 32],
[63, 21, 24, 30, 26, 1, 31, 11, 9, 68],
[63, 21, 24, 30, 26, 1, 31, 11, 9, 68],
[39, 18, 54, 36, 38, 19, 66, 3, 29, 48],
[46, 40, 53, 47, 6, 56, 8, 28, 10, 59],
[39, 18, 54, 36, 38, 19, 66, 3, 29, 48],
[56, 51, 35, 57, 34, 45, 36, 54, 18, 32]]

\
Best Passenger Route set:
\
[[48, 29, 69, 23, 50, 43, 20, 10, 16, 26, 30, 24, 21, 6, 35, 41],
[68, 9, 59, 10, 28, 56, 6, 47, 7, 4, 25, 34, 51, 64, 52, 20, 17, 61, 14],
[27, 12, 40, 46, 53, 47, 6, 56, 8, 10, 17, 61, 44, 60, 14, 2, 0, 69, 18, 5, 37, 65, 39, 32],
[61, 43, 13, 33, 58, 34, 57, 25, 12, 41, 45, 36, 19, 66, 3, 29, 69],
[11, 31, 1, 26, 8, 28, 56, 51, 34, 45, 36, 54, 18, 39, 48, 66, 38, 3],
[19, 18, 54, 36, 45, 58, 64, 52, 55, 10, 16, 26, 30, 63, 6],
[0, 50, 33, 22, 45, 34, 35, 6, 63, 24, 62, 42, 30],
[43, 50, 23, 69, 3, 66, 19, 22, 33, 20, 55, 16, 1, 59, 9, 11],
[9, 49, 26, 8, 51, 41, 27, 67, 37, 65],
[53, 40, 7, 4, 25, 27, 67, 5, 54, 38, 22, 33, 20, 17, 59, 9, 68, 11, 31],
[5, 65, 54, 36, 45, 58, 64, 52, 8, 26, 1, 11],
[42, 15, 49, 26, 8, 51, 35, 34, 41, 45, 36, 54, 32],
[53, 46, 7, 4, 25, 12, 41, 45, 22, 33, 50, 2, 23],
[5, 37, 32, 18, 54, 19, 38, 22, 13, 43, 61, 60, 17],
[3, 29, 69, 23, 50, 43, 17, 59, 1, 49, 15, 42, 62, 26]]

\
Best Operator Route set string:
\
14-44-60-61-17-10-16-26-1-68-9*20-13-22-38-19-66-3-69-23-2*37-65-5-67-27-25-4-7-40-46*10-55-20-33-22-38-19-54-5-37*0-2-50-43-20-52-64-58-34-41*56-51-35-57-34-45-36-54-18-39*6-63-21-24-30-26-49-15-42-62*25-12-41-45-36-38-19-66-3-29*48-29-3-66-19-38-36-54-18-32*63-21-24-30-26-1-31-11-9-68*63-21-24-30-26-1-31-11-9-68*39-18-54-36-38-19-66-3-29-48*46-40-53-47-6-56-8-28-10-59*39-18-54-36-38-19-66-3-29-48*56-51-35-57-34-45-36-54-18-32*

\
Best Passenger Route set sting:
\
48-29-69-23-50-43-20-10-16-26-30-24-21-6-35-41*68-9-59-10-28-56-6-47-7-4-25-34-51-64-52-20-17-61-14*27-12-40-46-53-47-6-56-8-10-17-61-44-60-14-2-0-69-18-5-37-65-39-32*61-43-13-33-58-34-57-25-12-41-45-36-19-66-3-29-69*11-31-1-26-8-28-56-51-34-45-36-54-18-39-48-66-38-3*19-18-54-36-45-58-64-52-55-10-16-26-30-63-6*0-50-33-22-45-34-35-6-63-24-62-42-30*43-50-23-69-3-66-19-22-33-20-55-16-1-59-9-11*9-49-26-8-51-41-27-67-37-65*53-40-7-4-25-27-67-5-54-38-22-33-20-17-59-9-68-11-31*5-65-54-36-45-58-64-52-8-26-1-11*42-15-49-26-8-51-35-34-41-45-36-54-32*53-46-7-4-25-12-41-45-22-33-50-2-23*5-37-32-18-54-19-38-22-13-43-61-60-17*3-29-69-23-50-43-17-59-1-49-15-42-62-26*