8_4_Mumford2_GA_Crossover_prob RESULTS EVALUATION:
\
HV:0.6512 | BM:0.6490

\
	Operator	Passenger
\
f1_ATT	31.9829		26.1084
\
f2_TRT	1835		4904
\
d_0	17.5418		47.0338
\
d_1	55.8844		50.9447
\
d_2	24.4295		2.0215
\
d_un	2.1442		0.0000

\
Best Operator Route set:
\
[[23, 9, 18, 98, 67, 93, 100, 52, 7, 25],
[64, 11, 89, 52, 91, 90, 53, 63, 38, 80],
[51, 86, 28, 59, 68, 95, 17, 56, 87, 97],
[13, 32, 59, 27, 94, 83, 15, 35, 91, 49],
[70, 103, 62, 53, 63, 45, 55, 39, 65, 78],
[48, 72, 92, 67, 98, 93, 35, 8, 12, 74],
[58, 38, 63, 53, 8, 90, 49, 91, 52, 89],
[75, 17, 65, 39, 55, 45, 63, 53, 90, 91],
[23, 19, 22, 85, 81, 105, 94, 101, 55, 39],
[5, 42, 73, 89, 52, 49, 91, 90, 8, 53],
[13, 32, 59, 27, 101, 55, 63, 12, 16, 41],
[38, 63, 53, 8, 90, 49, 91, 52, 89, 109],
[38, 63, 53, 8, 90, 49, 91, 52, 89, 109],
[13, 32, 27, 105, 94, 83, 34, 35, 91, 49],
[47, 12, 62, 8, 90, 91, 49, 52, 89, 73],
[91, 49, 90, 8, 63, 55, 39, 17, 20, 50],
[80, 38, 63, 8, 90, 91, 49, 52, 89, 73],
[42, 96, 64, 92, 9, 23, 19, 102, 88, 71],
[26, 44, 92, 67, 18, 93, 35, 8, 62, 12],
[87, 55, 101, 94, 6, 85, 19, 33, 99, 69],
[38, 53, 8, 90, 91, 52, 89, 64, 36, 108],
[91, 49, 90, 8, 63, 55, 39, 17, 95, 20],
[52, 91, 49, 90, 8, 63, 55, 39, 17, 95],
[28, 86, 51, 31, 33, 82, 26, 43, 30, 29],
[104, 84, 7, 49, 91, 35, 15, 83, 94, 105],
[16, 12, 8, 90, 91, 52, 89, 64, 36, 108],
[38, 63, 53, 8, 90, 49, 91, 52, 89, 109],
[69, 99, 33, 19, 9, 18, 100, 91, 49, 90],
[51, 86, 28, 21, 68, 95, 17, 56, 87, 0],
[4, 36, 64, 11, 89, 52, 49, 91, 90, 8],
[13, 32, 27, 105, 94, 83, 34, 35, 91, 49],
[61, 56, 65, 17, 95, 59, 21, 86, 51, 88],
[107, 5, 42, 73, 89, 52, 49, 91, 8, 53],
[80, 38, 63, 8, 90, 91, 49, 52, 89, 106],
[13, 32, 59, 27, 101, 55, 63, 12, 16, 41],
[60, 12, 62, 8, 90, 91, 49, 52, 89, 73],
[10, 52, 100, 18, 66, 3, 54, 6, 86, 46],
[5, 42, 73, 89, 52, 49, 91, 90, 8, 53],
[4, 36, 64, 11, 89, 52, 100, 91, 90, 8],
[30, 43, 72, 79, 64, 73, 106, 57, 40, 37],
[80, 38, 63, 8, 90, 91, 49, 52, 89, 106],
[106, 73, 89, 52, 91, 49, 90, 53, 63, 38],
[108, 36, 64, 11, 89, 52, 49, 91, 90, 8],
[28, 21, 27, 101, 55, 45, 63, 12, 16, 41],
[91, 49, 90, 8, 63, 55, 39, 17, 95, 50],
[24, 6, 81, 105, 94, 101, 55, 87, 0, 1],
[55, 45, 63, 53, 8, 90, 91, 52, 89, 109],
[55, 45, 63, 53, 8, 90, 91, 52, 89, 109],
[61, 56, 65, 17, 95, 59, 21, 86, 51, 88],
[51, 86, 28, 21, 68, 95, 17, 56, 87, 97],
[60, 12, 62, 8, 90, 91, 49, 52, 89, 73],
[97, 80, 38, 63, 8, 90, 49, 52, 89, 73],
[27, 101, 55, 63, 53, 62, 103, 70, 25, 104],
[77, 4, 36, 64, 11, 89, 52, 49, 91, 90],
[80, 38, 63, 2, 15, 54, 22, 31, 14, 76],
[70, 103, 62, 53, 63, 45, 55, 39, 65, 78]]

\
Best Passenger Route set:
\
[[83, 3, 15, 66, 22, 85, 19, 31, 23, 9, 18, 67, 93, 35, 8, 62, 103, 41, 74, 60, 16, 12],
[42, 57, 10, 7, 40, 25, 70, 103, 12, 63, 55, 39, 17, 75, 50, 95, 27, 59, 21, 28, 86],
[47, 60, 12, 16, 74, 38, 45, 63, 55, 101, 94, 105, 81, 6, 22, 19, 33, 99, 69, 76, 14],
[72, 44, 43, 30, 29, 26, 82, 19, 22, 85, 94, 105, 27, 59, 32, 13, 68, 95, 50, 65, 39, 55],
[45, 38, 12, 74, 60, 16, 47, 62, 8, 90, 49, 52, 89, 11, 5, 77, 4, 107, 36, 108, 79],
[75, 20, 68, 95, 50, 13, 32, 59, 27, 105, 83, 15, 34, 93, 100, 52, 89, 11, 96, 73, 64, 109],
[46, 21, 86, 28, 13, 68, 75, 20, 50, 95, 27, 105, 83, 34, 18, 92, 64, 36, 108, 5, 107, 77],
[87, 56, 65, 78, 17, 75, 50, 95, 27, 94, 85, 19, 82, 44, 72, 43, 30, 69, 99],
[7, 84, 37, 40, 57, 10, 52, 91, 49, 90, 8, 63, 55, 39, 17, 75, 20, 95, 50, 65, 78, 0],
[71, 102, 24, 19, 82, 99, 14, 76, 31, 23, 9, 18, 100, 52, 7, 84, 104, 25, 70, 103, 16, 41],
[65, 78, 95, 20, 17, 39, 55, 63, 53, 8, 90, 91, 52, 89, 73, 79, 36, 108, 5, 42, 96],
[99, 69, 43, 26, 82, 19, 22, 6, 81, 105, 94, 27, 59, 28, 13, 32, 17, 50, 95, 68],
[42, 106, 57, 40, 37, 84, 7, 52, 100, 93, 3, 54, 85, 6, 86, 28, 21, 13, 32, 95, 68, 17],
[20, 50, 95, 27, 21, 28, 46, 86, 6, 85, 54, 15, 35, 91, 49, 7, 104, 40, 25, 70, 84],
[17, 95, 50, 13, 32, 68, 21, 28, 86, 51, 102, 19, 82, 44, 48, 107, 77, 5, 11, 89, 106, 42],
[36, 5, 42, 11, 96, 73, 89, 52, 91, 90, 8, 53, 63, 55, 39, 78, 17, 68, 95, 20, 50, 32],
[55, 39, 65, 61, 1, 0, 87, 38, 53, 90, 49, 52, 89, 96, 42, 5, 36, 4, 108, 107, 77],
[32, 95, 50, 68, 21, 28, 86, 6, 85, 54, 3, 9, 92, 64, 96, 42, 5, 77, 107, 108, 36, 48],
[7, 10, 40, 57, 106, 73, 64, 92, 18, 66, 3, 6, 86, 51, 88, 71, 31, 22, 19, 82, 99, 76],
[97, 1, 56, 39, 65, 61, 0, 87, 45, 2, 15, 34, 18, 67, 98, 3, 54, 85, 6, 81, 86, 21],
[102, 88, 71, 51, 86, 28, 59, 27, 101, 55, 38, 74, 47, 103, 62, 90, 35, 93, 100, 67, 98, 18],
[42, 11, 109, 89, 64, 79, 48, 107, 4, 77, 5, 36, 108, 72, 44, 82, 33, 31, 102, 71, 51, 88],
[102, 24, 86, 28, 21, 59, 27, 101, 55, 80, 58, 74, 60, 47, 41, 12, 62, 53, 90, 49, 8, 35],
[55, 39, 78, 65, 56, 0, 87, 97, 58, 74, 12, 62, 8, 90, 91, 49, 52, 89, 106, 73, 96, 11],
[29, 30, 43, 26, 44, 92, 18, 93, 35, 8, 53, 62, 103, 41, 70, 16, 74, 58, 97, 1],
[44, 72, 108, 5, 42, 73, 89, 52, 49, 35, 83, 94, 27, 59, 68, 95, 20, 50, 17, 39, 78, 65],
[37, 40, 57, 42, 106, 73, 109, 89, 52, 49, 91, 90, 53, 63, 55, 101, 27, 105, 83, 34, 66],
[31, 88, 102, 14, 76, 69, 99, 33, 19, 22, 54, 15, 2, 45, 38, 80, 97, 87, 56, 61, 0, 1],
[77, 5, 108, 4, 107, 36, 64, 89, 52, 49, 90, 53, 63, 38, 58, 97, 80, 0, 1, 87, 39, 55],
[56, 17, 68, 50, 95, 20, 32, 59, 21, 27, 105, 83, 15, 18, 92, 72, 48, 107, 108, 36, 79, 64],
[73, 96, 64, 11, 89, 52, 91, 90, 8, 63, 38, 87, 56, 65, 50, 17, 39, 55, 80, 97, 0, 78],
[89, 109, 11, 42, 57, 106, 73, 96, 64, 92, 9, 23, 31, 88, 71, 102, 33, 99, 69, 43, 30],
[29, 43, 26, 44, 92, 67, 18, 15, 2, 63, 38, 80, 0, 61, 56, 65, 78, 17, 50, 95, 20],
[39, 17, 27, 59, 32, 21, 28, 86, 71, 88, 51, 31, 19, 9, 18, 100, 52, 7, 84, 104, 25],
[18, 92, 48, 44, 30, 69, 14, 33, 19, 22, 54, 15, 2, 63, 38, 58, 60, 12, 62, 91, 90, 49],
[82, 23, 31, 14, 69, 99, 33, 19, 22, 6, 81, 94, 27, 17, 78, 0, 39, 56, 87, 97, 58, 74],
[28, 21, 32, 13, 50, 95, 27, 94, 105, 83, 15, 34, 18, 92, 64, 96, 11, 79, 108, 36, 107, 77],
[56, 1, 0, 87, 55, 45, 2, 15, 18, 92, 44, 30, 43, 72, 108, 36, 107, 48, 79, 64, 109],
[86, 46, 28, 21, 32, 13, 50, 68, 59, 27, 94, 83, 34, 18, 92, 64, 36, 107, 77, 4, 108],
[20, 68, 32, 95, 27, 59, 28, 21, 46, 86, 6, 85, 54, 3, 93, 100, 52, 10, 104, 41, 60, 58],
[46, 28, 59, 95, 17, 39, 65, 56, 87, 55, 45, 2, 15, 18, 92, 64, 36, 108, 107, 77],
[37, 104, 70, 16, 12, 8, 35, 15, 54, 24, 102, 88, 71, 86, 81, 94, 83, 2, 45, 87],
[91, 49, 7, 70, 16, 74, 47, 12, 62, 8, 35, 34, 3, 19, 33, 99, 69, 14, 102, 51, 46, 86],
[16, 74, 60, 47, 41, 12, 62, 8, 35, 15, 3, 19, 33, 99, 69, 30, 26, 72, 44, 92, 67, 18],
[104, 84, 37, 10, 40, 7, 25, 70, 103, 62, 53, 63, 55, 101, 27, 21, 28, 46, 51, 86, 24, 19],
[66, 3, 81, 94, 101, 55, 63, 38, 80, 87, 97, 1, 56, 65, 17, 95, 59, 21, 86, 51, 88, 71],
[37, 25, 70, 10, 40, 57, 106, 89, 73, 79, 72, 43, 30, 69, 99, 14, 76, 33, 23, 19, 22, 54],
[31, 33, 19, 102, 88, 71, 51, 86, 28, 21, 27, 101, 55, 87, 80, 58, 74, 60, 12, 62, 47],
[1, 87, 38, 63, 8, 90, 49, 7, 52, 89, 109, 64, 73, 79, 48, 36, 72, 44, 82, 99],
[48, 79, 108, 4, 36, 64, 89, 52, 49, 90, 62, 53, 38, 87, 45, 63, 8, 91, 100, 93, 66],
[38, 55, 45, 80, 87, 0, 1, 61, 65, 17, 27, 94, 105, 81, 6, 24, 31, 76, 14, 69, 30, 43],
[26, 72, 108, 107, 36, 64, 11, 89, 52, 49, 90, 8, 63, 38, 80, 58, 74, 12, 60, 47, 41, 70],
[99, 69, 76, 14, 33, 23, 9, 18, 100, 52, 7, 25, 84, 104, 10, 57, 42, 89, 73, 64, 79, 48],
[25, 70, 41, 60, 74, 16, 47, 12, 62, 8, 35, 34, 3, 22, 31, 51, 71, 88, 102, 24, 85, 54],
[62, 12, 41, 47, 16, 103, 7, 37, 40, 10, 52, 100, 18, 9, 19, 102, 88, 71, 51, 31, 24, 54],
[61, 56, 39, 65, 17, 75, 50, 13, 32, 27, 94, 83, 15, 18, 92, 64, 36, 107, 4, 108, 72]]

\
Best Operator Route set string:
\
23-9-18-98-67-93-100-52-7-25*64-11-89-52-91-90-53-63-38-80*51-86-28-59-68-95-17-56-87-97*13-32-59-27-94-83-15-35-91-49*70-103-62-53-63-45-55-39-65-78*48-72-92-67-98-93-35-8-12-74*58-38-63-53-8-90-49-91-52-89*75-17-65-39-55-45-63-53-90-91*23-19-22-85-81-105-94-101-55-39*5-42-73-89-52-49-91-90-8-53*13-32-59-27-101-55-63-12-16-41*38-63-53-8-90-49-91-52-89-109*38-63-53-8-90-49-91-52-89-109*13-32-27-105-94-83-34-35-91-49*47-12-62-8-90-91-49-52-89-73*91-49-90-8-63-55-39-17-20-50*80-38-63-8-90-91-49-52-89-73*42-96-64-92-9-23-19-102-88-71*26-44-92-67-18-93-35-8-62-12*87-55-101-94-6-85-19-33-99-69*38-53-8-90-91-52-89-64-36-108*91-49-90-8-63-55-39-17-95-20*52-91-49-90-8-63-55-39-17-95*28-86-51-31-33-82-26-43-30-29*104-84-7-49-91-35-15-83-94-105*16-12-8-90-91-52-89-64-36-108*38-63-53-8-90-49-91-52-89-109*69-99-33-19-9-18-100-91-49-90*51-86-28-21-68-95-17-56-87-0*4-36-64-11-89-52-49-91-90-8*13-32-27-105-94-83-34-35-91-49*61-56-65-17-95-59-21-86-51-88*107-5-42-73-89-52-49-91-8-53*80-38-63-8-90-91-49-52-89-106*13-32-59-27-101-55-63-12-16-41*60-12-62-8-90-91-49-52-89-73*10-52-100-18-66-3-54-6-86-46*5-42-73-89-52-49-91-90-8-53*4-36-64-11-89-52-100-91-90-8*30-43-72-79-64-73-106-57-40-37*80-38-63-8-90-91-49-52-89-106*106-73-89-52-91-49-90-53-63-38*108-36-64-11-89-52-49-91-90-8*28-21-27-101-55-45-63-12-16-41*91-49-90-8-63-55-39-17-95-50*24-6-81-105-94-101-55-87-0-1*55-45-63-53-8-90-91-52-89-109*55-45-63-53-8-90-91-52-89-109*61-56-65-17-95-59-21-86-51-88*51-86-28-21-68-95-17-56-87-97*60-12-62-8-90-91-49-52-89-73*97-80-38-63-8-90-49-52-89-73*27-101-55-63-53-62-103-70-25-104*77-4-36-64-11-89-52-49-91-90*80-38-63-2-15-54-22-31-14-76*70-103-62-53-63-45-55-39-65-78*

\
Best Passenger Route set sting:
\
83-3-15-66-22-85-19-31-23-9-18-67-93-35-8-62-103-41-74-60-16-12*42-57-10-7-40-25-70-103-12-63-55-39-17-75-50-95-27-59-21-28-86*47-60-12-16-74-38-45-63-55-101-94-105-81-6-22-19-33-99-69-76-14*72-44-43-30-29-26-82-19-22-85-94-105-27-59-32-13-68-95-50-65-39-55*45-38-12-74-60-16-47-62-8-90-49-52-89-11-5-77-4-107-36-108-79*75-20-68-95-50-13-32-59-27-105-83-15-34-93-100-52-89-11-96-73-64-109*46-21-86-28-13-68-75-20-50-95-27-105-83-34-18-92-64-36-108-5-107-77*87-56-65-78-17-75-50-95-27-94-85-19-82-44-72-43-30-69-99*7-84-37-40-57-10-52-91-49-90-8-63-55-39-17-75-20-95-50-65-78-0*71-102-24-19-82-99-14-76-31-23-9-18-100-52-7-84-104-25-70-103-16-41*65-78-95-20-17-39-55-63-53-8-90-91-52-89-73-79-36-108-5-42-96*99-69-43-26-82-19-22-6-81-105-94-27-59-28-13-32-17-50-95-68*42-106-57-40-37-84-7-52-100-93-3-54-85-6-86-28-21-13-32-95-68-17*20-50-95-27-21-28-46-86-6-85-54-15-35-91-49-7-104-40-25-70-84*17-95-50-13-32-68-21-28-86-51-102-19-82-44-48-107-77-5-11-89-106-42*36-5-42-11-96-73-89-52-91-90-8-53-63-55-39-78-17-68-95-20-50-32*55-39-65-61-1-0-87-38-53-90-49-52-89-96-42-5-36-4-108-107-77*32-95-50-68-21-28-86-6-85-54-3-9-92-64-96-42-5-77-107-108-36-48*7-10-40-57-106-73-64-92-18-66-3-6-86-51-88-71-31-22-19-82-99-76*97-1-56-39-65-61-0-87-45-2-15-34-18-67-98-3-54-85-6-81-86-21*102-88-71-51-86-28-59-27-101-55-38-74-47-103-62-90-35-93-100-67-98-18*42-11-109-89-64-79-48-107-4-77-5-36-108-72-44-82-33-31-102-71-51-88*102-24-86-28-21-59-27-101-55-80-58-74-60-47-41-12-62-53-90-49-8-35*55-39-78-65-56-0-87-97-58-74-12-62-8-90-91-49-52-89-106-73-96-11*29-30-43-26-44-92-18-93-35-8-53-62-103-41-70-16-74-58-97-1*44-72-108-5-42-73-89-52-49-35-83-94-27-59-68-95-20-50-17-39-78-65*37-40-57-42-106-73-109-89-52-49-91-90-53-63-55-101-27-105-83-34-66*31-88-102-14-76-69-99-33-19-22-54-15-2-45-38-80-97-87-56-61-0-1*77-5-108-4-107-36-64-89-52-49-90-53-63-38-58-97-80-0-1-87-39-55*56-17-68-50-95-20-32-59-21-27-105-83-15-18-92-72-48-107-108-36-79-64*73-96-64-11-89-52-91-90-8-63-38-87-56-65-50-17-39-55-80-97-0-78*89-109-11-42-57-106-73-96-64-92-9-23-31-88-71-102-33-99-69-43-30*29-43-26-44-92-67-18-15-2-63-38-80-0-61-56-65-78-17-50-95-20*39-17-27-59-32-21-28-86-71-88-51-31-19-9-18-100-52-7-84-104-25*18-92-48-44-30-69-14-33-19-22-54-15-2-63-38-58-60-12-62-91-90-49*82-23-31-14-69-99-33-19-22-6-81-94-27-17-78-0-39-56-87-97-58-74*28-21-32-13-50-95-27-94-105-83-15-34-18-92-64-96-11-79-108-36-107-77*56-1-0-87-55-45-2-15-18-92-44-30-43-72-108-36-107-48-79-64-109*86-46-28-21-32-13-50-68-59-27-94-83-34-18-92-64-36-107-77-4-108*20-68-32-95-27-59-28-21-46-86-6-85-54-3-93-100-52-10-104-41-60-58*46-28-59-95-17-39-65-56-87-55-45-2-15-18-92-64-36-108-107-77*37-104-70-16-12-8-35-15-54-24-102-88-71-86-81-94-83-2-45-87*91-49-7-70-16-74-47-12-62-8-35-34-3-19-33-99-69-14-102-51-46-86*16-74-60-47-41-12-62-8-35-15-3-19-33-99-69-30-26-72-44-92-67-18*104-84-37-10-40-7-25-70-103-62-53-63-55-101-27-21-28-46-51-86-24-19*66-3-81-94-101-55-63-38-80-87-97-1-56-65-17-95-59-21-86-51-88-71*37-25-70-10-40-57-106-89-73-79-72-43-30-69-99-14-76-33-23-19-22-54*31-33-19-102-88-71-51-86-28-21-27-101-55-87-80-58-74-60-12-62-47*1-87-38-63-8-90-49-7-52-89-109-64-73-79-48-36-72-44-82-99*48-79-108-4-36-64-89-52-49-90-62-53-38-87-45-63-8-91-100-93-66*38-55-45-80-87-0-1-61-65-17-27-94-105-81-6-24-31-76-14-69-30-43*26-72-108-107-36-64-11-89-52-49-90-8-63-38-80-58-74-12-60-47-41-70*99-69-76-14-33-23-9-18-100-52-7-25-84-104-10-57-42-89-73-64-79-48*25-70-41-60-74-16-47-12-62-8-35-34-3-22-31-51-71-88-102-24-85-54*62-12-41-47-16-103-7-37-40-10-52-100-18-9-19-102-88-71-51-31-24-54*61-56-39-65-17-75-50-13-32-27-94-83-15-18-92-64-36-107-4-108-72*