6_3_Mumford1_GA_repair_func RESULTS EVALUATION:
\
HV:0.7366 | BM:0.7758

\
	Operator	Passenger
\
f1_ATT	30.8591		24.5974
\
f2_TRT	500		776
\
d_0	20.1924		35.7014
\
d_1	48.0560		57.9928
\
d_2	28.1247		6.3058
\
d_un	3.6269		0.0000

\
Best Operator Route set:
\
[[1, 26, 8, 28, 56, 6, 47, 7, 40, 46],
[6, 56, 8, 26, 49, 15, 42, 62, 24, 63],
[59, 10, 55, 52, 64, 51, 35, 41, 27, 67],
[29, 48, 66, 19, 38, 36, 45, 34, 57, 35],
[29, 69, 66, 19, 38, 36, 54, 5, 37, 65],
[56, 51, 35, 34, 45, 36, 19, 66, 3, 29],
[50, 43, 13, 20, 10, 16, 26, 30, 24, 21],
[39, 32, 18, 19, 38, 36, 54, 5, 37, 65],
[29, 3, 66, 19, 38, 36, 45, 34, 35, 57],
[66, 38, 36, 45, 41, 12, 25, 4, 7, 53],
[69, 23, 50, 43, 17, 55, 52, 64, 58, 33],
[14, 44, 60, 61, 17, 10, 16, 26, 30, 63],
[0, 2, 50, 43, 20, 55, 16, 26, 30, 24, 21],
[31, 11, 68, 9, 59, 17, 20, 33, 22, 38],
[6, 56, 8, 26, 49, 15, 42, 62, 24, 21]]

\
Best Passenger Route set:
\
[[15, 62, 26, 8, 28, 56, 51, 34, 45, 36, 38, 66, 48],
[48, 29, 3, 66, 19, 36, 45, 34, 57, 35, 6, 63, 21, 24],
[39, 48, 3, 69, 23, 50, 43, 17, 59, 1, 49, 15, 42, 24],
[25, 27, 67, 37, 65, 5, 54, 19, 22, 13, 43, 61, 44, 60],
[32, 39, 18, 54, 36, 45, 58, 64, 52, 8, 26, 49, 11, 9],
[44, 60, 14, 2, 50, 13, 22, 45, 41, 25, 4, 7, 46],
[29, 19, 38, 22, 13, 20, 10, 16, 26, 49, 62],
[53, 40, 4, 12, 25, 34, 35, 51, 8, 26, 1, 9, 68],
[2, 14, 44, 60, 61, 17, 50, 0, 23, 69, 19, 36, 41, 12, 4, 7, 46],
[16, 1, 31, 11, 9, 17, 20, 33, 22, 19, 54, 18, 39, 48],
[14, 2, 50, 13, 33, 58, 41, 25, 4, 53, 46],
[51, 57, 25, 27, 41, 34, 35, 64, 52, 20, 17, 60, 61],
[2, 50, 43, 20, 55, 16, 26, 30, 24, 63, 6, 35, 58, 34],
[46, 40, 53, 47, 6, 56, 8, 52, 10, 59, 68],
[46, 40, 7, 47, 6, 56, 8, 55, 17, 61, 44]]

\
Best Operator Route set string:
\
1-26-8-28-56-6-47-7-40-46*6-56-8-26-49-15-42-62-24-63*59-10-55-52-64-51-35-41-27-67*29-48-66-19-38-36-45-34-57-35*29-69-66-19-38-36-54-5-37-65*56-51-35-34-45-36-19-66-3-29*50-43-13-20-10-16-26-30-24-21*39-32-18-19-38-36-54-5-37-65*29-3-66-19-38-36-45-34-35-57*66-38-36-45-41-12-25-4-7-53*69-23-50-43-17-55-52-64-58-33*14-44-60-61-17-10-16-26-30-63*0-2-50-43-20-55-16-26-30-24-21*31-11-68-9-59-17-20-33-22-38*6-56-8-26-49-15-42-62-24-21*

\
Best Passenger Route set sting:
\
15-62-26-8-28-56-51-34-45-36-38-66-48*48-29-3-66-19-36-45-34-57-35-6-63-21-24*39-48-3-69-23-50-43-17-59-1-49-15-42-24*25-27-67-37-65-5-54-19-22-13-43-61-44-60*32-39-18-54-36-45-58-64-52-8-26-49-11-9*44-60-14-2-50-13-22-45-41-25-4-7-46*29-19-38-22-13-20-10-16-26-49-62*53-40-4-12-25-34-35-51-8-26-1-9-68*2-14-44-60-61-17-50-0-23-69-19-36-41-12-4-7-46*16-1-31-11-9-17-20-33-22-19-54-18-39-48*14-2-50-13-33-58-41-25-4-53-46*51-57-25-27-41-34-35-64-52-20-17-60-61*2-50-43-20-55-16-26-30-24-63-6-35-58-34*46-40-53-47-6-56-8-52-10-59-68*46-40-7-47-6-56-8-55-17-61-44*