7_2_Mumford0_GA_Pop_size RESULTS EVALUATION:
\
HV:0.8334 | BM:0.8087

\
	Operator	Passenger
\
f1_ATT	26.1676		14.8681
\
f2_TRT	95		525
\
d_0	22.7379		81.2719
\
d_1	39.1717		18.7281
\
d_2	27.7005		0.0000
\
d_un	10.3899		0.0000

\
Best Operator Route set:
\
[[26, 0],
[1, 3],
[12, 19, 22, 25, 7, 20, 14, 23, 3, 9],
[13, 6, 5, 21, 10, 2, 27, 7, 16],
[10, 15],
[12, 8],
[29, 2],
[4, 24],
[20, 24],
[11, 25],
[17, 22, 0, 18],
[28, 25]]

\
Best Passenger Route set:
\
[[20, 4, 24, 23, 9, 3, 11, 17, 22, 18, 13, 6, 5],
[3, 1, 23, 14, 7, 16, 6, 5, 21, 2, 29],
[3, 14, 20, 24, 4, 7, 25, 0, 12, 8],
[8, 12, 17, 11, 3, 1, 23, 20, 7, 28, 0, 18, 22, 25],
[1, 3, 24, 7, 27, 29, 2, 10, 6, 13, 18, 12, 19, 22, 0],
[15, 21, 10, 16, 7, 4, 24, 3, 1],
[5, 21, 6, 13, 18, 0, 26, 8, 12, 19, 17, 11, 14, 24, 4],
[2, 29, 27, 16, 28, 25, 0, 18, 22, 17],
[8, 19, 17, 28, 7, 2, 29],
[13, 18, 0, 22, 17, 11, 14, 20, 7, 27, 10, 15, 29, 2],
[3, 11, 25, 28, 16, 6, 5, 21, 15, 27, 7, 14, 23, 9, 1],
[8, 12, 19, 17, 28, 16, 27, 10, 15, 6, 13, 0, 22, 18]]

\
Best Operator Route set string:
\
26-0*1-3*12-19-22-25-7-20-14-23-3-9*13-6-5-21-10-2-27-7-16*10-15*12-8*29-2*4-24*20-24*11-25*17-22-0-18*28-25*

\
Best Passenger Route set sting:
\
20-4-24-23-9-3-11-17-22-18-13-6-5*3-1-23-14-7-16-6-5-21-2-29*3-14-20-24-4-7-25-0-12-8*8-12-17-11-3-1-23-20-7-28-0-18-22-25*1-3-24-7-27-29-2-10-6-13-18-12-19-22-0*15-21-10-16-7-4-24-3-1*5-21-6-13-18-0-26-8-12-19-17-11-14-24-4*2-29-27-16-28-25-0-18-22-17*8-19-17-28-7-2-29*13-18-0-22-17-11-14-20-7-27-10-15-29-2*3-11-25-28-16-6-5-21-15-27-7-14-23-9-1*8-12-19-17-28-16-27-10-15-6-13-0-22-18*