9_3_Mumford1_GA_Mut_prob RESULTS EVALUATION:
\
HV:0.7699 | BM:0.7758

\
	Operator	Passenger
\
f1_ATT	32.6332		22.9964
\
f2_TRT	488		1689
\
d_0	18.8742		49.3845
\
d_1	47.4480		48.1764
\
d_2	29.9293		2.4390
\
d_un	3.7484		0.0000

\
Best Operator Route set:
\
[[13, 33, 20, 55, 10, 16, 26, 49, 15, 42],
[17, 10, 28, 8, 56, 6, 47, 53, 40, 46],
[41, 35, 51, 56, 8, 26, 30, 24, 21, 63],
[12, 25, 27, 41, 36, 54, 18, 5, 65, 37],
[68, 9, 11, 31, 1, 26, 8, 51, 58, 45],
[57, 34, 41, 45, 36, 38, 66, 3, 69, 29],
[35, 57, 34, 41, 45, 36, 38, 66, 3, 69],
[43, 20, 55, 10, 16, 26, 49, 15, 42, 62],
[13, 33, 22, 36, 38, 19, 66, 48, 39, 32],
[34, 35, 51, 56, 8, 26, 30, 24, 63, 21],
[14, 60, 44, 61, 43, 50, 2, 0, 69, 23],
[35, 57, 34, 41, 45, 36, 38, 19, 3, 69],
[67, 27, 25, 12, 41, 36, 38, 66, 3, 48],
[7, 4, 25, 57, 51, 64, 52, 55, 10, 59],
[35, 57, 34, 41, 45, 36, 38, 66, 3, 69]]

\
Best Passenger Route set:
\
[[67, 27, 12, 41, 45, 22, 13, 50, 2, 14, 60, 61, 17, 9, 1, 26, 8, 55, 52, 64, 51, 34, 25, 4, 7, 46, 40, 47, 6],
[2, 50, 43, 20, 55, 16, 26, 30, 24, 63, 6, 35, 41, 12, 25],
[31, 9, 16, 1, 49, 11, 15, 30, 21, 63, 24, 42, 62, 26, 8, 51, 35, 34, 41, 27, 67, 18, 39, 65, 54, 38, 19, 22, 33],
[47, 53, 40, 46, 7, 4, 12, 25, 27, 67, 37, 65, 18, 19, 22, 33, 20, 17, 59, 68, 9, 11, 31, 1, 26, 49],
[33, 22, 38, 54, 32, 39, 48, 29, 69, 3, 66, 19, 36, 45, 34, 35, 6, 63, 21, 30, 26, 1, 59, 17, 10, 20, 55, 8, 56, 28],
[47, 53, 7, 46, 40, 12, 41, 36, 22, 13, 50, 2, 14, 44, 17, 43, 33, 58, 34, 57, 51, 56, 28, 8, 52, 10, 59, 68, 9],
[9, 68, 1, 16, 10, 17, 44, 14, 2, 0, 23, 3, 48, 39, 18, 54, 36, 45, 58, 64, 52, 8, 26, 49, 15, 62, 30, 21, 24, 42],
[59, 10, 8, 56, 6, 47, 53, 46, 40, 12, 41, 58, 64, 52, 20, 17, 61, 60, 14, 2, 0, 69, 38, 18, 37, 32, 54, 19, 66, 48],
[35, 6, 47, 53, 4, 25, 41, 45, 22, 33, 13, 50, 23, 69, 29, 3, 38],
[69, 19, 38, 66, 48, 39, 65, 37, 5, 54, 36, 45, 58, 51, 8, 26, 49, 15, 42, 24, 30, 63, 21, 6, 56, 28, 10, 55, 20, 13],
[30, 62, 21, 24, 42, 15, 49, 26, 16, 10, 20, 43, 50, 23, 69, 3, 48, 29, 66, 19, 65, 37, 5, 54, 18, 32, 39],
[16, 55, 52, 64, 35, 57, 58, 34, 45, 22, 13, 50, 0, 23, 69, 38, 36, 41, 25, 4, 7, 53, 47, 6, 63],
[6, 63, 24, 42, 15, 62, 49, 11, 59, 17, 43, 50, 23, 29, 48, 39, 32, 54, 38, 22, 36, 41, 34, 57, 25],
[62, 42, 15, 49, 1, 59, 17, 44, 14, 2, 50, 33, 58, 34, 25, 4, 40, 46, 53, 47, 6, 35, 51, 41, 45, 22, 38],
[66, 3, 0, 69, 23, 50, 2, 14, 44, 60, 61, 43, 13, 22, 19, 54, 5, 67, 27, 41, 34, 45, 58, 35, 51, 8, 28, 10, 59, 9]]

\
Best Operator Route set string:
\
13-33-20-55-10-16-26-49-15-42*17-10-28-8-56-6-47-53-40-46*41-35-51-56-8-26-30-24-21-63*12-25-27-41-36-54-18-5-65-37*68-9-11-31-1-26-8-51-58-45*57-34-41-45-36-38-66-3-69-29*35-57-34-41-45-36-38-66-3-69*43-20-55-10-16-26-49-15-42-62*13-33-22-36-38-19-66-48-39-32*34-35-51-56-8-26-30-24-63-21*14-60-44-61-43-50-2-0-69-23*35-57-34-41-45-36-38-19-3-69*67-27-25-12-41-36-38-66-3-48*7-4-25-57-51-64-52-55-10-59*35-57-34-41-45-36-38-66-3-69*

\
Best Passenger Route set sting:
\
67-27-12-41-45-22-13-50-2-14-60-61-17-9-1-26-8-55-52-64-51-34-25-4-7-46-40-47-6*2-50-43-20-55-16-26-30-24-63-6-35-41-12-25*31-9-16-1-49-11-15-30-21-63-24-42-62-26-8-51-35-34-41-27-67-18-39-65-54-38-19-22-33*47-53-40-46-7-4-12-25-27-67-37-65-18-19-22-33-20-17-59-68-9-11-31-1-26-49*33-22-38-54-32-39-48-29-69-3-66-19-36-45-34-35-6-63-21-30-26-1-59-17-10-20-55-8-56-28*47-53-7-46-40-12-41-36-22-13-50-2-14-44-17-43-33-58-34-57-51-56-28-8-52-10-59-68-9*9-68-1-16-10-17-44-14-2-0-23-3-48-39-18-54-36-45-58-64-52-8-26-49-15-62-30-21-24-42*59-10-8-56-6-47-53-46-40-12-41-58-64-52-20-17-61-60-14-2-0-69-38-18-37-32-54-19-66-48*35-6-47-53-4-25-41-45-22-33-13-50-23-69-29-3-38*69-19-38-66-48-39-65-37-5-54-36-45-58-51-8-26-49-15-42-24-30-63-21-6-56-28-10-55-20-13*30-62-21-24-42-15-49-26-16-10-20-43-50-23-69-3-48-29-66-19-65-37-5-54-18-32-39*16-55-52-64-35-57-58-34-45-22-13-50-0-23-69-38-36-41-25-4-7-53-47-6-63*6-63-24-42-15-62-49-11-59-17-43-50-23-29-48-39-32-54-38-22-36-41-34-57-25*62-42-15-49-1-59-17-44-14-2-50-33-58-34-25-4-40-46-53-47-6-35-51-41-45-22-38*66-3-0-69-23-50-2-14-44-60-61-43-13-22-19-54-5-67-27-41-34-45-58-35-51-8-28-10-59-9*