23_2_Mumford0_SA_Mutations RESULTS EVALUATION:
\
HV:0.7531 | BM:0.8087

\
	Operator	Passenger
\
f1_ATT	34.8767		16.0200
\
f2_TRT	98		635
\
d_0	14.7767		68.9414
\
d_1	28.6942		31.0586
\
d_2	27.4112		0.0000
\
d_un	29.1180		0.0000

\
Best Operator Route set:
\
[[6, 15, 10],
[13, 18, 0, 22, 17],
[17, 12, 8],
[4, 24],
[22, 25, 28],
[2, 27, 7, 20, 24, 1],
[1, 9, 23, 14, 11, 17],
[5, 21, 10, 2, 29],
[0, 26],
[16, 27],
[3, 1],
[12, 19]]

\
Best Passenger Route set:
\
[[17, 18, 0, 13, 6, 21, 10, 7, 16, 27, 2, 29, 15],
[13, 6, 16, 28, 25, 22, 19, 12, 18, 0, 17, 11, 14, 3],
[26, 0, 18, 22, 19, 12, 17, 28, 7, 16, 27, 2, 10, 15, 21],
[23, 9, 1, 4, 24, 20, 7, 25, 0, 18, 13, 6, 5, 21],
[3, 23, 14, 20, 7, 16, 27, 2, 29, 15, 21, 10, 6, 13],
[6, 13, 18, 0, 22, 17, 11, 14, 20, 7, 27, 10, 15, 29, 2],
[18, 17, 11, 3, 1, 23, 14, 20, 24, 4, 7, 25, 0, 12, 8],
[27, 15, 5, 6, 16, 7, 14, 23, 1, 9, 3, 4, 20],
[5, 6, 2, 15, 21, 10, 29, 27, 16, 28, 17, 19, 12, 8, 26],
[21, 6, 13, 18, 0, 26, 8, 12, 19, 22, 17, 11, 3, 1, 9],
[25, 0, 19, 17, 22, 18, 13, 6, 5, 21, 2, 27, 29],
[8, 12, 19, 18, 0, 25, 11, 3, 4, 24, 20, 14, 23, 1, 9]]

\
Best Operator Route set string:
\
6-15-10*13-18-0-22-17*17-12-8*4-24*22-25-28*2-27-7-20-24-1*1-9-23-14-11-17*5-21-10-2-29*0-26*16-27*3-1*12-19*

\
Best Passenger Route set sting:
\
17-18-0-13-6-21-10-7-16-27-2-29-15*13-6-16-28-25-22-19-12-18-0-17-11-14-3*26-0-18-22-19-12-17-28-7-16-27-2-10-15-21*23-9-1-4-24-20-7-25-0-18-13-6-5-21*3-23-14-20-7-16-27-2-29-15-21-10-6-13*6-13-18-0-22-17-11-14-20-7-27-10-15-29-2*18-17-11-3-1-23-14-20-24-4-7-25-0-12-8*27-15-5-6-16-7-14-23-1-9-3-4-20*5-6-2-15-21-10-29-27-16-28-17-19-12-8-26*21-6-13-18-0-26-8-12-19-22-17-11-3-1-9*25-0-19-17-22-18-13-6-5-21-2-27-29*8-12-19-18-0-25-11-3-4-24-20-14-23-1-9*