23_3_Mumford1_SA_Mutations RESULTS EVALUATION:
\
HV:0.7500 | BM:0.7758

\
	Operator	Passenger
\
f1_ATT	29.6139		23.3813
\
f2_TRT	534		1123
\
d_0	23.8733		46.6371
\
d_1	53.6811		51.2457
\
d_2	20.1358		2.1172
\
d_un	2.3098		0.0000

\
Best Operator Route set:
\
[[27, 41, 34, 58, 64, 52, 20, 17, 61, 60],
[46, 40, 53, 47, 6, 56, 28, 8, 10, 59],
[32, 39, 18, 54, 36, 45, 58, 51, 35, 6],
[23, 2, 0, 69, 3, 66, 19, 38, 22, 33],
[29, 48, 66, 19, 36, 45, 34, 35, 51, 8, 26, 62],
[4, 25, 12, 41, 45, 22, 13, 50, 2, 14],
[7, 4, 12, 25, 41, 34, 57, 35, 6, 47],
[50, 43, 20, 55, 10, 16, 26, 30, 24, 21],
[63, 21, 24, 30, 26, 16, 10, 55, 20, 33, 22],
[5, 18, 54, 36, 45, 58, 64, 52, 10, 16],
[68, 9, 11, 31, 1, 26, 8, 51, 41, 45],
[49, 26, 16, 10, 55, 20, 33, 22, 19, 66],
[37, 65, 5, 54, 19, 22, 33, 43, 61, 60],
[42, 15, 49, 26, 16, 10, 17, 61, 60, 44],
[12, 25, 27, 41, 36, 54, 18, 5, 37, 67]]

\
Best Passenger Route set:
\
[[62, 15, 49, 26, 8, 51, 41, 36, 54, 18, 39, 48, 66, 19, 38, 3, 29, 23, 2],
[65, 5, 54, 38, 66, 69, 0, 2, 14, 44, 60, 17, 20, 52, 64, 35, 57, 25, 12, 27, 67, 37, 32, 39, 48, 3, 29],
[23, 0, 69, 29, 3, 66, 38, 36, 45, 34, 35, 6, 63, 24, 42],
[24, 62, 26, 30, 42, 49, 1, 16, 10, 55, 20, 43, 50, 0, 69, 19, 54, 5, 37, 67, 27, 41],
[53, 4, 25, 34, 35, 58, 57, 51, 56, 8, 52, 20, 43, 50, 23],
[14, 60, 44, 61, 43, 13, 22, 45, 41, 25, 4, 7, 40, 46],
[41, 36, 22, 33, 50, 0, 69, 48, 39, 32, 65, 5, 67, 27, 25, 34, 51, 8, 26, 1, 31, 9, 49],
[45, 58, 51, 64, 35, 6, 21, 24, 42, 15, 11, 9, 17, 20, 33, 22, 38, 18, 5, 67, 27, 41, 57],
[2, 23, 69, 38, 19, 36, 41, 12, 4, 53, 47, 6],
[42, 49, 1, 68, 9, 16, 26, 8, 56, 51, 35, 57, 41, 45],
[25, 4, 40, 46, 7, 47, 6, 63, 24, 30, 26, 1, 59, 17, 43, 50, 23, 69, 3, 29, 48, 66, 18],
[32, 54, 36, 45, 58, 64, 52, 10, 59, 68, 11, 31],
[60, 14, 2, 50, 13, 33, 58, 41, 34, 57],
[5, 65, 54, 19, 22, 13, 20, 10, 16, 26, 49, 62, 21, 6, 56, 8, 55],
[14, 44, 61, 17, 10, 28, 8, 56, 6, 47, 53, 46, 40, 12, 41, 35, 64, 52, 55, 16, 26, 49, 11, 1]]

\
Best Operator Route set string:
\
27-41-34-58-64-52-20-17-61-60*46-40-53-47-6-56-28-8-10-59*32-39-18-54-36-45-58-51-35-6*23-2-0-69-3-66-19-38-22-33*29-48-66-19-36-45-34-35-51-8-26-62*4-25-12-41-45-22-13-50-2-14*7-4-12-25-41-34-57-35-6-47*50-43-20-55-10-16-26-30-24-21*63-21-24-30-26-16-10-55-20-33-22*5-18-54-36-45-58-64-52-10-16*68-9-11-31-1-26-8-51-41-45*49-26-16-10-55-20-33-22-19-66*37-65-5-54-19-22-33-43-61-60*42-15-49-26-16-10-17-61-60-44*12-25-27-41-36-54-18-5-37-67*

\
Best Passenger Route set sting:
\
62-15-49-26-8-51-41-36-54-18-39-48-66-19-38-3-29-23-2*65-5-54-38-66-69-0-2-14-44-60-17-20-52-64-35-57-25-12-27-67-37-32-39-48-3-29*23-0-69-29-3-66-38-36-45-34-35-6-63-24-42*24-62-26-30-42-49-1-16-10-55-20-43-50-0-69-19-54-5-37-67-27-41*53-4-25-34-35-58-57-51-56-8-52-20-43-50-23*14-60-44-61-43-13-22-45-41-25-4-7-40-46*41-36-22-33-50-0-69-48-39-32-65-5-67-27-25-34-51-8-26-1-31-9-49*45-58-51-64-35-6-21-24-42-15-11-9-17-20-33-22-38-18-5-67-27-41-57*2-23-69-38-19-36-41-12-4-53-47-6*42-49-1-68-9-16-26-8-56-51-35-57-41-45*25-4-40-46-7-47-6-63-24-30-26-1-59-17-43-50-23-69-3-29-48-66-18*32-54-36-45-58-64-52-10-59-68-11-31*60-14-2-50-13-33-58-41-34-57*5-65-54-19-22-13-20-10-16-26-49-62-21-6-56-8-55*14-44-61-17-10-28-8-56-6-47-53-46-40-12-41-35-64-52-55-16-26-49-11-1*