3_2_Mumford0_GA_Mutations RESULTS EVALUATION:
\
HV:0.7339 | BM:0.8087

\
	Operator	Passenger
\
f1_ATT	25.0483		17.5349
\
f2_TRT	95		282
\
d_0	19.2863		44.4617
\
d_1	38.4148		52.6859
\
d_2	28.9397		2.8525
\
d_un	13.3592		0.0000

\
Best Operator Route set:
\
[[7, 25, 22, 18, 0, 26],
[22, 17],
[10, 6, 13],
[24, 14],
[4, 24],
[27, 2, 29],
[8, 12, 19, 22],
[5, 21, 10, 27, 7, 20, 14, 23, 9, 3, 1],
[27, 16],
[11, 25],
[25, 28],
[15, 10]]

\
Best Passenger Route set:
\
[[12, 19, 22, 18, 13, 6, 5, 21],
[17, 22],
[2, 29, 27, 16, 28, 17, 19, 8],
[5, 21, 10, 27, 7, 4, 24],
[11, 17, 22, 0, 25, 7, 20, 14],
[13, 6, 16, 7, 25, 22, 18, 0, 26],
[7, 10, 16, 28, 25, 11, 14, 24, 4, 20],
[0, 22, 17, 11, 14, 1, 3],
[12, 17, 22, 18, 0, 26],
[1, 3, 24, 20, 7, 16, 6, 5],
[1, 3, 9, 23, 14, 11, 17, 22],
[9, 23, 14, 7, 27, 10, 15]]

\
Best Operator Route set string:
\
7-25-22-18-0-26*22-17*10-6-13*24-14*4-24*27-2-29*8-12-19-22*5-21-10-27-7-20-14-23-9-3-1*27-16*11-25*25-28*15-10*

\
Best Passenger Route set sting:
\
12-19-22-18-13-6-5-21*17-22*2-29-27-16-28-17-19-8*5-21-10-27-7-4-24*11-17-22-0-25-7-20-14*13-6-16-7-25-22-18-0-26*7-10-16-28-25-11-14-24-4-20*0-22-17-11-14-1-3*12-17-22-18-0-26*1-3-24-20-7-16-6-5*1-3-9-23-14-11-17-22*9-23-14-7-27-10-15*