7_5_Mumford3_GA_Pop_size RESULTS EVALUATION:
\
HV:0.6046 | BM:0.6385

\
	Operator	Passenger
\
f1_ATT	35.2770		28.7763
\
f2_TRT	2327		5375
\
d_0	17.4187		41.8233
\
d_1	56.1588		56.1839
\
d_2	24.1706		1.9928
\
d_un	2.2518		0.0000

\
Best Operator Route set:
\
[[62, 16, 114, 23, 72, 66, 53, 14, 100, 78, 96, 71],
[16, 114, 74, 23, 124, 66, 53, 14, 100, 78, 71, 96],
[60, 73, 48, 0, 77, 67, 1, 118, 52, 89, 59, 43],
[16, 114, 23, 124, 72, 66, 53, 14, 100, 78, 96, 71],
[106, 87, 108, 61, 53, 23, 37, 2, 79, 0, 101, 88, 121, 91, 123, 35, 125],
[54, 38, 31, 51, 52, 122, 94, 81, 80, 63, 105, 104],
[96, 71, 100, 14, 66, 80, 63, 58, 105, 104, 43, 98],
[12, 15, 3, 71, 78, 114, 2, 79, 0, 101, 88, 25],
[16, 114, 74, 23, 124, 66, 53, 14, 100, 78, 71, 96],
[16, 114, 74, 23, 124, 66, 53, 14, 100, 78, 71, 96],
[13, 83, 50, 92, 126, 73, 48, 2, 114, 78, 96, 71],
[96, 71, 100, 14, 66, 80, 63, 58, 105, 104, 43, 98],
[63, 80, 9, 70, 124, 49, 2, 48, 73, 60, 75, 19],
[16, 114, 74, 23, 49, 66, 53, 14, 100, 78, 96, 71],
[54, 38, 31, 51, 52, 122, 94, 81, 80, 63, 105, 104],
[60, 73, 48, 0, 77, 67, 1, 118, 52, 89, 59, 43],
[16, 114, 74, 23, 124, 66, 53, 14, 100, 78, 71, 96],
[13, 83, 50, 92, 126, 73, 48, 2, 114, 78, 96, 71],
[31, 51, 52, 27, 81, 29, 80, 63, 105, 104, 59, 89],
[16, 114, 74, 23, 72, 124, 66, 53, 14, 100, 78, 71],
[47, 31, 51, 52, 27, 81, 29, 80, 63, 105, 104, 59],
[6, 45, 32, 60, 73, 48, 2, 49, 124, 70, 9, 80, 36],
[16, 114, 74, 23, 72, 124, 66, 53, 14, 100, 78, 71],
[99, 48, 2, 49, 72, 66, 80, 63, 58, 104, 18, 4],
[20, 32, 60, 73, 48, 79, 2, 49, 66, 14, 100, 78, 96, 71],
[16, 114, 74, 23, 72, 124, 66, 53, 14, 100, 78, 71],
[16, 114, 74, 23, 49, 66, 53, 14, 100, 78, 96, 71],
[16, 114, 74, 23, 49, 66, 53, 14, 100, 78, 96, 71],
[119, 21, 22, 30, 38, 52, 122, 29, 80, 5, 24, 102],
[32, 60, 73, 48, 79, 2, 49, 66, 53, 14, 100, 96, 71],
[57, 8, 41, 25, 88, 101, 7, 26, 48, 73, 6, 45],
[13, 50, 40, 7, 11, 1, 81, 29, 5, 24, 86, 117],
[44, 93, 120, 0, 79, 2, 114, 78, 3, 56, 34, 68],
[16, 114, 74, 23, 49, 66, 53, 14, 100, 78, 96, 71],
[24, 5, 9, 72, 70, 124, 49, 2, 48, 73, 60, 32],
[84, 110, 87, 61, 53, 23, 2, 97, 0, 26, 40, 95],
[32, 60, 73, 48, 97, 11, 77, 67, 118, 52, 89, 59],
[114, 74, 23, 124, 72, 66, 53, 14, 100, 78, 71, 96],
[16, 114, 74, 23, 72, 124, 66, 53, 14, 100, 78, 71],
[16, 114, 23, 124, 72, 66, 53, 14, 100, 78, 96, 71],
[16, 114, 74, 23, 49, 66, 53, 14, 100, 78, 96, 71],
[16, 114, 23, 124, 72, 66, 53, 14, 100, 78, 96, 71],
[16, 114, 74, 23, 124, 66, 53, 14, 100, 78, 71, 96],
[96, 71, 100, 14, 66, 80, 63, 58, 105, 104, 43, 98],
[13, 83, 50, 92, 126, 73, 48, 2, 114, 78, 96, 71],
[10, 109, 69, 43, 90, 113, 89, 31, 39, 88, 82, 44],
[55, 16, 114, 74, 23, 49, 124, 70, 9, 80, 63, 58],
[16, 114, 23, 124, 72, 66, 53, 14, 100, 78, 96, 71],
[71, 96, 100, 14, 53, 66, 80, 63, 58, 105, 43, 103, 64],
[22, 41, 30, 33, 39, 46, 11, 2, 114, 78, 71, 96],
[113, 59, 43, 104, 58, 63, 80, 66, 53, 14, 61, 115],
[111, 28, 17, 42, 89, 31, 39, 88, 82, 65, 116, 50, 83, 76, 85],
[6, 45, 32, 60, 73, 48, 2, 49, 124, 70, 9, 80],
[17, 42, 105, 58, 63, 80, 66, 14, 100, 96, 3, 107],
[114, 74, 23, 72, 124, 66, 53, 14, 100, 78, 71, 96],
[13, 83, 50, 92, 126, 73, 48, 2, 114, 78, 96, 71],
[96, 71, 100, 14, 66, 80, 63, 58, 105, 104, 43, 98],
[8, 41, 25, 88, 101, 7, 26, 48, 73, 6, 45, 112],
[16, 114, 74, 23, 72, 124, 66, 14, 100, 78, 96, 71],
[55, 16, 114, 74, 23, 49, 124, 70, 9, 80, 63, 58]]

\
Best Passenger Route set:
\
[[62, 16, 114, 23, 74, 2, 79, 11, 77, 1, 118, 52, 89],
[76, 83, 50, 65, 82, 88, 39, 31, 89, 113, 43, 103],
[113, 17, 28, 64, 4, 43, 42, 89, 52, 118, 1, 11, 97, 48, 73, 6, 45, 112, 60, 75, 20, 50, 83, 76, 92],
[37, 74, 2, 97, 48, 73, 60, 55, 16, 114, 23, 72, 9, 63, 105, 43, 103, 111, 64, 28, 17, 89, 42, 59],
[95, 123, 35, 91, 25, 41, 21, 8, 22, 30, 38, 31, 51, 52, 122, 29, 5, 24, 87, 110, 84, 68, 34, 56, 15],
[44, 82, 93, 120, 7, 65, 116, 95, 13, 50, 83, 92, 126, 73, 48, 2, 114, 78, 3, 68, 34, 56, 84, 110, 87],
[27, 118, 46, 39, 38, 51, 52, 122, 94, 81, 29, 80, 63, 105, 104, 59, 89, 17, 113, 90, 43, 103, 98, 64, 28],
[16, 55, 60, 112, 32, 45, 6, 73, 48, 0, 11, 77, 1, 118, 52, 51, 47, 54, 38, 39, 88, 91, 123, 35, 125],
[75, 19, 92, 83, 50, 40, 116, 93, 88, 39, 31, 89, 17, 64, 111, 28, 42, 59, 113, 98, 43, 4, 10, 86],
[89, 51, 54, 33, 39, 25, 41, 8, 57, 30, 38, 31, 52, 27, 29, 80, 66, 14, 61, 115, 108, 106, 87, 84, 110],
[24, 86, 10, 117, 18, 69, 103, 43, 90, 113, 89, 52, 118, 1, 11, 0, 26, 126, 48, 99, 55, 16, 112, 60, 75],
[3, 12, 100, 14, 66, 80, 29, 94, 122, 52, 51, 54],
[91, 88, 39, 25, 38, 54, 30, 41, 33, 31, 51, 52, 122, 94, 29, 80, 66, 53, 14, 100, 12, 68, 34],
[62, 16, 55, 99, 48, 26, 7, 101, 88, 125, 22, 119],
[20, 85, 19, 76, 92, 126, 26, 11, 1, 118, 52, 89, 113, 43, 59, 90, 42, 28, 64, 4, 109, 10, 69, 103, 111],
[86, 117, 10, 69, 43, 42, 89, 31, 38, 33, 30, 22, 119],
[81, 67, 77, 0, 11, 97, 37, 2, 114, 16, 112, 6, 45, 73, 48, 26, 101, 88, 25, 41, 8, 119, 21, 22, 125],
[34, 56, 15, 12, 78, 114, 2, 79, 0, 120, 116, 65, 95, 82, 40],
[101, 120, 65, 116, 40, 50, 76, 85, 20, 32, 60, 73, 48, 2, 49, 124, 66, 80, 36, 24, 117, 86, 109, 10, 69],
[23, 49, 72, 124, 9, 29, 27, 52, 89, 42, 28, 64, 43, 105, 58, 63, 80, 66, 74, 114, 16, 62, 112, 55, 45],
[38, 52, 27, 67, 81, 94, 29, 5, 36, 58, 63, 80, 9, 72, 49, 2, 48, 73, 126, 92, 83, 13, 76, 20, 75],
[59, 89, 51, 52, 118, 1, 77, 11, 0, 48, 73, 60],
[40, 65, 116, 50, 83, 13, 95, 123, 35, 21, 125, 88, 101, 0, 79, 2, 114, 78, 96, 71, 3, 56, 12, 15, 107],
[113, 90, 103, 109, 18, 69, 4, 43, 105, 63, 80, 9, 124, 72, 49, 2, 48, 73, 6, 45, 32, 20, 50, 92, 83],
[45, 6, 55, 60, 32, 75, 85, 76, 92, 126, 73, 48, 2, 23, 53, 61, 108, 102, 87, 110, 84, 68, 12, 56],
[89, 17, 43, 103, 18, 4, 69, 10, 86, 24, 5, 80, 66, 49, 2, 48, 126, 92, 13, 95, 65, 40, 50, 76],
[64, 111, 103, 28, 42, 89, 52, 118, 1, 77, 0, 48, 73, 60, 75, 19, 85, 76, 83, 13, 50, 65, 7, 120],
[33, 25, 91, 123, 95, 13, 83, 50, 116, 65, 82, 88, 39, 31, 89, 42, 113, 90, 103, 43, 105, 58, 5, 36, 63],
[107, 56, 3, 71, 78, 100, 14, 66, 80, 63, 58, 105, 42, 89, 31, 39, 88, 82, 44, 40, 50, 65, 93, 101],
[78, 100, 96, 71, 3, 12, 56, 34, 68, 84, 87, 24, 5, 36, 58, 104, 59, 89, 42, 17, 113, 90, 98, 28],
[126, 32, 20, 92, 83, 13, 50, 40, 7, 11, 1, 27, 29, 5, 36, 24, 86, 18, 104, 59, 113, 43, 90, 42, 17],
[56, 12, 3, 115, 106, 108, 61, 14, 66, 80, 29, 122, 52, 31, 38, 30, 22, 21, 119, 8],
[50, 76, 92, 20, 32, 75, 60, 73, 48, 2, 49, 124, 72, 9, 63, 58, 105, 104, 42, 17, 113, 90, 98, 103, 64],
[12, 56, 107, 15, 3, 100, 14, 53, 66, 80, 63, 105, 42, 17, 113, 43, 69, 10, 18, 109, 4, 103, 98, 28],
[21, 8, 41, 30, 38, 52, 122, 29, 36, 24, 102, 87, 84],
[44, 93, 120, 0, 79, 37, 23, 53, 61, 87, 110, 84],
[15, 107, 56, 84, 110, 87, 24, 86, 117, 10, 109, 69, 43, 42, 89, 31, 39, 88, 82, 95, 123, 125, 91, 35],
[56, 107, 3, 96, 71, 100, 14, 53, 66, 80, 63, 58, 105, 43, 98, 113, 89, 51, 31, 39, 88, 91, 35, 123, 125],
[32, 6, 45, 55, 16, 112, 60, 73, 48, 97, 11, 77, 67, 118, 52, 89, 17, 64, 111, 4, 18, 69, 103],
[110, 84, 56, 68, 12, 15, 107, 3, 71, 78, 114, 2, 79, 0, 101, 88, 125, 35, 123, 91, 82, 93, 26],
[122, 81, 27, 1, 11, 26, 126, 92, 50, 19, 32, 60, 73, 48, 2, 23, 53, 14, 61, 108, 106, 102, 87, 110, 84],
[113, 42, 90, 98, 103, 4, 18, 104, 58, 63, 80, 9, 72, 124, 49, 2, 48, 99, 55, 45, 6, 60, 32, 126, 92],
[64, 103, 109, 10, 86, 117, 24, 102, 106, 108, 14, 53, 23, 37, 2, 79, 0, 101, 88, 121, 91, 82, 95, 44, 116],
[35, 91, 125, 22, 21, 119, 8, 30, 39, 46, 11, 2, 23, 53, 14, 106, 115, 108, 61, 102, 87, 24, 86, 10, 117],
[30, 88, 121, 91, 25, 38, 47, 54, 51, 52, 122, 29, 9, 70, 66, 14, 100, 12, 56, 107, 3, 71, 96, 78],
[9, 36, 5, 63, 80, 66, 70, 124, 72, 49, 2, 48, 126, 92, 76],
[21, 22, 35, 125, 88, 25, 41, 30, 33, 38, 31, 51, 52, 118, 1, 77, 11, 0, 48, 73, 6, 45, 112, 16, 62],
[112, 6, 45, 60, 32, 75, 20, 85, 76, 92, 126, 73, 48, 2, 23, 53, 61, 108, 87, 110, 84, 68, 12, 56],
[16, 114, 74, 23, 72, 124, 66, 53, 14, 100, 96, 78],
[75, 19, 85, 92, 126, 26, 11, 1, 118, 52, 51, 89, 17, 64, 111, 4, 43, 90],
[89, 17, 28, 43, 103, 4, 69, 10, 86, 24, 36, 80, 66, 49, 2, 48, 126, 92, 50, 40, 65, 95, 13, 83, 76],
[0, 79, 2, 49, 124, 70, 72, 9, 63, 58, 104, 43, 109, 10, 117, 86, 24, 36, 5, 80, 66, 74, 114, 16, 112],
[64, 111, 28, 42, 113, 17, 98, 103, 43, 59, 89, 52, 118, 1, 77, 11, 2, 114, 16, 62],
[84, 110, 68, 34, 56, 12, 100, 78, 114, 2, 79, 0, 120, 93, 44, 116, 40, 65, 7, 26, 11, 67, 81, 94, 29],
[41, 57, 8, 119, 21, 22, 30, 39, 46, 11, 2, 37, 23, 53, 14, 61, 108, 106, 102, 24, 86, 117, 18, 109, 69],
[8, 57, 30, 33, 39, 46, 1, 67, 77, 0, 48, 73, 60, 75, 32, 126, 26, 93],
[99, 55, 60, 32, 6, 45, 73, 48, 2, 49, 124, 9, 63, 105, 43, 69, 4, 103, 28, 98, 113, 17, 64, 111],
[55, 16, 114, 23, 49, 72, 9, 80, 63, 105, 43, 90, 113, 59, 42, 104, 58, 5, 36],
[117, 10, 86, 24, 36, 5, 80, 66, 49, 2, 48, 126, 92, 76, 83, 50, 65, 40, 116, 101, 7, 0, 97, 11, 79],
[75, 85, 20, 76, 13, 83, 92, 126, 48, 2, 49, 66, 80, 36, 24, 117, 86, 109, 10]]

\
Best Operator Route set string:
\
62-16-114-23-72-66-53-14-100-78-96-71*16-114-74-23-124-66-53-14-100-78-71-96*60-73-48-0-77-67-1-118-52-89-59-43*16-114-23-124-72-66-53-14-100-78-96-71*106-87-108-61-53-23-37-2-79-0-101-88-121-91-123-35-125*54-38-31-51-52-122-94-81-80-63-105-104*96-71-100-14-66-80-63-58-105-104-43-98*12-15-3-71-78-114-2-79-0-101-88-25*16-114-74-23-124-66-53-14-100-78-71-96*16-114-74-23-124-66-53-14-100-78-71-96*13-83-50-92-126-73-48-2-114-78-96-71*96-71-100-14-66-80-63-58-105-104-43-98*63-80-9-70-124-49-2-48-73-60-75-19*16-114-74-23-49-66-53-14-100-78-96-71*54-38-31-51-52-122-94-81-80-63-105-104*60-73-48-0-77-67-1-118-52-89-59-43*16-114-74-23-124-66-53-14-100-78-71-96*13-83-50-92-126-73-48-2-114-78-96-71*31-51-52-27-81-29-80-63-105-104-59-89*16-114-74-23-72-124-66-53-14-100-78-71*47-31-51-52-27-81-29-80-63-105-104-59*6-45-32-60-73-48-2-49-124-70-9-80-36*16-114-74-23-72-124-66-53-14-100-78-71*99-48-2-49-72-66-80-63-58-104-18-4*20-32-60-73-48-79-2-49-66-14-100-78-96-71*16-114-74-23-72-124-66-53-14-100-78-71*16-114-74-23-49-66-53-14-100-78-96-71*16-114-74-23-49-66-53-14-100-78-96-71*119-21-22-30-38-52-122-29-80-5-24-102*32-60-73-48-79-2-49-66-53-14-100-96-71*57-8-41-25-88-101-7-26-48-73-6-45*13-50-40-7-11-1-81-29-5-24-86-117*44-93-120-0-79-2-114-78-3-56-34-68*16-114-74-23-49-66-53-14-100-78-96-71*24-5-9-72-70-124-49-2-48-73-60-32*84-110-87-61-53-23-2-97-0-26-40-95*32-60-73-48-97-11-77-67-118-52-89-59*114-74-23-124-72-66-53-14-100-78-71-96*16-114-74-23-72-124-66-53-14-100-78-71*16-114-23-124-72-66-53-14-100-78-96-71*16-114-74-23-49-66-53-14-100-78-96-71*16-114-23-124-72-66-53-14-100-78-96-71*16-114-74-23-124-66-53-14-100-78-71-96*96-71-100-14-66-80-63-58-105-104-43-98*13-83-50-92-126-73-48-2-114-78-96-71*10-109-69-43-90-113-89-31-39-88-82-44*55-16-114-74-23-49-124-70-9-80-63-58*16-114-23-124-72-66-53-14-100-78-96-71*71-96-100-14-53-66-80-63-58-105-43-103-64*22-41-30-33-39-46-11-2-114-78-71-96*113-59-43-104-58-63-80-66-53-14-61-115*111-28-17-42-89-31-39-88-82-65-116-50-83-76-85*6-45-32-60-73-48-2-49-124-70-9-80*17-42-105-58-63-80-66-14-100-96-3-107*114-74-23-72-124-66-53-14-100-78-71-96*13-83-50-92-126-73-48-2-114-78-96-71*96-71-100-14-66-80-63-58-105-104-43-98*8-41-25-88-101-7-26-48-73-6-45-112*16-114-74-23-72-124-66-14-100-78-96-71*55-16-114-74-23-49-124-70-9-80-63-58*

\
Best Passenger Route set sting:
\
62-16-114-23-74-2-79-11-77-1-118-52-89*76-83-50-65-82-88-39-31-89-113-43-103*113-17-28-64-4-43-42-89-52-118-1-11-97-48-73-6-45-112-60-75-20-50-83-76-92*37-74-2-97-48-73-60-55-16-114-23-72-9-63-105-43-103-111-64-28-17-89-42-59*95-123-35-91-25-41-21-8-22-30-38-31-51-52-122-29-5-24-87-110-84-68-34-56-15*44-82-93-120-7-65-116-95-13-50-83-92-126-73-48-2-114-78-3-68-34-56-84-110-87*27-118-46-39-38-51-52-122-94-81-29-80-63-105-104-59-89-17-113-90-43-103-98-64-28*16-55-60-112-32-45-6-73-48-0-11-77-1-118-52-51-47-54-38-39-88-91-123-35-125*75-19-92-83-50-40-116-93-88-39-31-89-17-64-111-28-42-59-113-98-43-4-10-86*89-51-54-33-39-25-41-8-57-30-38-31-52-27-29-80-66-14-61-115-108-106-87-84-110*24-86-10-117-18-69-103-43-90-113-89-52-118-1-11-0-26-126-48-99-55-16-112-60-75*3-12-100-14-66-80-29-94-122-52-51-54*91-88-39-25-38-54-30-41-33-31-51-52-122-94-29-80-66-53-14-100-12-68-34*62-16-55-99-48-26-7-101-88-125-22-119*20-85-19-76-92-126-26-11-1-118-52-89-113-43-59-90-42-28-64-4-109-10-69-103-111*86-117-10-69-43-42-89-31-38-33-30-22-119*81-67-77-0-11-97-37-2-114-16-112-6-45-73-48-26-101-88-25-41-8-119-21-22-125*34-56-15-12-78-114-2-79-0-120-116-65-95-82-40*101-120-65-116-40-50-76-85-20-32-60-73-48-2-49-124-66-80-36-24-117-86-109-10-69*23-49-72-124-9-29-27-52-89-42-28-64-43-105-58-63-80-66-74-114-16-62-112-55-45*38-52-27-67-81-94-29-5-36-58-63-80-9-72-49-2-48-73-126-92-83-13-76-20-75*59-89-51-52-118-1-77-11-0-48-73-60*40-65-116-50-83-13-95-123-35-21-125-88-101-0-79-2-114-78-96-71-3-56-12-15-107*113-90-103-109-18-69-4-43-105-63-80-9-124-72-49-2-48-73-6-45-32-20-50-92-83*45-6-55-60-32-75-85-76-92-126-73-48-2-23-53-61-108-102-87-110-84-68-12-56*89-17-43-103-18-4-69-10-86-24-5-80-66-49-2-48-126-92-13-95-65-40-50-76*64-111-103-28-42-89-52-118-1-77-0-48-73-60-75-19-85-76-83-13-50-65-7-120*33-25-91-123-95-13-83-50-116-65-82-88-39-31-89-42-113-90-103-43-105-58-5-36-63*107-56-3-71-78-100-14-66-80-63-58-105-42-89-31-39-88-82-44-40-50-65-93-101*78-100-96-71-3-12-56-34-68-84-87-24-5-36-58-104-59-89-42-17-113-90-98-28*126-32-20-92-83-13-50-40-7-11-1-27-29-5-36-24-86-18-104-59-113-43-90-42-17*56-12-3-115-106-108-61-14-66-80-29-122-52-31-38-30-22-21-119-8*50-76-92-20-32-75-60-73-48-2-49-124-72-9-63-58-105-104-42-17-113-90-98-103-64*12-56-107-15-3-100-14-53-66-80-63-105-42-17-113-43-69-10-18-109-4-103-98-28*21-8-41-30-38-52-122-29-36-24-102-87-84*44-93-120-0-79-37-23-53-61-87-110-84*15-107-56-84-110-87-24-86-117-10-109-69-43-42-89-31-39-88-82-95-123-125-91-35*56-107-3-96-71-100-14-53-66-80-63-58-105-43-98-113-89-51-31-39-88-91-35-123-125*32-6-45-55-16-112-60-73-48-97-11-77-67-118-52-89-17-64-111-4-18-69-103*110-84-56-68-12-15-107-3-71-78-114-2-79-0-101-88-125-35-123-91-82-93-26*122-81-27-1-11-26-126-92-50-19-32-60-73-48-2-23-53-14-61-108-106-102-87-110-84*113-42-90-98-103-4-18-104-58-63-80-9-72-124-49-2-48-99-55-45-6-60-32-126-92*64-103-109-10-86-117-24-102-106-108-14-53-23-37-2-79-0-101-88-121-91-82-95-44-116*35-91-125-22-21-119-8-30-39-46-11-2-23-53-14-106-115-108-61-102-87-24-86-10-117*30-88-121-91-25-38-47-54-51-52-122-29-9-70-66-14-100-12-56-107-3-71-96-78*9-36-5-63-80-66-70-124-72-49-2-48-126-92-76*21-22-35-125-88-25-41-30-33-38-31-51-52-118-1-77-11-0-48-73-6-45-112-16-62*112-6-45-60-32-75-20-85-76-92-126-73-48-2-23-53-61-108-87-110-84-68-12-56*16-114-74-23-72-124-66-53-14-100-96-78*75-19-85-92-126-26-11-1-118-52-51-89-17-64-111-4-43-90*89-17-28-43-103-4-69-10-86-24-36-80-66-49-2-48-126-92-50-40-65-95-13-83-76*0-79-2-49-124-70-72-9-63-58-104-43-109-10-117-86-24-36-5-80-66-74-114-16-112*64-111-28-42-113-17-98-103-43-59-89-52-118-1-77-11-2-114-16-62*84-110-68-34-56-12-100-78-114-2-79-0-120-93-44-116-40-65-7-26-11-67-81-94-29*41-57-8-119-21-22-30-39-46-11-2-37-23-53-14-61-108-106-102-24-86-117-18-109-69*8-57-30-33-39-46-1-67-77-0-48-73-60-75-32-126-26-93*99-55-60-32-6-45-73-48-2-49-124-9-63-105-43-69-4-103-28-98-113-17-64-111*55-16-114-23-49-72-9-80-63-105-43-90-113-59-42-104-58-5-36*117-10-86-24-36-5-80-66-49-2-48-126-92-76-83-50-65-40-116-101-7-0-97-11-79*75-85-20-76-13-83-92-126-48-2-49-66-80-36-24-117-86-109-10*