3_2_Mumford0_GA_Mutations RESULTS EVALUATION:
\
HV:0.7392 | BM:0.8087

\
	Operator	Passenger
\
f1_ATT	29.5940		16.6512
\
f2_TRT	122		283
\
d_0	26.2070		55.8160
\
d_1	36.3748		41.0101
\
d_2	23.5065		3.1740
\
d_un	13.9116		0.0000

\
Best Operator Route set:
\
[[5, 21],
[5, 21],
[15, 10, 2, 29, 27, 7, 24, 4],
[5, 21],
[11, 17, 22, 18, 0, 13, 6, 21],
[5, 21],
[9, 3, 1, 24, 14, 20, 23],
[5, 21],
[26, 8, 12, 19, 22, 25, 28, 16, 27],
[5, 21],
[5, 21],
[5, 21]]

\
Best Passenger Route set:
\
[[21, 10, 2, 27, 16, 28],
[9, 23, 14, 7, 27, 10, 15],
[4, 24, 1, 3, 23, 14, 20, 7, 16, 6, 5],
[19, 22, 18, 0, 25, 7, 20, 24, 4],
[2, 29, 27, 16, 28, 17, 19, 8],
[4, 24, 14, 11, 17, 19, 12, 8],
[8, 19, 22, 18, 13, 6, 10, 15],
[26, 0, 25, 28, 16, 15, 21, 5],
[19, 22, 18, 0, 28, 25],
[8, 12, 0, 18, 13, 6, 5, 21],
[9, 1, 3, 11, 17, 22, 18, 13],
[5, 21]]

\
Best Operator Route set string:
\
5-21*5-21*15-10-2-29-27-7-24-4*5-21*11-17-22-18-0-13-6-21*5-21*9-3-1-24-14-20-23*5-21*26-8-12-19-22-25-28-16-27*5-21*5-21*5-21*

\
Best Passenger Route set sting:
\
21-10-2-27-16-28*9-23-14-7-27-10-15*4-24-1-3-23-14-20-7-16-6-5*19-22-18-0-25-7-20-24-4*2-29-27-16-28-17-19-8*4-24-14-11-17-19-12-8*8-19-22-18-13-6-10-15*26-0-25-28-16-15-21-5*19-22-18-0-28-25*8-12-0-18-13-6-5-21*9-1-3-11-17-22-18-13*5-21*