33_2_Mumford0__ALL_param RESULTS EVALUATION:
\
HV:0.7938 | BM:0.8087

\
	Operator	Passenger
\
f1_ATT	24.5839		15.8306
\
f2_TRT	97		658
\
d_0	24.2284		71.1275
\
d_1	43.4446		28.2061
\
d_2	22.8431		0.6664
\
d_un	9.4839		0.0000

\
Best Operator Route set:
\
[[7, 27, 2],
[8, 12],
[0, 18],
[15, 10, 2],
[28, 25],
[29, 2],
[5, 21, 6, 13, 0, 25, 7, 20, 14, 23, 3, 9],
[20, 24, 4],
[7, 16],
[26, 0],
[1, 3],
[19, 12, 0, 22, 17, 11]]

\
Best Passenger Route set:
\
[[22, 19, 18, 0, 13, 6, 21, 10, 7, 16, 27, 2, 29, 15, 5],
[13, 6, 16, 28, 25, 22, 12, 18, 0, 17, 11, 14, 23, 3, 1],
[26, 0, 18, 22, 12, 19, 17, 28, 7, 16, 27, 2, 10, 15, 21],
[23, 9, 1, 4, 24, 20, 7, 25, 0, 18, 13, 6, 5, 21, 10],
[9, 1, 14, 23, 3, 24, 7, 16, 27, 2, 29, 15, 21, 10, 6],
[6, 13, 18, 0, 22, 17, 11, 14, 20, 7, 27, 10, 15, 29, 2],
[11, 3, 1, 23, 14, 20, 24, 4, 7, 25, 0, 12, 8],
[10, 27, 15, 5, 6, 13, 18, 12, 17, 19, 0, 25, 28],
[15, 2, 6, 5, 21, 10, 29, 27, 16, 28, 17, 19, 12, 8],
[21, 6, 13, 18, 0, 26, 8, 12, 19, 22, 17, 11, 3, 1, 9],
[29, 27, 2, 21, 5, 6, 16, 7, 14, 23, 1, 9, 3, 4, 20],
[12, 8, 19, 18, 0, 25, 11, 3, 4, 24, 23, 9, 14, 1]]

\
Best Operator Route set string:
\
7-27-2*8-12*0-18*15-10-2*28-25*29-2*5-21-6-13-0-25-7-20-14-23-3-9*20-24-4*7-16*26-0*1-3*19-12-0-22-17-11*

\
Best Passenger Route set sting:
\
22-19-18-0-13-6-21-10-7-16-27-2-29-15-5*13-6-16-28-25-22-12-18-0-17-11-14-23-3-1*26-0-18-22-12-19-17-28-7-16-27-2-10-15-21*23-9-1-4-24-20-7-25-0-18-13-6-5-21-10*9-1-14-23-3-24-7-16-27-2-29-15-21-10-6*6-13-18-0-22-17-11-14-20-7-27-10-15-29-2*11-3-1-23-14-20-24-4-7-25-0-12-8*10-27-15-5-6-13-18-12-17-19-0-25-28*15-2-6-5-21-10-29-27-16-28-17-19-12-8*21-6-13-18-0-26-8-12-19-22-17-11-3-1-9*29-27-2-21-5-6-16-7-14-23-1-9-3-4-20*12-8-19-18-0-25-11-3-4-24-23-9-14-1*