9_2_Mumford0_GA_Mut_prob RESULTS EVALUATION:
\
HV:0.8297 | BM:0.8087

\
	Operator	Passenger
\
f1_ATT	24.9526		14.9532
\
f2_TRT	96		577
\
d_0	25.1432		77.3059
\
d_1	43.6550		22.6941
\
d_2	23.6761		0.0000
\
d_un	7.5257		0.0000

\
Best Operator Route set:
\
[[26, 0],
[1, 3],
[18, 0],
[22, 19, 12, 8],
[20, 24],
[5, 21, 6, 13, 0, 22, 25, 7, 20, 14, 23, 1, 9],
[7, 16, 27, 2, 29],
[4, 24],
[27, 10, 15],
[11, 25],
[17, 22],
[28, 25]]

\
Best Passenger Route set:
\
[[25, 22, 0, 13, 6, 5, 21, 15, 10, 27, 7, 14, 23, 1, 3],
[5, 15, 16, 28, 0, 22, 25, 11, 14, 24],
[25, 7, 4, 24, 23, 9, 1, 3, 11, 17, 18, 0, 13, 6, 21],
[8, 12, 18, 0, 25, 28, 16, 27, 29, 2, 6],
[17, 12, 19, 22, 18, 0, 28, 7, 4, 24, 3, 1, 23, 14, 20],
[1, 3, 9, 23, 14, 7, 16, 6, 5, 21, 15, 10, 2, 29],
[9, 3, 11, 25, 28, 16, 6, 5, 21, 10, 27, 7, 20, 4],
[8, 12, 19, 17, 28, 16, 10, 2, 29, 27, 7, 4, 24],
[9, 23, 14, 11, 17, 22, 0, 13, 6, 10, 27, 7, 4],
[14, 9, 3, 1, 24, 20, 7, 16, 6, 5],
[26, 0, 19, 12, 18, 13, 6, 15, 29, 2, 7, 14, 1, 3, 9],
[19, 18, 0, 26, 8, 12, 22, 25, 7, 20, 24, 4, 1, 3, 9]]

\
Best Operator Route set string:
\
26-0*1-3*18-0*22-19-12-8*20-24*5-21-6-13-0-22-25-7-20-14-23-1-9*7-16-27-2-29*4-24*27-10-15*11-25*17-22*28-25*

\
Best Passenger Route set sting:
\
25-22-0-13-6-5-21-15-10-27-7-14-23-1-3*5-15-16-28-0-22-25-11-14-24*25-7-4-24-23-9-1-3-11-17-18-0-13-6-21*8-12-18-0-25-28-16-27-29-2-6*17-12-19-22-18-0-28-7-4-24-3-1-23-14-20*1-3-9-23-14-7-16-6-5-21-15-10-2-29*9-3-11-25-28-16-6-5-21-10-27-7-20-4*8-12-19-17-28-16-10-2-29-27-7-4-24*9-23-14-11-17-22-0-13-6-10-27-7-4*14-9-3-1-24-20-7-16-6-5*26-0-19-12-18-13-6-15-29-2-7-14-1-3-9*19-18-0-26-8-12-22-25-7-20-24-4-1-3-9*