2_3_Mumford1_GA_Crossover RESULTS EVALUATION:
\
HV:0.7670 | BM:0.7758

\
	Operator	Passenger
\
f1_ATT	32.8502		23.8523
\
f2_TRT	472		954
\
d_0	20.1478		43.0185
\
d_1	45.9487		54.2268
\
d_2	29.3432		2.7547
\
d_un	4.5603		0.0000

\
Best Operator Route set:
\
[[2, 50, 43, 20, 55, 10, 16, 26, 30, 24],
[39, 48, 3, 66, 19, 38, 36, 45, 58, 64],
[8, 51, 35, 34, 41, 25, 4, 7, 40, 46],
[10, 55, 20, 33, 22, 38, 19, 54, 18, 32],
[23, 2, 0, 69, 3, 66, 19, 38, 22, 33],
[57, 34, 58, 64, 52, 20, 17, 61, 60, 44],
[29, 3, 66, 19, 38, 36, 45, 58, 64, 52],
[9, 68, 59, 10, 8, 28, 56, 6, 47, 53],
[21, 24, 30, 26, 16, 10, 17, 61, 44, 14],
[58, 64, 52, 10, 16, 26, 30, 24, 21, 63],
[2, 0, 69, 3, 66, 19, 38, 22, 33, 13],
[68, 9, 11, 31, 1, 26, 16, 10, 55, 20],
[62, 42, 15, 49, 1, 26, 16, 10, 55, 20],
[39, 32, 37, 65, 5, 67, 27, 25, 12, 4],
[32, 37, 65, 5, 67, 27, 25, 12, 4, 7]]

\
Best Passenger Route set:
\
[[62, 26, 16, 55, 20, 43, 50, 23, 69, 3, 29, 48],
[29, 3, 66, 19, 36, 45, 41, 25, 4, 7, 46, 40],
[25, 41, 35, 6, 63, 30, 26, 8, 52, 64, 58, 45, 36, 54, 18, 39, 48],
[46, 40, 53, 47, 6, 56, 28, 8, 55, 10, 17, 50, 0],
[31, 11, 1, 26, 8, 51, 35, 57, 41, 27, 67, 37, 18, 69, 3, 0, 2],
[39, 48, 66, 38, 22, 33, 20, 17, 9, 11, 31, 1],
[19, 65, 67, 27, 25, 4, 7, 47, 6, 56, 8, 10, 59, 9, 68, 11, 49],
[28, 10, 17, 44, 61, 14, 2, 50, 13, 22, 45, 41, 12, 4, 7, 46],
[24, 30, 42, 15, 49, 1, 59, 17, 43, 50, 23, 69, 3, 48, 29, 66, 38, 54],
[46, 40, 4, 25, 57, 35, 51, 64, 52, 20, 17, 61, 43, 13, 33, 58, 34, 41, 12, 27],
[47, 40, 7, 53, 4, 25, 41, 36, 38, 69, 23, 0],
[48, 66, 19, 36, 45, 34, 35, 6, 21, 24, 30, 26, 16, 10, 17, 43, 50, 0],
[69, 48, 39, 65, 37, 5, 54, 19, 22, 33, 20, 17, 60, 44, 14, 2, 0, 3, 66],
[41, 35, 6, 21, 62, 42, 15, 49, 26, 16, 10, 20, 33, 22, 38, 19, 18, 32, 65],
[18, 65, 5, 54, 36, 45, 58, 64, 52, 55, 10, 16, 1, 68, 9]]

\
Best Operator Route set string:
\
2-50-43-20-55-10-16-26-30-24*39-48-3-66-19-38-36-45-58-64*8-51-35-34-41-25-4-7-40-46*10-55-20-33-22-38-19-54-18-32*23-2-0-69-3-66-19-38-22-33*57-34-58-64-52-20-17-61-60-44*29-3-66-19-38-36-45-58-64-52*9-68-59-10-8-28-56-6-47-53*21-24-30-26-16-10-17-61-44-14*58-64-52-10-16-26-30-24-21-63*2-0-69-3-66-19-38-22-33-13*68-9-11-31-1-26-16-10-55-20*62-42-15-49-1-26-16-10-55-20*39-32-37-65-5-67-27-25-12-4*32-37-65-5-67-27-25-12-4-7*

\
Best Passenger Route set sting:
\
62-26-16-55-20-43-50-23-69-3-29-48*29-3-66-19-36-45-41-25-4-7-46-40*25-41-35-6-63-30-26-8-52-64-58-45-36-54-18-39-48*46-40-53-47-6-56-28-8-55-10-17-50-0*31-11-1-26-8-51-35-57-41-27-67-37-18-69-3-0-2*39-48-66-38-22-33-20-17-9-11-31-1*19-65-67-27-25-4-7-47-6-56-8-10-59-9-68-11-49*28-10-17-44-61-14-2-50-13-22-45-41-12-4-7-46*24-30-42-15-49-1-59-17-43-50-23-69-3-48-29-66-38-54*46-40-4-25-57-35-51-64-52-20-17-61-43-13-33-58-34-41-12-27*47-40-7-53-4-25-41-36-38-69-23-0*48-66-19-36-45-34-35-6-21-24-30-26-16-10-17-43-50-0*69-48-39-65-37-5-54-19-22-33-20-17-60-44-14-2-0-3-66*41-35-6-21-62-42-15-49-26-16-10-20-33-22-38-19-18-32-65*18-65-5-54-36-45-58-64-52-55-10-16-1-68-9*