33_2_Mumford0__ALL_param RESULTS EVALUATION:
\
HV:0.8072 | BM:0.8087

\
	Operator	Passenger
\
f1_ATT	26.3324		15.5548
\
f2_TRT	95		482
\
d_0	24.8276		66.5975
\
d_1	41.4689		32.9846
\
d_2	26.0375		0.4179
\
d_un	7.6660		0.0000

\
Best Operator Route set:
\
[[17, 19, 12],
[25, 28],
[0, 25],
[10, 15],
[26, 0],
[5, 21, 6],
[1, 3],
[12, 8],
[18, 0],
[16, 27, 7, 20, 14, 24],
[29, 2, 10, 6, 13, 0, 22, 17, 11, 14, 23, 3, 9],
[4, 24]]

\
Best Passenger Route set:
\
[[8, 12, 19, 22, 25, 28, 16, 27, 2, 29, 10],
[15, 2, 7, 14, 11, 17],
[24, 20, 7, 28, 0, 18, 13, 6, 10, 16],
[23, 20, 7, 25, 0, 26, 8, 19, 17, 28, 16, 15, 5],
[18, 17, 22, 25, 7, 14, 9, 3, 4],
[5, 15, 10, 7, 24, 4, 3, 1],
[11, 3, 9, 1, 24, 14, 23, 4, 7, 25, 0, 18, 13, 6, 21],
[8, 12, 18, 13, 6, 2, 29, 27, 7, 14, 1, 3, 11, 17, 19],
[25, 28],
[23, 9, 1, 3, 11, 17, 22, 0, 13, 6, 21, 10, 2, 7],
[8, 19, 12, 18],
[26, 8, 12, 17, 11, 3, 23, 14, 7, 16, 6, 5, 21, 15, 29]]

\
Best Operator Route set string:
\
17-19-12*25-28*0-25*10-15*26-0*5-21-6*1-3*12-8*18-0*16-27-7-20-14-24*29-2-10-6-13-0-22-17-11-14-23-3-9*4-24*

\
Best Passenger Route set sting:
\
8-12-19-22-25-28-16-27-2-29-10*15-2-7-14-11-17*24-20-7-28-0-18-13-6-10-16*23-20-7-25-0-26-8-19-17-28-16-15-5*18-17-22-25-7-14-9-3-4*5-15-10-7-24-4-3-1*11-3-9-1-24-14-23-4-7-25-0-18-13-6-21*8-12-18-13-6-2-29-27-7-14-1-3-11-17-19*25-28*23-9-1-3-11-17-22-0-13-6-21-10-2-7*8-19-12-18*26-8-12-17-11-3-23-14-7-16-6-5-21-15-29*