33_3_Mumford1__ALL_param RESULTS EVALUATION:
\
HV:0.7499 | BM:0.7758

\
	Operator	Passenger
\
f1_ATT	29.5791		23.2554
\
f2_TRT	532		1427
\
d_0	23.6734		49.0528
\
d_1	53.7196		49.5008
\
d_2	20.2973		1.4464
\
d_un	2.3098		0.0000

\
Best Operator Route set:
\
[[27, 41, 34, 58, 64, 52, 20, 17, 61, 60],
[46, 40, 53, 47, 6, 56, 28, 8, 10, 59],
[32, 39, 18, 54, 36, 45, 58, 51, 35, 6],
[23, 2, 0, 69, 3, 66, 19, 38, 22, 33],
[29, 48, 66, 19, 36, 45, 34, 35, 51, 8, 26, 62],
[4, 25, 12, 41, 45, 22, 13, 50, 2, 14],
[7, 4, 12, 25, 41, 34, 57, 35, 6, 47],
[50, 43, 20, 55, 10, 16, 26, 30, 24, 21],
[63, 24, 30, 26, 16, 10, 17, 61, 60, 44],
[5, 18, 54, 36, 45, 58, 64, 52, 10, 16],
[68, 9, 11, 31, 1, 26, 8, 51, 41, 45],
[49, 26, 16, 10, 55, 20, 33, 22, 19, 66],
[37, 65, 5, 54, 19, 22, 33, 43, 61, 60],
[22, 33, 20, 55, 10, 16, 26, 49, 15, 42],
[12, 25, 27, 41, 36, 54, 18, 5, 37, 67]]

\
Best Passenger Route set:
\
[[5, 65, 32, 18, 54, 36, 45, 58, 51, 56, 28, 8, 26, 16, 1, 68, 9, 49, 62, 21, 6, 47],
[10, 52, 20, 13, 50, 23, 29, 48, 39, 18, 5, 37, 67, 27, 41, 51, 8, 26, 1, 31, 11, 15, 42, 62, 24, 21, 63, 6, 35, 57],
[7, 40, 46, 53, 47, 6, 56, 8, 10, 55, 17, 60, 44, 14, 2, 0, 69, 66, 54, 5, 67, 27, 12, 25, 34, 45, 36, 22, 33, 43],
[37, 32, 39, 48, 3, 23, 50, 17, 9, 11, 31],
[61, 43, 13, 22, 45, 34, 35, 57, 41, 58, 33, 50, 23, 69, 48, 39, 32, 65, 37, 67, 27, 25, 4, 53, 46, 40, 47, 6, 21, 63],
[5, 18, 66, 29, 3, 69, 38, 36, 41, 35, 6, 63, 21, 24, 42, 62, 30, 15, 49, 11, 9, 68, 59, 10, 55],
[46, 40, 7, 4, 12, 27, 67, 18, 39, 48, 69, 0, 50, 33, 58, 64, 52, 55, 10, 59, 68, 9, 16, 26, 30, 63, 6, 56, 28, 8],
[60, 14, 2, 23, 50, 17, 59, 1, 49, 62, 21, 24, 30, 26, 16, 10, 20, 33, 22, 38, 54, 5, 37, 65, 67, 18, 69, 19, 29, 48],
[53, 46, 40, 12, 41, 45, 22, 13, 43, 17, 59, 9, 31],
[46, 40, 4, 12, 41, 58, 64, 52, 8, 28, 10, 55, 16, 1, 49, 42, 15, 62, 24, 63, 6, 47],
[37, 65, 5, 18, 19, 66, 3, 23, 0, 2, 50, 43, 20, 55, 8, 51, 34, 41, 25, 12, 40, 4, 53, 7, 46],
[14, 60, 61, 17, 20, 52, 64, 51, 57, 25, 4, 7, 40, 46],
[42, 15, 49, 1, 59, 17, 10, 55, 16, 26, 62, 24, 21],
[44, 14, 2, 0, 3, 38, 19, 36, 45, 34, 57, 35, 51, 56, 8, 55, 20, 13, 33],
[37, 65, 19, 22, 33, 43, 50, 23, 69, 29, 48, 66, 38, 36, 45, 34, 51, 8, 26, 49, 15, 42, 30, 24, 21, 6, 47, 7, 40, 4]]

\
Best Operator Route set string:
\
27-41-34-58-64-52-20-17-61-60*46-40-53-47-6-56-28-8-10-59*32-39-18-54-36-45-58-51-35-6*23-2-0-69-3-66-19-38-22-33*29-48-66-19-36-45-34-35-51-8-26-62*4-25-12-41-45-22-13-50-2-14*7-4-12-25-41-34-57-35-6-47*50-43-20-55-10-16-26-30-24-21*63-24-30-26-16-10-17-61-60-44*5-18-54-36-45-58-64-52-10-16*68-9-11-31-1-26-8-51-41-45*49-26-16-10-55-20-33-22-19-66*37-65-5-54-19-22-33-43-61-60*22-33-20-55-10-16-26-49-15-42*12-25-27-41-36-54-18-5-37-67*

\
Best Passenger Route set sting:
\
5-65-32-18-54-36-45-58-51-56-28-8-26-16-1-68-9-49-62-21-6-47*10-52-20-13-50-23-29-48-39-18-5-37-67-27-41-51-8-26-1-31-11-15-42-62-24-21-63-6-35-57*7-40-46-53-47-6-56-8-10-55-17-60-44-14-2-0-69-66-54-5-67-27-12-25-34-45-36-22-33-43*37-32-39-48-3-23-50-17-9-11-31*61-43-13-22-45-34-35-57-41-58-33-50-23-69-48-39-32-65-37-67-27-25-4-53-46-40-47-6-21-63*5-18-66-29-3-69-38-36-41-35-6-63-21-24-42-62-30-15-49-11-9-68-59-10-55*46-40-7-4-12-27-67-18-39-48-69-0-50-33-58-64-52-55-10-59-68-9-16-26-30-63-6-56-28-8*60-14-2-23-50-17-59-1-49-62-21-24-30-26-16-10-20-33-22-38-54-5-37-65-67-18-69-19-29-48*53-46-40-12-41-45-22-13-43-17-59-9-31*46-40-4-12-41-58-64-52-8-28-10-55-16-1-49-42-15-62-24-63-6-47*37-65-5-18-19-66-3-23-0-2-50-43-20-55-8-51-34-41-25-12-40-4-53-7-46*14-60-61-17-20-52-64-51-57-25-4-7-40-46*42-15-49-1-59-17-10-55-16-26-62-24-21*44-14-2-0-3-38-19-36-45-34-57-35-51-56-8-55-20-13-33*37-65-19-22-33-43-50-23-69-29-48-66-38-36-45-34-51-8-26-49-15-42-30-24-21-6-47-7-40-4*