3_2_Mumford0_GA_Mutations RESULTS EVALUATION:
\
HV:0.7551 | BM:0.8087

\
	Operator	Passenger
\
f1_ATT	28.3092		14.9841
\
f2_TRT	147		662
\
d_0	36.3485		79.6820
\
d_1	37.0265		20.3180
\
d_2	23.8047		0.0000
\
d_un	2.8203		0.0000

\
Best Operator Route set:
\
[[25, 28, 16, 2, 15, 10, 29],
[5, 21],
[8, 12, 19, 22, 18, 0, 13, 6, 21],
[5, 21, 15],
[5, 21],
[5, 21],
[5, 21],
[5, 21],
[7, 24, 20, 4, 3, 1, 9, 23, 14, 11, 17, 22, 18, 0, 26],
[5, 21, 10, 27, 7],
[5, 21],
[5, 21]]

\
Best Passenger Route set:
\
[[5, 21, 10, 15, 2, 29, 27, 16, 28, 17, 19, 8, 26, 0, 25],
[9, 3, 11, 17, 22, 0, 25, 7, 20, 14, 23, 1, 24, 4],
[9, 1, 3, 23, 14, 7, 27, 2, 29, 15, 10, 6, 13, 0, 12],
[29, 27, 7, 24, 4, 14, 23, 9, 1, 3, 11, 17, 18, 0, 26],
[21, 5, 6, 10, 7, 4, 1, 3, 23, 14, 11, 17, 19, 12, 8],
[5, 15, 10, 27, 16, 7, 28, 0, 18, 12, 19, 22, 25, 11, 3],
[9, 1, 3, 23, 14, 7, 16, 6, 5, 21, 2, 29, 10, 27, 15],
[12, 8, 26, 0, 28, 17, 22, 19, 18, 13, 6, 15, 10, 2, 7],
[27, 7, 20, 23, 9, 3, 11, 17, 22, 18, 0, 13, 6, 21, 5],
[26, 8, 12, 19, 22, 18, 13, 6, 5, 21, 15, 16, 7, 14, 9],
[4, 24, 20, 7, 25, 0, 18, 22, 19, 12, 17, 28, 16, 2, 29],
[11, 25, 28, 16, 6, 5, 21, 15, 10, 27, 7, 20, 4, 24, 14]]

\
Best Operator Route set string:
\
25-28-16-2-15-10-29*5-21*8-12-19-22-18-0-13-6-21*5-21-15*5-21*5-21*5-21*5-21*7-24-20-4-3-1-9-23-14-11-17-22-18-0-26*5-21-10-27-7*5-21*5-21*

\
Best Passenger Route set sting:
\
5-21-10-15-2-29-27-16-28-17-19-8-26-0-25*9-3-11-17-22-0-25-7-20-14-23-1-24-4*9-1-3-23-14-7-27-2-29-15-10-6-13-0-12*29-27-7-24-4-14-23-9-1-3-11-17-18-0-26*21-5-6-10-7-4-1-3-23-14-11-17-19-12-8*5-15-10-27-16-7-28-0-18-12-19-22-25-11-3*9-1-3-23-14-7-16-6-5-21-2-29-10-27-15*12-8-26-0-28-17-22-19-18-13-6-15-10-2-7*27-7-20-23-9-3-11-17-22-18-0-13-6-21-5*26-8-12-19-22-18-13-6-5-21-15-16-7-14-9*4-24-20-7-25-0-18-22-19-12-17-28-16-2-29*11-25-28-16-6-5-21-15-10-27-7-20-4-24-14*