9_4_Mumford2_GA_Mut_prob RESULTS EVALUATION:
\
HV:0.6446 | BM:0.6490

\
	Operator	Passenger
\
f1_ATT	30.7238		26.1621
\
f2_TRT	1863		4160
\
d_0	20.7341		46.4975
\
d_1	59.3294		52.4175
\
d_2	19.5800		1.0850
\
d_un	0.3564		0.0000

\
Best Operator Route set:
\
[[1, 87, 55, 45, 2, 15, 34, 18, 92, 44],
[78, 39, 55, 45, 63, 53, 90, 91, 100, 93],
[70, 103, 12, 63, 55, 39, 65, 17, 95, 50, 20],
[29, 43, 30, 26, 82, 19, 22, 85, 6, 81],
[75, 50, 95, 27, 94, 85, 19, 33, 14, 76],
[8, 90, 91, 52, 89, 64, 36, 107, 77, 4],
[42, 73, 96, 64, 92, 9, 19, 102, 88, 71],
[38, 63, 53, 8, 90, 49, 91, 52, 89, 109],
[75, 20, 95, 27, 94, 83, 15, 35, 91, 49],
[13, 32, 50, 68, 95, 17, 56, 87, 80, 58, 60],
[67, 98, 18, 15, 2, 45, 55, 39, 65, 78],
[67, 98, 18, 15, 2, 45, 55, 39, 65, 78],
[82, 19, 22, 6, 81, 105, 94, 101, 55, 87, 0, 61],
[13, 32, 68, 95, 17, 56, 87, 80, 58, 60],
[74, 12, 62, 8, 90, 49, 52, 89, 64, 79],
[67, 98, 18, 15, 2, 45, 55, 39, 65, 78],
[55, 45, 63, 53, 8, 90, 91, 52, 89, 109],
[28, 21, 27, 101, 55, 45, 63, 12, 16, 47],
[46, 86, 6, 85, 3, 66, 18, 92, 64, 109],
[25, 70, 103, 62, 53, 63, 45, 55, 101, 27],
[13, 32, 59, 27, 94, 83, 15, 35, 91, 49],
[41, 47, 16, 12, 62, 8, 90, 91, 52, 89],
[42, 96, 64, 89, 52, 49, 91, 90, 8, 53],
[42, 73, 96, 64, 92, 9, 19, 102, 71, 88],
[104, 84, 25, 70, 103, 62, 53, 63, 55, 101],
[82, 44, 72, 48, 79, 64, 96, 73, 106, 57],
[42, 5, 36, 108, 72, 44, 82, 26, 43, 30],
[98, 67, 18, 15, 2, 45, 55, 39, 65, 78],
[38, 63, 53, 8, 90, 49, 91, 52, 89, 109],
[64, 11, 89, 52, 49, 91, 90, 53, 38, 80],
[53, 90, 91, 49, 52, 89, 11, 64, 36, 107],
[1, 97, 80, 63, 8, 90, 91, 52, 89, 64],
[23, 19, 22, 85, 81, 105, 94, 101, 55, 39],
[106, 89, 52, 49, 91, 35, 15, 83, 105, 94],
[10, 52, 89, 11, 79, 48, 72, 43, 30, 29],
[104, 84, 7, 49, 91, 90, 8, 63, 38, 80],
[13, 32, 68, 95, 17, 56, 87, 80, 58, 60],
[38, 63, 53, 8, 90, 49, 91, 52, 89, 109],
[33, 19, 22, 54, 15, 2, 63, 38, 80, 97],
[21, 28, 86, 51, 31, 33, 82, 44, 26, 43, 30],
[13, 32, 59, 27, 94, 105, 83, 15, 34, 93],
[104, 84, 7, 49, 91, 35, 15, 83, 94, 105],
[55, 45, 63, 53, 8, 90, 91, 52, 89, 109],
[47, 60, 74, 12, 62, 8, 90, 91, 52, 89],
[46, 86, 28, 21, 68, 95, 17, 56, 87, 97],
[13, 32, 59, 27, 94, 105, 83, 15, 34, 93],
[78, 39, 55, 45, 63, 53, 90, 91, 100, 93],
[42, 5, 36, 108, 72, 44, 82, 99, 14, 76],
[69, 99, 33, 19, 9, 18, 100, 91, 49, 90],
[42, 96, 11, 89, 52, 49, 91, 90, 8, 53],
[82, 44, 72, 48, 79, 64, 96, 73, 106, 57],
[67, 98, 18, 15, 2, 45, 55, 39, 65, 78],
[24, 6, 85, 54, 3, 93, 100, 52, 10, 40],
[12, 62, 8, 90, 49, 52, 89, 73, 42, 5, 77],
[42, 73, 96, 64, 92, 9, 19, 102, 88, 71],
[6, 85, 54, 3, 93, 100, 52, 10, 40, 37]]

\
Best Passenger Route set:
\
[[5, 108, 48, 92, 18, 66, 15, 2, 63, 38, 87, 56, 61, 0, 97, 58],
[76, 14, 33, 99, 69, 30, 43, 72, 36, 5, 42, 57, 37, 104, 25, 7, 49, 35, 34, 3, 85, 66],
[32, 95, 78, 17, 20, 50, 68, 59, 21, 28, 86, 24, 19, 82, 44, 72, 36, 4, 77, 5, 107, 108],
[71, 88, 102, 19, 9, 18, 100, 52, 7, 84, 104],
[92, 72, 48, 44, 82, 33, 31, 23, 9, 18, 98, 67, 100, 52, 10, 40, 37, 57, 106, 89, 42, 5],
[97, 1, 56, 39, 65, 61, 0, 87, 45, 2, 15, 34, 18, 67, 98, 3, 54, 85, 24, 102, 33],
[50, 13, 32, 59, 27, 94, 105, 83, 15, 18, 92, 64, 109, 11, 89, 73, 79, 36, 108],
[104, 84, 37, 10, 7, 25, 70, 103, 62, 53, 63, 45, 55, 101, 27, 21, 28, 46, 51, 86, 24],
[108, 107, 36, 64, 89, 52, 49, 90, 8, 53, 63, 55, 39, 65, 78, 17, 75, 50, 68, 95, 59],
[58, 38, 63, 2, 15, 54, 22, 31, 14, 76],
[63, 38, 74, 60, 58, 97, 1, 87, 55, 101, 94, 81, 6, 22, 19, 33, 99, 69, 43, 30, 44, 26],
[72, 108, 79, 64, 92, 18, 15, 2, 45, 55, 39, 78],
[44, 72, 108, 5, 42, 73, 89, 52, 49, 35, 83, 94, 27, 59, 68, 95, 20, 50, 17, 39, 78, 65],
[41, 47, 58, 74, 12, 8, 90, 49, 52, 89, 11, 64, 36, 108, 107, 5, 42, 96, 73, 79, 72],
[101, 27, 59, 95, 20, 68, 32, 13, 50, 65, 39, 55, 63, 12, 103, 70, 104, 84, 37],
[57, 10, 7, 41, 70, 103, 62, 8, 90, 35, 15, 54, 24, 102, 71, 88, 31, 33, 19],
[21, 13, 32, 95, 59, 68, 50, 65, 39, 55, 45, 2, 15, 34, 18, 67, 92, 72, 108, 5],
[64, 11, 89, 52, 49, 91, 90, 53, 38, 80],
[39, 0, 1, 61, 56, 87, 38, 53, 8, 90, 49, 91, 100, 93, 18, 98],
[28, 13, 32, 50, 17, 78, 65, 39, 0, 87, 55, 101, 94, 81, 6, 85, 19, 82, 26, 29, 43, 30],
[19, 22, 85, 3, 9, 92, 64, 73, 106, 89, 52, 49, 91, 90, 8, 63, 38, 87, 0, 80, 58],
[104, 7, 37, 40, 10, 52, 91, 49, 90, 8, 63, 55, 39, 17, 75, 20, 95, 50, 65, 78],
[24, 19, 82, 99, 69, 30, 43, 72, 79, 73, 89, 52, 7, 25, 70, 104, 84],
[38, 55, 45, 80, 87, 0, 1, 61, 65, 17, 27, 94, 105, 81, 6, 24, 31, 76, 14, 69, 30, 43],
[80, 87, 39, 65, 17, 27, 94, 85, 19, 82, 26, 43, 30, 29],
[95, 17, 56, 61, 0, 1, 97, 80, 38, 55, 45, 2, 83, 15, 18, 92, 64, 36, 107, 77, 4],
[38, 58, 60, 74, 16, 103, 41, 47, 12, 63, 2, 15, 54, 24, 102, 88, 51, 31, 22],
[75, 20, 68, 32, 13, 50, 95, 59, 27, 105, 83, 15, 34, 93, 100, 52, 89, 11, 96, 73, 64, 109],
[69, 14, 76, 99, 33, 19, 3, 34, 35, 8, 12, 103, 70, 41, 60, 58, 97, 80, 55, 101, 94, 105],
[7, 10, 52, 100, 93, 3, 54, 6, 81, 86, 24, 22, 19, 85],
[69, 99, 33, 19, 9, 18, 100, 91, 49, 90],
[28, 21, 32, 13, 50, 95, 27, 94, 105, 83, 15, 34, 18, 92, 64, 96, 11, 79, 108, 36, 107, 48],
[28, 13, 32, 21, 59, 68, 50, 75, 20, 95, 27, 105, 94, 85, 22, 19, 82, 26, 30, 29, 43, 44],
[76, 14, 33, 99, 69, 30, 43, 72, 36, 5, 42, 57, 40, 37, 104, 25, 7, 49, 35, 34, 3, 66],
[32, 95, 50, 68, 21, 28, 86, 6, 85, 54, 3, 9, 92, 64, 96, 42, 5, 36, 72, 79, 48],
[81, 3, 66, 22, 24, 54, 6, 85, 19, 31, 23, 9, 92, 64, 11, 89, 106, 57, 40, 25, 7, 37],
[91, 49, 7, 70, 16, 74, 47, 12, 62, 8, 35, 34, 3, 19, 33, 99, 69, 14, 102, 51, 46, 86],
[24, 19, 23, 82, 44, 72, 108, 36, 5, 42, 57, 10, 70, 41, 74, 47, 16],
[27, 101, 55, 63, 12, 103, 70, 84, 104, 10],
[14, 31, 88, 102, 76, 69, 99, 33, 19, 22, 54, 15, 2, 45, 38, 80, 97, 87, 56, 61, 0, 1],
[89, 52, 10, 7, 84, 104, 37, 25, 70, 41, 12, 63, 45, 2, 15, 54, 22, 31, 76, 99, 69, 14],
[61, 0, 87, 38, 63, 8, 90, 49, 52, 89, 109],
[77, 107, 48, 44, 82, 33, 31, 102, 51, 86],
[31, 71, 88, 51, 86, 28, 21, 59, 27, 101, 55, 38, 74, 60, 41, 70, 84],
[24, 86, 51, 71, 31, 19, 9, 18, 100, 52, 7, 84, 104, 40, 57, 42, 5, 77, 4, 108, 36],
[23, 33, 99, 69, 30, 43, 72, 108, 36, 107, 77],
[106, 57, 7, 37, 40, 10, 52, 49, 91, 35, 83, 94, 27, 32, 13, 21, 86, 24, 54],
[84, 37, 40, 7, 103, 41, 16, 12, 63, 45, 2, 15, 54, 85, 24, 102, 71, 31, 14, 76],
[55, 45, 38, 58, 97, 1, 0, 78, 95, 68, 21, 28, 86, 51, 88, 71, 102, 31, 24, 22],
[29, 30, 43, 26, 44, 92, 67, 18, 15, 2, 63, 38, 80, 0, 61, 56, 65, 78, 17, 50, 95, 20],
[64, 11, 106, 73, 42, 57, 10, 25, 70, 103, 12, 63, 55, 39, 65, 78, 95, 68, 50, 17],
[55, 63, 45, 53, 8, 90, 91, 52, 89, 109],
[47, 12, 63, 45, 2, 15, 54, 85, 6, 81, 86, 21],
[29, 43, 30, 26, 44, 92, 67, 93, 35, 8, 62, 12, 60, 74, 16, 103],
[84, 25, 70, 16, 12, 62, 8, 35, 93, 18, 9, 23, 33, 99, 69, 14, 31, 22, 54, 3, 83, 34],
[55, 45, 38, 12, 74, 60, 16, 47, 62, 8, 90, 49, 52, 89, 96, 42, 5, 36, 4, 108, 107, 77]]

\
Best Operator Route set string:
\
1-87-55-45-2-15-34-18-92-44*78-39-55-45-63-53-90-91-100-93*70-103-12-63-55-39-65-17-95-50-20*29-43-30-26-82-19-22-85-6-81*75-50-95-27-94-85-19-33-14-76*8-90-91-52-89-64-36-107-77-4*42-73-96-64-92-9-19-102-88-71*38-63-53-8-90-49-91-52-89-109*75-20-95-27-94-83-15-35-91-49*13-32-50-68-95-17-56-87-80-58-60*67-98-18-15-2-45-55-39-65-78*67-98-18-15-2-45-55-39-65-78*82-19-22-6-81-105-94-101-55-87-0-61*13-32-68-95-17-56-87-80-58-60*74-12-62-8-90-49-52-89-64-79*67-98-18-15-2-45-55-39-65-78*55-45-63-53-8-90-91-52-89-109*28-21-27-101-55-45-63-12-16-47*46-86-6-85-3-66-18-92-64-109*25-70-103-62-53-63-45-55-101-27*13-32-59-27-94-83-15-35-91-49*41-47-16-12-62-8-90-91-52-89*42-96-64-89-52-49-91-90-8-53*42-73-96-64-92-9-19-102-71-88*104-84-25-70-103-62-53-63-55-101*82-44-72-48-79-64-96-73-106-57*42-5-36-108-72-44-82-26-43-30*98-67-18-15-2-45-55-39-65-78*38-63-53-8-90-49-91-52-89-109*64-11-89-52-49-91-90-53-38-80*53-90-91-49-52-89-11-64-36-107*1-97-80-63-8-90-91-52-89-64*23-19-22-85-81-105-94-101-55-39*106-89-52-49-91-35-15-83-105-94*10-52-89-11-79-48-72-43-30-29*104-84-7-49-91-90-8-63-38-80*13-32-68-95-17-56-87-80-58-60*38-63-53-8-90-49-91-52-89-109*33-19-22-54-15-2-63-38-80-97*21-28-86-51-31-33-82-44-26-43-30*13-32-59-27-94-105-83-15-34-93*104-84-7-49-91-35-15-83-94-105*55-45-63-53-8-90-91-52-89-109*47-60-74-12-62-8-90-91-52-89*46-86-28-21-68-95-17-56-87-97*13-32-59-27-94-105-83-15-34-93*78-39-55-45-63-53-90-91-100-93*42-5-36-108-72-44-82-99-14-76*69-99-33-19-9-18-100-91-49-90*42-96-11-89-52-49-91-90-8-53*82-44-72-48-79-64-96-73-106-57*67-98-18-15-2-45-55-39-65-78*24-6-85-54-3-93-100-52-10-40*12-62-8-90-49-52-89-73-42-5-77*42-73-96-64-92-9-19-102-88-71*6-85-54-3-93-100-52-10-40-37*

\
Best Passenger Route set sting:
\
5-108-48-92-18-66-15-2-63-38-87-56-61-0-97-58*76-14-33-99-69-30-43-72-36-5-42-57-37-104-25-7-49-35-34-3-85-66*32-95-78-17-20-50-68-59-21-28-86-24-19-82-44-72-36-4-77-5-107-108*71-88-102-19-9-18-100-52-7-84-104*92-72-48-44-82-33-31-23-9-18-98-67-100-52-10-40-37-57-106-89-42-5*97-1-56-39-65-61-0-87-45-2-15-34-18-67-98-3-54-85-24-102-33*50-13-32-59-27-94-105-83-15-18-92-64-109-11-89-73-79-36-108*104-84-37-10-7-25-70-103-62-53-63-45-55-101-27-21-28-46-51-86-24*108-107-36-64-89-52-49-90-8-53-63-55-39-65-78-17-75-50-68-95-59*58-38-63-2-15-54-22-31-14-76*63-38-74-60-58-97-1-87-55-101-94-81-6-22-19-33-99-69-43-30-44-26*72-108-79-64-92-18-15-2-45-55-39-78*44-72-108-5-42-73-89-52-49-35-83-94-27-59-68-95-20-50-17-39-78-65*41-47-58-74-12-8-90-49-52-89-11-64-36-108-107-5-42-96-73-79-72*101-27-59-95-20-68-32-13-50-65-39-55-63-12-103-70-104-84-37*57-10-7-41-70-103-62-8-90-35-15-54-24-102-71-88-31-33-19*21-13-32-95-59-68-50-65-39-55-45-2-15-34-18-67-92-72-108-5*64-11-89-52-49-91-90-53-38-80*39-0-1-61-56-87-38-53-8-90-49-91-100-93-18-98*28-13-32-50-17-78-65-39-0-87-55-101-94-81-6-85-19-82-26-29-43-30*19-22-85-3-9-92-64-73-106-89-52-49-91-90-8-63-38-87-0-80-58*104-7-37-40-10-52-91-49-90-8-63-55-39-17-75-20-95-50-65-78*24-19-82-99-69-30-43-72-79-73-89-52-7-25-70-104-84*38-55-45-80-87-0-1-61-65-17-27-94-105-81-6-24-31-76-14-69-30-43*80-87-39-65-17-27-94-85-19-82-26-43-30-29*95-17-56-61-0-1-97-80-38-55-45-2-83-15-18-92-64-36-107-77-4*38-58-60-74-16-103-41-47-12-63-2-15-54-24-102-88-51-31-22*75-20-68-32-13-50-95-59-27-105-83-15-34-93-100-52-89-11-96-73-64-109*69-14-76-99-33-19-3-34-35-8-12-103-70-41-60-58-97-80-55-101-94-105*7-10-52-100-93-3-54-6-81-86-24-22-19-85*69-99-33-19-9-18-100-91-49-90*28-21-32-13-50-95-27-94-105-83-15-34-18-92-64-96-11-79-108-36-107-48*28-13-32-21-59-68-50-75-20-95-27-105-94-85-22-19-82-26-30-29-43-44*76-14-33-99-69-30-43-72-36-5-42-57-40-37-104-25-7-49-35-34-3-66*32-95-50-68-21-28-86-6-85-54-3-9-92-64-96-42-5-36-72-79-48*81-3-66-22-24-54-6-85-19-31-23-9-92-64-11-89-106-57-40-25-7-37*91-49-7-70-16-74-47-12-62-8-35-34-3-19-33-99-69-14-102-51-46-86*24-19-23-82-44-72-108-36-5-42-57-10-70-41-74-47-16*27-101-55-63-12-103-70-84-104-10*14-31-88-102-76-69-99-33-19-22-54-15-2-45-38-80-97-87-56-61-0-1*89-52-10-7-84-104-37-25-70-41-12-63-45-2-15-54-22-31-76-99-69-14*61-0-87-38-63-8-90-49-52-89-109*77-107-48-44-82-33-31-102-51-86*31-71-88-51-86-28-21-59-27-101-55-38-74-60-41-70-84*24-86-51-71-31-19-9-18-100-52-7-84-104-40-57-42-5-77-4-108-36*23-33-99-69-30-43-72-108-36-107-77*106-57-7-37-40-10-52-49-91-35-83-94-27-32-13-21-86-24-54*84-37-40-7-103-41-16-12-63-45-2-15-54-85-24-102-71-31-14-76*55-45-38-58-97-1-0-78-95-68-21-28-86-51-88-71-102-31-24-22*29-30-43-26-44-92-67-18-15-2-63-38-80-0-61-56-65-78-17-50-95-20*64-11-106-73-42-57-10-25-70-103-12-63-55-39-65-78-95-68-50-17*55-63-45-53-8-90-91-52-89-109*47-12-63-45-2-15-54-85-6-81-86-21*29-43-30-26-44-92-67-93-35-8-62-12-60-74-16-103*84-25-70-16-12-62-8-35-93-18-9-23-33-99-69-14-31-22-54-3-83-34*55-45-38-12-74-60-16-47-62-8-90-49-52-89-96-42-5-36-4-108-107-77*