3_3_Mumford1_GA_Mutations RESULTS EVALUATION:
\
HV:0.7087 | BM:0.7758

\
	Operator	Passenger
\
f1_ATT	35.7650		26.2055
\
f2_TRT	463		609
\
d_0	17.7798		28.4362
\
d_1	39.3387		59.3234
\
d_2	33.4893		11.9460
\
d_un	9.3922		0.2944

\
Best Operator Route set:
\
[[58, 64, 52, 55, 10, 59, 9, 68, 11, 31],
[28, 8, 52, 64, 58, 45, 36, 54, 18, 32],
[5, 37, 67, 27, 25, 12, 4, 7, 40, 46],
[23, 0, 69, 29, 48, 3, 66, 19, 38, 36],
[1, 26, 8, 56, 6, 47, 53, 7, 40, 46],
[58, 64, 52, 55, 10, 59, 9, 68, 11, 31],
[14, 2, 23, 0, 50, 13, 33, 58, 64, 51],
[65, 5, 54, 19, 22, 33, 43, 61, 60, 44],
[63, 21, 24, 30, 26, 16, 10, 55, 20, 17],
[58, 64, 52, 55, 10, 59, 9, 68, 11, 31],
[42, 62, 15, 49, 26, 16, 10, 55, 52, 64],
[58, 64, 52, 55, 10, 59, 9, 68, 11, 31],
[35, 57, 34, 41, 45, 36, 54, 18, 39, 32],
[42, 62, 15, 49, 26, 16, 10, 55, 52, 64],
[51, 35, 57, 34, 41, 45, 36, 54, 18, 39]]

\
Best Passenger Route set:
\
[[54, 36, 45, 34, 35, 51, 8, 26, 62, 42],
[46, 40, 7, 4, 25, 41, 58, 33, 43, 61],
[17, 10, 16, 26, 30, 24, 21, 6, 35, 57],
[48, 29, 3, 69, 23, 50, 43, 20, 55, 16, 26, 30, 15],
[29, 3, 66, 19, 36, 45, 34, 35, 6, 63],
[60, 44, 61, 43, 13, 22, 38, 19, 54, 5, 67],
[0, 23, 69, 38, 36, 41, 25, 4, 7, 46],
[0, 2, 50, 13, 33, 22, 45, 41, 12, 4, 53],
[37, 65, 54, 38, 22, 33, 20, 17, 9, 68],
[9, 68, 59, 10, 28, 8, 56, 6, 47, 53],
[32, 18, 54, 19, 38, 22, 13, 43, 61, 60],
[57, 41, 34, 58, 64, 52, 20, 17, 61, 44, 14],
[39, 18, 54, 36, 45, 58, 64, 52, 8, 26, 49, 11, 31],
[9, 68, 1, 26, 8, 56, 51, 41, 27, 67, 37, 65],
[40, 7, 47, 6, 56, 8, 55, 17, 61, 44, 14]]

\
Best Operator Route set string:
\
58-64-52-55-10-59-9-68-11-31*28-8-52-64-58-45-36-54-18-32*5-37-67-27-25-12-4-7-40-46*23-0-69-29-48-3-66-19-38-36*1-26-8-56-6-47-53-7-40-46*58-64-52-55-10-59-9-68-11-31*14-2-23-0-50-13-33-58-64-51*65-5-54-19-22-33-43-61-60-44*63-21-24-30-26-16-10-55-20-17*58-64-52-55-10-59-9-68-11-31*42-62-15-49-26-16-10-55-52-64*58-64-52-55-10-59-9-68-11-31*35-57-34-41-45-36-54-18-39-32*42-62-15-49-26-16-10-55-52-64*51-35-57-34-41-45-36-54-18-39*

\
Best Passenger Route set sting:
\
54-36-45-34-35-51-8-26-62-42*46-40-7-4-25-41-58-33-43-61*17-10-16-26-30-24-21-6-35-57*48-29-3-69-23-50-43-20-55-16-26-30-15*29-3-66-19-36-45-34-35-6-63*60-44-61-43-13-22-38-19-54-5-67*0-23-69-38-36-41-25-4-7-46*0-2-50-13-33-22-45-41-12-4-53*37-65-54-38-22-33-20-17-9-68*9-68-59-10-28-8-56-6-47-53*32-18-54-19-38-22-13-43-61-60*57-41-34-58-64-52-20-17-61-44-14*39-18-54-36-45-58-64-52-8-26-49-11-31*9-68-1-26-8-56-51-41-27-67-37-65*40-7-47-6-56-8-55-17-61-44-14*