23_3_Mumford1_SA_Mutations RESULTS EVALUATION:
\
HV:0.7439 | BM:0.7758

\
	Operator	Passenger
\
f1_ATT	29.6263		23.2657
\
f2_TRT	534		1607
\
d_0	23.8271		50.6778
\
d_1	53.5659		47.2585
\
d_2	20.2973		2.0637
\
d_un	2.3098		0.0000

\
Best Operator Route set:
\
[[27, 41, 34, 58, 64, 52, 20, 17, 61, 60],
[46, 40, 53, 47, 6, 56, 28, 8, 10, 59],
[32, 39, 18, 54, 36, 45, 58, 51, 35, 6],
[23, 2, 0, 69, 3, 66, 19, 38, 22, 33],
[29, 48, 66, 19, 36, 45, 34, 35, 51, 8, 26, 62],
[4, 25, 12, 41, 45, 22, 13, 50, 2, 14],
[7, 4, 12, 25, 41, 34, 57, 35, 6, 47],
[50, 43, 20, 55, 10, 16, 26, 30, 24, 21],
[63, 21, 24, 30, 26, 16, 10, 17, 61, 60, 44],
[5, 18, 54, 36, 45, 58, 64, 52, 10, 16],
[68, 9, 11, 31, 1, 26, 8, 51, 41, 45],
[49, 26, 16, 10, 55, 20, 33, 22, 19, 66],
[37, 65, 5, 54, 19, 22, 33, 43, 61, 60],
[22, 33, 20, 55, 10, 16, 26, 49, 15, 42],
[12, 25, 27, 41, 36, 54, 18, 5, 37, 67]]

\
Best Passenger Route set:
\
[[38, 19, 3, 29, 48, 39, 18, 5, 67, 27, 41, 58, 64, 52, 20, 17, 61, 60, 14],
[46, 7, 53, 47, 6, 56, 28, 8, 55, 17, 44, 14, 2, 23, 69, 38, 18, 37, 5, 54, 32],
[11, 15, 30, 21, 63, 6, 47, 53, 4, 12, 25, 34, 57, 35, 64, 52, 55, 10, 16, 9, 1, 59, 17, 44, 14, 2],
[21, 6, 47, 40, 46, 53, 7, 4, 12, 27, 67, 5, 65, 32, 39, 48, 29, 69, 0, 2, 14, 61, 17, 50, 23, 3, 66],
[20, 33, 22, 38, 3, 29, 48, 66, 19, 36, 45, 34, 35, 51, 56, 28, 8, 26, 62, 42, 49, 9, 31, 11, 1, 16, 55, 17, 50, 0],
[42, 30, 21, 63, 6, 35, 57, 25, 27, 67, 37, 65, 5, 54, 38, 22, 45, 58, 51, 64, 52, 55, 10],
[37, 65, 19, 36, 45, 58, 64, 52, 10, 59, 11, 31, 9, 17, 50, 23, 69, 3, 66, 54, 5, 67, 18, 39, 48, 29],
[37, 18, 69, 38, 54, 65, 39, 48, 29, 23, 50, 43, 20, 55, 10, 16, 26, 30, 63, 6, 47, 7, 40, 4, 25, 34, 45, 22, 36],
[25, 34, 51, 58, 33, 50, 2, 14, 61, 44, 60, 17, 43, 13, 22, 45, 41, 12, 4, 7, 40, 47, 6, 56, 28, 10, 52, 64, 35],
[0, 2, 23, 3, 48, 69, 38, 36, 45, 41, 12, 40, 46, 7, 53, 47, 6, 56, 8, 55, 17, 9, 11, 15, 42, 62],
[19, 22, 33, 20, 17, 59, 68, 9, 31, 1, 26, 8, 51, 35, 34, 41, 57, 25, 4, 53],
[39, 18, 66, 19, 69, 0, 50, 13, 33, 58, 35, 6, 63, 24, 42, 30, 62, 49, 11, 59, 17, 20],
[44, 17, 10, 28, 56, 8, 26, 1, 16, 55, 20, 13, 43, 50, 2, 14, 60],
[37, 5, 32, 39, 18, 54, 19, 22, 33, 20, 55, 10, 16, 26, 49, 15, 30, 24, 21, 6, 35, 58, 57, 34, 45, 36, 38, 3, 48],
[45, 22, 33, 43, 61, 17, 55, 16, 9, 68, 11, 15, 62, 21, 63, 6, 35, 51, 41, 36, 54, 18, 65, 19, 66]]

\
Best Operator Route set string:
\
27-41-34-58-64-52-20-17-61-60*46-40-53-47-6-56-28-8-10-59*32-39-18-54-36-45-58-51-35-6*23-2-0-69-3-66-19-38-22-33*29-48-66-19-36-45-34-35-51-8-26-62*4-25-12-41-45-22-13-50-2-14*7-4-12-25-41-34-57-35-6-47*50-43-20-55-10-16-26-30-24-21*63-21-24-30-26-16-10-17-61-60-44*5-18-54-36-45-58-64-52-10-16*68-9-11-31-1-26-8-51-41-45*49-26-16-10-55-20-33-22-19-66*37-65-5-54-19-22-33-43-61-60*22-33-20-55-10-16-26-49-15-42*12-25-27-41-36-54-18-5-37-67*

\
Best Passenger Route set sting:
\
38-19-3-29-48-39-18-5-67-27-41-58-64-52-20-17-61-60-14*46-7-53-47-6-56-28-8-55-17-44-14-2-23-69-38-18-37-5-54-32*11-15-30-21-63-6-47-53-4-12-25-34-57-35-64-52-55-10-16-9-1-59-17-44-14-2*21-6-47-40-46-53-7-4-12-27-67-5-65-32-39-48-29-69-0-2-14-61-17-50-23-3-66*20-33-22-38-3-29-48-66-19-36-45-34-35-51-56-28-8-26-62-42-49-9-31-11-1-16-55-17-50-0*42-30-21-63-6-35-57-25-27-67-37-65-5-54-38-22-45-58-51-64-52-55-10*37-65-19-36-45-58-64-52-10-59-11-31-9-17-50-23-69-3-66-54-5-67-18-39-48-29*37-18-69-38-54-65-39-48-29-23-50-43-20-55-10-16-26-30-63-6-47-7-40-4-25-34-45-22-36*25-34-51-58-33-50-2-14-61-44-60-17-43-13-22-45-41-12-4-7-40-47-6-56-28-10-52-64-35*0-2-23-3-48-69-38-36-45-41-12-40-46-7-53-47-6-56-8-55-17-9-11-15-42-62*19-22-33-20-17-59-68-9-31-1-26-8-51-35-34-41-57-25-4-53*39-18-66-19-69-0-50-13-33-58-35-6-63-24-42-30-62-49-11-59-17-20*44-17-10-28-56-8-26-1-16-55-20-13-43-50-2-14-60*37-5-32-39-18-54-19-22-33-20-55-10-16-26-49-15-30-24-21-6-35-58-57-34-45-36-38-3-48*45-22-33-43-61-17-55-16-9-68-11-15-62-21-63-6-35-51-41-36-54-18-65-19-66*