23_2_Mumford0_SA_Mutations RESULTS EVALUATION:
\
HV:0.7763 | BM:0.8087

\
	Operator	Passenger
\
f1_ATT	34.6618		15.8390
\
f2_TRT	98		549
\
d_0	14.8089		69.9819
\
d_1	30.5734		28.7292
\
d_2	27.0955		1.2889
\
d_un	27.5222		0.0000

\
Best Operator Route set:
\
[[6, 15, 10],
[13, 18, 0, 22, 17],
[17, 12, 8],
[4, 24],
[22, 25, 28],
[2, 10, 21, 5],
[1, 9, 23, 14, 11, 17],
[29, 2, 27, 7, 20, 24, 1],
[0, 26],
[16, 27],
[3, 1],
[12, 19]]

\
Best Passenger Route set:
\
[[18, 0, 22, 17, 28, 16, 27, 29, 15],
[2, 16, 7, 20, 24, 4, 1, 9, 14, 23],
[26, 0, 18, 22, 19, 12, 17, 28, 7, 16, 27, 10],
[9, 1, 3, 11, 25, 0, 18, 13, 6, 5, 15, 10],
[3, 9, 1, 23, 14, 7, 16, 6, 5, 15, 27, 29],
[3, 23, 14, 20, 7, 25, 0, 18, 13, 6],
[6, 13, 0, 25, 7, 4, 24, 20, 14, 11, 17, 19, 12, 8, 26],
[8, 19, 18, 0, 13, 6, 21, 10, 7, 16, 27, 2, 15],
[24, 3, 1, 23, 14, 20, 7, 27, 2, 29, 10, 21, 15, 6, 13],
[2, 27, 16, 28, 25, 22, 19, 12, 18, 0, 17, 11],
[7, 16, 28, 25, 0, 19, 17, 22, 18, 13, 6, 5, 21, 2, 27],
[14, 20, 24, 4, 3, 11, 17, 22, 19, 12, 8, 26, 0, 18, 13]]

\
Best Operator Route set string:
\
6-15-10*13-18-0-22-17*17-12-8*4-24*22-25-28*2-10-21-5*1-9-23-14-11-17*29-2-27-7-20-24-1*0-26*16-27*3-1*12-19*

\
Best Passenger Route set sting:
\
18-0-22-17-28-16-27-29-15*2-16-7-20-24-4-1-9-14-23*26-0-18-22-19-12-17-28-7-16-27-10*9-1-3-11-25-0-18-13-6-5-15-10*3-9-1-23-14-7-16-6-5-15-27-29*3-23-14-20-7-25-0-18-13-6*6-13-0-25-7-4-24-20-14-11-17-19-12-8-26*8-19-18-0-13-6-21-10-7-16-27-2-15*24-3-1-23-14-20-7-27-2-29-10-21-15-6-13*2-27-16-28-25-22-19-12-18-0-17-11*7-16-28-25-0-19-17-22-18-13-6-5-21-2-27*14-20-24-4-3-11-17-22-19-12-8-26-0-18-13*