24_2_Mumford0_SA_Mutations_more RESULTS EVALUATION:
\
HV:0.7909 | BM:0.8087

\
	Operator	Passenger
\
f1_ATT	34.7888		15.7517
\
f2_TRT	98		656
\
d_0	14.6189		64.0928
\
d_1	29.2378		35.3665
\
d_2	27.3848		0.5407
\
d_un	28.7585		0.0000

\
Best Operator Route set:
\
[[6, 15, 10],
[13, 18, 0, 22, 17],
[17, 12, 19],
[4, 24],
[22, 25, 28],
[2, 27, 7, 20, 24, 1],
[1, 9, 23, 14, 11, 17],
[5, 21, 10, 2, 29],
[0, 26],
[16, 27],
[3, 1],
[12, 8]]

\
Best Passenger Route set:
\
[[5, 15, 2, 6, 16, 7, 20, 23, 9, 1, 14],
[19, 8, 26, 0, 25, 28, 16, 6, 15, 10, 27, 7, 4, 14, 24],
[3, 11, 17, 12, 18, 22, 25, 28, 16, 2, 7],
[2, 27, 10, 15, 16, 28, 17, 19, 12, 0, 25, 11, 14, 23, 4],
[4, 1, 24, 20, 23, 9, 3, 11, 17, 22, 0, 28, 7, 10],
[21, 15, 5, 6, 13, 0, 12, 18, 22, 19, 17],
[27, 16, 6, 13, 0, 18, 22, 25, 28, 7, 24, 23, 1],
[10, 29, 27, 16, 7, 4, 24, 3, 11, 17, 19, 8, 12, 0, 18],
[29, 27, 7, 25, 22, 0, 28, 16, 15, 5, 21, 2, 10, 6, 13],
[0, 26, 8, 12, 22, 25, 7, 10, 21, 5, 15, 29, 2],
[9, 1, 3, 11, 25, 0, 18, 12, 19, 17, 28, 7, 20, 14],
[10, 16, 15, 5, 21, 6, 13, 18, 12, 19, 8, 26, 0]]

\
Best Operator Route set string:
\
6-15-10*13-18-0-22-17*17-12-19*4-24*22-25-28*2-27-7-20-24-1*1-9-23-14-11-17*5-21-10-2-29*0-26*16-27*3-1*12-8*

\
Best Passenger Route set sting:
\
5-15-2-6-16-7-20-23-9-1-14*19-8-26-0-25-28-16-6-15-10-27-7-4-14-24*3-11-17-12-18-22-25-28-16-2-7*2-27-10-15-16-28-17-19-12-0-25-11-14-23-4*4-1-24-20-23-9-3-11-17-22-0-28-7-10*21-15-5-6-13-0-12-18-22-19-17*27-16-6-13-0-18-22-25-28-7-24-23-1*10-29-27-16-7-4-24-3-11-17-19-8-12-0-18*29-27-7-25-22-0-28-16-15-5-21-2-10-6-13*0-26-8-12-22-25-7-10-21-5-15-29-2*9-1-3-11-25-0-18-12-19-17-28-7-20-14*10-16-15-5-21-6-13-18-12-19-8-26-0*