13_5_Mumford3_GA_Stat_long_run RESULTS EVALUATION:
\
HV:0.6595 | BM:0.6385

\
	Operator	Passenger
\
f1_ATT	36.6294		28.2245
\
f2_TRT	2035		4781
\
d_0	15.2731		46.3816
\
d_1	46.2760		52.9901
\
d_2	32.8803		0.6283
\
d_un	5.5705		0.0000

\
Best Operator Route set:
\
[[32, 60, 73, 48, 2, 37, 23, 53, 14, 108, 106, 115],
[114, 74, 23, 124, 72, 66, 53, 14, 100, 78, 71, 96],
[111, 64, 28, 17, 89, 31, 39, 88, 82, 65, 50, 83, 13],
[62, 16, 114, 23, 124, 66, 53, 14, 100, 78, 71, 96],
[68, 110, 87, 24, 36, 63, 58, 105, 104, 59, 89, 113],
[2, 114, 74, 49, 124, 72, 66, 53, 14, 100, 78, 71],
[8, 35, 125, 91, 121, 88, 93, 40, 92, 76, 20, 85],
[16, 114, 74, 49, 72, 66, 53, 14, 100, 96, 71, 78],
[47, 54, 51, 52, 118, 1, 77, 11, 79, 97, 48, 73],
[114, 74, 23, 124, 72, 66, 53, 14, 100, 78, 96, 71],
[114, 74, 49, 124, 72, 66, 53, 14, 100, 78, 96, 71],
[114, 74, 23, 124, 72, 66, 53, 14, 100, 78, 71, 96],
[16, 114, 74, 49, 72, 66, 53, 14, 100, 96, 71, 78],
[16, 114, 74, 23, 72, 66, 53, 14, 100, 78, 71, 96],
[103, 4, 18, 117, 10, 86, 24, 5, 80, 9, 124, 49],
[34, 56, 12, 3, 71, 78, 114, 16, 55, 60, 32, 75],
[114, 74, 23, 124, 72, 66, 53, 14, 100, 78, 96, 71],
[97, 79, 37, 23, 53, 61, 106, 87, 110, 84, 68, 56],
[114, 74, 23, 124, 72, 66, 53, 14, 100, 78, 96, 71],
[114, 74, 23, 124, 72, 66, 53, 14, 100, 78, 96, 71],
[114, 74, 49, 124, 72, 66, 53, 14, 100, 3, 96, 71],
[74, 23, 124, 72, 66, 53, 14, 100, 78, 96, 71, 3],
[71, 96, 78, 100, 14, 53, 66, 124, 72, 23, 74, 114],
[16, 114, 74, 23, 72, 66, 53, 14, 100, 96, 71, 78],
[5, 36, 29, 81, 27, 1, 11, 7, 93, 120, 26, 48],
[102, 108, 14, 53, 23, 2, 79, 0, 101, 88, 91, 123, 95],
[35, 125, 91, 88, 101, 0, 79, 2, 114, 78, 96, 71],
[109, 10, 69, 43, 113, 89, 31, 38, 33, 41, 22, 21],
[82, 44, 116, 40, 65, 120, 0, 97, 2, 23, 53, 14],
[16, 114, 74, 23, 72, 66, 53, 14, 100, 96, 71, 78],
[71, 96, 78, 100, 14, 53, 66, 72, 124, 23, 74, 114],
[114, 74, 23, 72, 124, 66, 53, 14, 100, 78, 71, 96],
[114, 74, 23, 72, 124, 66, 53, 14, 100, 96, 71, 78],
[119, 22, 8, 41, 25, 88, 101, 7, 26, 48, 73, 45],
[114, 74, 23, 124, 72, 66, 53, 14, 100, 78, 96, 71],
[114, 74, 23, 124, 72, 66, 53, 14, 100, 78, 96, 71],
[15, 107, 3, 96, 100, 78, 114, 16, 55, 60, 32, 126],
[114, 74, 23, 72, 70, 66, 53, 14, 100, 71, 96, 78],
[114, 74, 23, 124, 72, 66, 53, 14, 100, 78, 96, 71],
[98, 90, 59, 89, 52, 118, 67, 1, 11, 79, 48, 73],
[74, 23, 49, 124, 72, 66, 53, 14, 100, 78, 96, 71],
[114, 74, 23, 124, 72, 66, 53, 14, 100, 71, 96, 78],
[16, 114, 74, 49, 72, 66, 53, 14, 100, 96, 71, 78],
[114, 74, 23, 72, 70, 66, 53, 14, 100, 78, 96, 71],
[114, 74, 23, 124, 72, 66, 53, 14, 100, 78, 71, 96],
[74, 23, 124, 72, 70, 66, 53, 14, 100, 78, 96, 71],
[114, 74, 23, 72, 49, 66, 53, 14, 100, 78, 71, 96],
[59, 113, 42, 89, 52, 122, 94, 81, 80, 66, 53, 14],
[114, 74, 23, 124, 72, 66, 53, 14, 100, 96, 71, 78],
[16, 114, 74, 49, 72, 66, 53, 14, 100, 71, 96, 78],
[57, 30, 33, 39, 46, 11, 0, 48, 73, 6, 45, 112],
[99, 48, 2, 49, 72, 66, 53, 14, 100, 78, 71, 96],
[16, 114, 74, 23, 72, 66, 53, 14, 100, 96, 71, 78],
[114, 74, 23, 124, 72, 66, 53, 14, 100, 78, 96, 71],
[74, 23, 124, 72, 70, 66, 53, 14, 100, 78, 96, 71],
[114, 74, 23, 124, 72, 66, 53, 14, 100, 78, 96, 71],
[114, 74, 23, 72, 70, 66, 53, 14, 100, 71, 96, 78],
[114, 74, 23, 124, 72, 66, 53, 14, 100, 78, 96, 71],
[16, 114, 74, 49, 72, 66, 53, 14, 100, 78, 71, 96],
[96, 71, 78, 114, 16, 55, 45, 6, 32, 20, 85, 19]]

\
Best Passenger Route set:
\
[[90, 103, 4, 10, 117, 86, 109, 43, 42, 89, 31, 38, 30, 22, 119, 21],
[100, 3, 96, 78, 114, 2, 11, 46, 39, 30, 22, 8],
[67, 118, 122, 27, 1, 11, 26, 101, 93, 65, 40, 44, 120, 0, 97, 37, 23, 53, 61, 87, 110, 84, 68, 34],
[30, 22, 21, 41, 33, 31, 52, 122, 29, 80, 66, 14, 61, 115, 106, 87, 24, 36, 5, 63, 105, 42, 17, 90],
[41, 30, 54, 51, 52, 118, 67, 77, 11, 79, 48, 73, 6, 45, 112, 62],
[79, 97, 0, 7, 93, 44, 95, 13, 83, 50, 40, 82, 88, 39, 31, 89, 59, 104, 18, 4, 43, 105, 58, 36],
[47, 31, 39, 88, 121, 125, 21, 119, 8, 30, 38, 52, 122, 94, 29, 80, 36, 24, 87, 84, 56, 107, 15],
[95, 123, 35, 91, 25, 41, 8, 21, 22, 30, 33, 38, 31, 51, 52, 122, 29, 5, 24, 87, 110, 68, 34],
[88, 25, 33, 54, 47, 38, 31, 51, 89, 52, 27, 94, 29, 5, 24, 86, 117, 10],
[54, 51, 52, 122, 29, 9, 70, 66, 53, 14, 100, 12, 56, 34],
[84, 110, 68, 34, 56, 12, 100, 78, 114, 2, 79, 0, 120, 65, 44, 82, 93, 101, 7, 11, 67, 81, 94, 29],
[60, 6, 45, 73, 48, 26, 120, 93, 44, 82, 91, 125, 22, 8, 41],
[50, 20, 75, 19, 92, 126, 26, 11, 77, 67, 1, 46, 39, 30, 22, 21],
[28, 64, 17, 42, 89, 31, 39, 88, 82, 116, 65, 50, 83, 92, 126, 48, 99],
[75, 20, 76, 13, 92, 83, 50, 116, 65, 82, 88, 39, 31, 89, 113, 90, 103, 69, 4, 64, 28, 17, 98, 43, 104],
[83, 50, 20, 19, 85, 76, 13, 95, 82, 88, 39, 31, 52, 122, 94, 81, 80, 63, 58, 5],
[19, 20, 50, 65, 82, 88, 25, 30, 33, 54, 38, 52, 89, 59, 104, 58, 36, 24, 87, 110, 68, 34],
[99, 73, 126, 92, 85, 76, 50, 65, 82, 88, 39, 31, 51, 89, 42, 90, 43, 103, 28, 64, 111, 4, 109],
[35, 125, 91, 88, 101, 0, 79, 37, 23, 53, 61, 87, 110, 84],
[55, 16, 114, 23, 72, 70, 80, 63, 105, 43, 103, 111],
[57, 30, 38, 51, 89, 17, 64, 111, 4, 10, 109, 43, 59, 42],
[117, 86, 10, 69, 43, 59, 89, 31, 39, 88, 82, 44, 40, 116, 65, 7, 11, 67, 27, 29, 9],
[111, 28, 42, 113, 17, 98, 103, 43, 59, 89, 52, 118, 67, 1, 77, 0, 48, 73, 60, 75, 32, 126, 26, 93, 82],
[112, 6, 45, 73, 48, 97, 11, 1, 118, 52, 89, 17, 28, 64, 111],
[13, 83, 50, 40, 26, 11, 1, 81, 29, 80, 63, 105, 104, 59, 17, 43, 69, 103, 4],
[62, 16, 55, 99, 48, 26, 101, 88, 125, 21, 119, 22],
[19, 32, 60, 73, 48, 2, 49, 124, 70, 9, 80, 63, 58, 104, 43, 64],
[36, 5, 80, 81, 67, 46, 39, 25, 41, 8, 119, 21, 22],
[94, 81, 67, 77, 11, 97, 2, 114, 16, 112, 6, 73, 48, 26, 101, 88, 25, 41, 22],
[121, 88, 39, 33, 38, 54, 47, 51, 52, 118, 1, 11, 0, 48, 99, 55, 112],
[34, 56, 12, 78, 114, 2, 48, 126, 92, 50, 40, 93, 88, 125],
[84, 110, 87, 102, 61, 14, 53, 23, 37, 2, 48, 126, 92, 83, 50, 116, 120, 7, 101, 88, 25, 41, 57, 8],
[49, 23, 124, 66, 14, 108, 61, 102, 24, 117, 10, 69, 43, 113, 89, 51, 38, 25, 91, 125, 123, 95],
[68, 12, 3, 78, 114, 2, 11, 7, 101, 88, 91, 123],
[113, 17, 64, 4, 103, 18, 69, 43, 98, 42, 89, 52, 118, 1, 11, 2, 37, 74, 23, 53, 14, 108, 115],
[8, 22, 57, 30, 39, 46, 11, 2, 23, 53, 14, 108, 61, 115, 3, 12, 78, 114, 16, 112],
[17, 43, 105, 63, 80, 66, 14, 100, 12, 15, 107, 3, 71, 78, 114, 2, 79, 0, 101, 88, 125, 35, 22, 8, 30],
[8, 119, 21, 125, 91, 82, 93, 120, 0, 79, 2, 23, 72, 14, 61, 87, 110, 84, 68, 3, 78, 100, 96, 71],
[114, 16, 55, 60, 32, 19, 76, 92, 126, 26, 11, 1, 118, 52, 89, 113, 43, 69, 109, 18, 117, 24, 5, 36, 63],
[103, 18, 10, 86, 24, 5, 80, 66, 49, 2, 48, 126, 92, 50, 83, 13, 95, 123, 125],
[59, 42, 28, 64, 4, 43, 113, 89, 52, 118, 1, 77, 11, 0, 48, 73, 60, 32, 126, 92, 83, 13, 95],
[116, 93, 120, 0, 11, 1, 118, 52, 89, 113, 90, 98, 28, 43],
[32, 60, 45, 73, 126, 92, 83, 50, 40, 26, 0, 11, 46, 118, 52, 89, 42, 43, 69, 109, 18, 104, 105, 63, 36],
[102, 106, 61, 53, 23, 2, 79, 0, 26, 40, 116, 95],
[62, 16, 114, 74, 66, 80, 63, 58, 105, 104, 59, 113],
[56, 68, 12, 107, 15, 3, 71, 100, 14, 53, 66, 9, 63, 105, 42, 113, 98, 90, 43, 104, 58, 36, 5],
[84, 87, 61, 53, 66, 49, 2, 79, 0, 101, 88, 91, 123],
[54, 51, 38, 31, 52, 118, 1, 77, 11, 2, 114, 16, 62, 112, 60, 55, 45, 32, 20, 92, 76],
[116, 44, 82, 93, 120, 0, 11, 2, 49, 72, 9, 63, 58, 104, 43, 69, 18, 109, 4, 64, 28, 42, 17],
[28, 64, 43, 105, 63, 80, 66, 74, 114, 16, 112, 32, 20, 85, 76, 92, 83, 50, 13],
[101, 120, 93, 88, 25, 30, 39, 38, 54, 47, 51, 52, 122, 29, 80, 66, 14, 100, 96, 71, 3, 107, 15, 56],
[106, 108, 61, 87, 110, 68, 34, 56, 3, 71, 78, 114, 16, 55, 45, 60, 32, 20, 85, 19],
[26, 7, 65, 82, 88, 121, 25, 41, 33, 39, 46, 11, 2, 114, 78, 3, 15, 12, 68, 110, 87, 106],
[59, 90, 98, 28, 64, 17, 42, 89, 51, 52, 27, 81, 80, 66, 14, 106, 108, 61, 115, 3, 78, 71, 96, 100, 12],
[119, 21, 57, 41, 30, 38, 31, 52, 27, 67, 1, 77, 11, 0, 48, 73, 60, 32, 6],
[71, 96, 78, 100, 14, 53, 66, 80, 63, 105, 104, 59, 89, 113, 90, 103, 4, 111],
[3, 96, 71, 78, 114, 74, 2, 79, 0, 101, 88, 121, 25, 30, 31, 52, 118, 67],
[111, 4, 10, 117, 24, 5, 36, 9, 72, 49, 2, 48, 126, 92, 76, 83, 50, 40, 44, 82, 91, 35, 21, 119],
[84, 110, 87, 61, 53, 23, 2, 48, 73, 45, 32, 20, 85],
[67, 77, 0, 11, 97, 37, 2, 114, 16, 112, 6, 45, 73, 126, 26, 101, 88, 39, 31, 89, 17, 98, 28, 111]]

\
Best Operator Route set string:
\
32-60-73-48-2-37-23-53-14-108-106-115*114-74-23-124-72-66-53-14-100-78-71-96*111-64-28-17-89-31-39-88-82-65-50-83-13*62-16-114-23-124-66-53-14-100-78-71-96*68-110-87-24-36-63-58-105-104-59-89-113*2-114-74-49-124-72-66-53-14-100-78-71*8-35-125-91-121-88-93-40-92-76-20-85*16-114-74-49-72-66-53-14-100-96-71-78*47-54-51-52-118-1-77-11-79-97-48-73*114-74-23-124-72-66-53-14-100-78-96-71*114-74-49-124-72-66-53-14-100-78-96-71*114-74-23-124-72-66-53-14-100-78-71-96*16-114-74-49-72-66-53-14-100-96-71-78*16-114-74-23-72-66-53-14-100-78-71-96*103-4-18-117-10-86-24-5-80-9-124-49*34-56-12-3-71-78-114-16-55-60-32-75*114-74-23-124-72-66-53-14-100-78-96-71*97-79-37-23-53-61-106-87-110-84-68-56*114-74-23-124-72-66-53-14-100-78-96-71*114-74-23-124-72-66-53-14-100-78-96-71*114-74-49-124-72-66-53-14-100-3-96-71*74-23-124-72-66-53-14-100-78-96-71-3*71-96-78-100-14-53-66-124-72-23-74-114*16-114-74-23-72-66-53-14-100-96-71-78*5-36-29-81-27-1-11-7-93-120-26-48*102-108-14-53-23-2-79-0-101-88-91-123-95*35-125-91-88-101-0-79-2-114-78-96-71*109-10-69-43-113-89-31-38-33-41-22-21*82-44-116-40-65-120-0-97-2-23-53-14*16-114-74-23-72-66-53-14-100-96-71-78*71-96-78-100-14-53-66-72-124-23-74-114*114-74-23-72-124-66-53-14-100-78-71-96*114-74-23-72-124-66-53-14-100-96-71-78*119-22-8-41-25-88-101-7-26-48-73-45*114-74-23-124-72-66-53-14-100-78-96-71*114-74-23-124-72-66-53-14-100-78-96-71*15-107-3-96-100-78-114-16-55-60-32-126*114-74-23-72-70-66-53-14-100-71-96-78*114-74-23-124-72-66-53-14-100-78-96-71*98-90-59-89-52-118-67-1-11-79-48-73*74-23-49-124-72-66-53-14-100-78-96-71*114-74-23-124-72-66-53-14-100-71-96-78*16-114-74-49-72-66-53-14-100-96-71-78*114-74-23-72-70-66-53-14-100-78-96-71*114-74-23-124-72-66-53-14-100-78-71-96*74-23-124-72-70-66-53-14-100-78-96-71*114-74-23-72-49-66-53-14-100-78-71-96*59-113-42-89-52-122-94-81-80-66-53-14*114-74-23-124-72-66-53-14-100-96-71-78*16-114-74-49-72-66-53-14-100-71-96-78*57-30-33-39-46-11-0-48-73-6-45-112*99-48-2-49-72-66-53-14-100-78-71-96*16-114-74-23-72-66-53-14-100-96-71-78*114-74-23-124-72-66-53-14-100-78-96-71*74-23-124-72-70-66-53-14-100-78-96-71*114-74-23-124-72-66-53-14-100-78-96-71*114-74-23-72-70-66-53-14-100-71-96-78*114-74-23-124-72-66-53-14-100-78-96-71*16-114-74-49-72-66-53-14-100-78-71-96*96-71-78-114-16-55-45-6-32-20-85-19*

\
Best Passenger Route set sting:
\
90-103-4-10-117-86-109-43-42-89-31-38-30-22-119-21*100-3-96-78-114-2-11-46-39-30-22-8*67-118-122-27-1-11-26-101-93-65-40-44-120-0-97-37-23-53-61-87-110-84-68-34*30-22-21-41-33-31-52-122-29-80-66-14-61-115-106-87-24-36-5-63-105-42-17-90*41-30-54-51-52-118-67-77-11-79-48-73-6-45-112-62*79-97-0-7-93-44-95-13-83-50-40-82-88-39-31-89-59-104-18-4-43-105-58-36*47-31-39-88-121-125-21-119-8-30-38-52-122-94-29-80-36-24-87-84-56-107-15*95-123-35-91-25-41-8-21-22-30-33-38-31-51-52-122-29-5-24-87-110-68-34*88-25-33-54-47-38-31-51-89-52-27-94-29-5-24-86-117-10*54-51-52-122-29-9-70-66-53-14-100-12-56-34*84-110-68-34-56-12-100-78-114-2-79-0-120-65-44-82-93-101-7-11-67-81-94-29*60-6-45-73-48-26-120-93-44-82-91-125-22-8-41*50-20-75-19-92-126-26-11-77-67-1-46-39-30-22-21*28-64-17-42-89-31-39-88-82-116-65-50-83-92-126-48-99*75-20-76-13-92-83-50-116-65-82-88-39-31-89-113-90-103-69-4-64-28-17-98-43-104*83-50-20-19-85-76-13-95-82-88-39-31-52-122-94-81-80-63-58-5*19-20-50-65-82-88-25-30-33-54-38-52-89-59-104-58-36-24-87-110-68-34*99-73-126-92-85-76-50-65-82-88-39-31-51-89-42-90-43-103-28-64-111-4-109*35-125-91-88-101-0-79-37-23-53-61-87-110-84*55-16-114-23-72-70-80-63-105-43-103-111*57-30-38-51-89-17-64-111-4-10-109-43-59-42*117-86-10-69-43-59-89-31-39-88-82-44-40-116-65-7-11-67-27-29-9*111-28-42-113-17-98-103-43-59-89-52-118-67-1-77-0-48-73-60-75-32-126-26-93-82*112-6-45-73-48-97-11-1-118-52-89-17-28-64-111*13-83-50-40-26-11-1-81-29-80-63-105-104-59-17-43-69-103-4*62-16-55-99-48-26-101-88-125-21-119-22*19-32-60-73-48-2-49-124-70-9-80-63-58-104-43-64*36-5-80-81-67-46-39-25-41-8-119-21-22*94-81-67-77-11-97-2-114-16-112-6-73-48-26-101-88-25-41-22*121-88-39-33-38-54-47-51-52-118-1-11-0-48-99-55-112*34-56-12-78-114-2-48-126-92-50-40-93-88-125*84-110-87-102-61-14-53-23-37-2-48-126-92-83-50-116-120-7-101-88-25-41-57-8*49-23-124-66-14-108-61-102-24-117-10-69-43-113-89-51-38-25-91-125-123-95*68-12-3-78-114-2-11-7-101-88-91-123*113-17-64-4-103-18-69-43-98-42-89-52-118-1-11-2-37-74-23-53-14-108-115*8-22-57-30-39-46-11-2-23-53-14-108-61-115-3-12-78-114-16-112*17-43-105-63-80-66-14-100-12-15-107-3-71-78-114-2-79-0-101-88-125-35-22-8-30*8-119-21-125-91-82-93-120-0-79-2-23-72-14-61-87-110-84-68-3-78-100-96-71*114-16-55-60-32-19-76-92-126-26-11-1-118-52-89-113-43-69-109-18-117-24-5-36-63*103-18-10-86-24-5-80-66-49-2-48-126-92-50-83-13-95-123-125*59-42-28-64-4-43-113-89-52-118-1-77-11-0-48-73-60-32-126-92-83-13-95*116-93-120-0-11-1-118-52-89-113-90-98-28-43*32-60-45-73-126-92-83-50-40-26-0-11-46-118-52-89-42-43-69-109-18-104-105-63-36*102-106-61-53-23-2-79-0-26-40-116-95*62-16-114-74-66-80-63-58-105-104-59-113*56-68-12-107-15-3-71-100-14-53-66-9-63-105-42-113-98-90-43-104-58-36-5*84-87-61-53-66-49-2-79-0-101-88-91-123*54-51-38-31-52-118-1-77-11-2-114-16-62-112-60-55-45-32-20-92-76*116-44-82-93-120-0-11-2-49-72-9-63-58-104-43-69-18-109-4-64-28-42-17*28-64-43-105-63-80-66-74-114-16-112-32-20-85-76-92-83-50-13*101-120-93-88-25-30-39-38-54-47-51-52-122-29-80-66-14-100-96-71-3-107-15-56*106-108-61-87-110-68-34-56-3-71-78-114-16-55-45-60-32-20-85-19*26-7-65-82-88-121-25-41-33-39-46-11-2-114-78-3-15-12-68-110-87-106*59-90-98-28-64-17-42-89-51-52-27-81-80-66-14-106-108-61-115-3-78-71-96-100-12*119-21-57-41-30-38-31-52-27-67-1-77-11-0-48-73-60-32-6*71-96-78-100-14-53-66-80-63-105-104-59-89-113-90-103-4-111*3-96-71-78-114-74-2-79-0-101-88-121-25-30-31-52-118-67*111-4-10-117-24-5-36-9-72-49-2-48-126-92-76-83-50-40-44-82-91-35-21-119*84-110-87-61-53-23-2-48-73-45-32-20-85*67-77-0-11-97-37-2-114-16-112-6-45-73-126-26-101-88-39-31-89-17-98-28-111*