3_3_Mumford1_GA_Mutations RESULTS EVALUATION:
\
HV:0.7067 | BM:0.7758

\
	Operator	Passenger
\
f1_ATT	32.7270		25.6257
\
f2_TRT	507		616
\
d_0	19.3186		28.8230
\
d_1	49.8222		60.2366
\
d_2	27.1087		10.7592
\
d_un	3.7504		0.1812

\
Best Operator Route set:
\
[[39, 18, 54, 36, 45, 34, 57, 51, 56, 28],
[27, 25, 41, 45, 36, 54, 5, 67, 37, 65],
[48, 29, 69, 23, 50, 43, 17, 59, 9, 68],
[63, 24, 30, 26, 16, 10, 17, 61, 44, 14],
[29, 3, 66, 19, 38, 36, 45, 58, 64, 52],
[39, 18, 54, 36, 45, 34, 57, 35, 51, 56],
[21, 24, 30, 26, 16, 10, 55, 17, 61, 60],
[29, 3, 66, 19, 38, 36, 45, 58, 64, 52],
[0, 50, 43, 20, 10, 16, 26, 62, 42, 15, 49, 1],
[29, 3, 66, 19, 38, 36, 45, 58, 64, 52],
[2, 50, 13, 22, 45, 41, 25, 12, 4, 40],
[3, 66, 38, 36, 41, 12, 4, 7, 40, 46],
[46, 53, 47, 6, 56, 8, 10, 59, 11, 31],
[10, 55, 20, 33, 22, 38, 19, 54, 18, 32],
[39, 18, 54, 36, 45, 34, 57, 35, 51, 56]]

\
Best Passenger Route set:
\
[[31, 11, 9, 59, 17, 20, 33, 22, 19, 54, 5, 37],
[68, 11, 1, 26, 8, 51, 41, 27, 67, 37],
[14, 44, 61, 17, 10, 16, 26, 30, 24, 63],
[60, 61, 43, 13, 22, 19, 54, 5, 67, 27, 12],
[31, 1, 26, 8, 51, 35, 41, 27, 67, 65],
[14, 2, 50, 13, 22, 45, 41, 12, 4, 53],
[46, 40, 53, 47, 6, 56, 8, 28, 10, 59],
[4, 25, 57, 35, 51, 64, 52, 20, 17, 60],
[62, 26, 16, 10, 55, 20, 43, 50, 0, 23],
[0, 23, 69, 38, 36, 41, 25, 4, 7, 46],
[29, 3, 66, 38, 36, 41, 12, 4, 7, 40, 46],
[48, 66, 19, 38, 36, 45, 34, 35, 6, 21, 24, 62],
[48, 3, 69, 23, 50, 17, 59, 1, 49, 15, 42],
[65, 19, 36, 45, 58, 64, 52, 8, 26, 49, 42],
[32, 39, 18, 54, 36, 45, 34, 57, 35, 6, 63]]

\
Best Operator Route set string:
\
39-18-54-36-45-34-57-51-56-28*27-25-41-45-36-54-5-67-37-65*48-29-69-23-50-43-17-59-9-68*63-24-30-26-16-10-17-61-44-14*29-3-66-19-38-36-45-58-64-52*39-18-54-36-45-34-57-35-51-56*21-24-30-26-16-10-55-17-61-60*29-3-66-19-38-36-45-58-64-52*0-50-43-20-10-16-26-62-42-15-49-1*29-3-66-19-38-36-45-58-64-52*2-50-13-22-45-41-25-12-4-40*3-66-38-36-41-12-4-7-40-46*46-53-47-6-56-8-10-59-11-31*10-55-20-33-22-38-19-54-18-32*39-18-54-36-45-34-57-35-51-56*

\
Best Passenger Route set sting:
\
31-11-9-59-17-20-33-22-19-54-5-37*68-11-1-26-8-51-41-27-67-37*14-44-61-17-10-16-26-30-24-63*60-61-43-13-22-19-54-5-67-27-12*31-1-26-8-51-35-41-27-67-65*14-2-50-13-22-45-41-12-4-53*46-40-53-47-6-56-8-28-10-59*4-25-57-35-51-64-52-20-17-60*62-26-16-10-55-20-43-50-0-23*0-23-69-38-36-41-25-4-7-46*29-3-66-38-36-41-12-4-7-40-46*48-66-19-38-36-45-34-35-6-21-24-62*48-3-69-23-50-17-59-1-49-15-42*65-19-36-45-58-64-52-8-26-49-42*32-39-18-54-36-45-34-57-35-6-63*