2_2_Mumford0_GA_Crossover RESULTS EVALUATION:
\
HV:0.8247 | BM:0.8087

\
	Operator	Passenger
\
f1_ATT	28.3035		15.2392
\
f2_TRT	96		438
\
d_0	14.9901		74.9679
\
d_1	24.0677		25.0321
\
d_2	29.3693		0.0000
\
d_un	31.5729		0.0000

\
Best Operator Route set:
\
[[27, 16],
[20, 7, 27, 10, 21, 5],
[14, 23, 9, 3, 1],
[26, 0],
[17, 22, 0, 18],
[13, 6, 10, 15],
[14, 11],
[29, 2, 27],
[7, 28, 25, 22, 19, 12, 8],
[14, 20],
[24, 4],
[20, 4]]

\
Best Passenger Route set:
\
[[9, 1, 3, 24, 20, 7, 16, 6, 5, 21, 2, 29],
[21, 5, 6, 13, 0, 18, 22, 17, 11, 3, 1, 9],
[22, 18, 0, 28, 16, 27, 29, 2, 7, 14, 23, 3, 1, 24, 4],
[26, 8, 12, 19, 17, 28, 16, 27, 2, 29, 10],
[18, 12, 19, 17, 11, 14, 23, 20, 4],
[6, 21, 10, 15, 27, 16, 28, 25, 11, 14, 23],
[7, 16, 15, 21],
[22, 0],
[19, 8, 26, 0, 18, 22, 17, 11, 14, 24, 4, 7, 28],
[15, 5, 21, 10, 27, 7, 14, 23, 9, 3, 11, 17, 22, 0, 25],
[4, 20, 7, 25, 22, 19, 12, 0, 13, 6, 10, 15, 2, 29],
[13, 6, 16, 7, 14, 23, 9]]

\
Best Operator Route set string:
\
27-16*20-7-27-10-21-5*14-23-9-3-1*26-0*17-22-0-18*13-6-10-15*14-11*29-2-27*7-28-25-22-19-12-8*14-20*24-4*20-4*

\
Best Passenger Route set sting:
\
9-1-3-24-20-7-16-6-5-21-2-29*21-5-6-13-0-18-22-17-11-3-1-9*22-18-0-28-16-27-29-2-7-14-23-3-1-24-4*26-8-12-19-17-28-16-27-2-29-10*18-12-19-17-11-14-23-20-4*6-21-10-15-27-16-28-25-11-14-23*7-16-15-21*22-0*19-8-26-0-18-22-17-11-14-24-4-7-28*15-5-21-10-27-7-14-23-9-3-11-17-22-0-25*4-20-7-25-22-19-12-0-13-6-10-15-2-29*13-6-16-7-14-23-9*