8_5_Mumford3_GA_Crossover_prob RESULTS EVALUATION:
\
HV:0.5971 | BM:0.6385

\
	Operator	Passenger
\
f1_ATT	34.7221		28.8138
\
f2_TRT	2371		5989
\
d_0	19.5143		43.3570
\
d_1	55.4053		54.6325
\
d_2	23.3716		2.0105
\
d_un	1.7088		0.0000

\
Best Operator Route set:
\
[[19, 13, 50, 83, 92, 126, 73, 48, 2, 114, 78, 71, 96],
[16, 114, 74, 23, 72, 66, 53, 14, 100, 78, 71, 96],
[16, 114, 74, 23, 72, 66, 53, 14, 100, 78, 96, 71],
[16, 114, 74, 23, 72, 66, 53, 14, 100, 78, 71, 96],
[16, 114, 74, 23, 72, 66, 53, 14, 100, 78, 71, 96],
[73, 48, 0, 11, 77, 1, 118, 52, 89, 42, 17, 28],
[16, 55, 99, 48, 26, 7, 101, 88, 121, 125, 21, 119],
[68, 84, 110, 87, 102, 24, 36, 5, 58, 104, 59, 89],
[34, 68, 84, 110, 87, 102, 24, 36, 5, 58, 104, 59],
[99, 73, 48, 0, 11, 77, 1, 118, 52, 89, 42, 17],
[16, 114, 74, 23, 72, 66, 53, 14, 100, 78, 71, 96],
[108, 61, 14, 53, 23, 37, 2, 79, 0, 101, 88, 121],
[91, 35, 125, 88, 101, 0, 79, 2, 49, 72, 70, 9, 80, 63],
[16, 114, 74, 23, 72, 66, 53, 14, 100, 78, 71, 96],
[90, 113, 42, 89, 52, 118, 1, 77, 11, 79, 48, 99],
[92, 126, 26, 0, 77, 1, 118, 52, 89, 17, 64, 111],
[16, 114, 74, 23, 72, 66, 53, 14, 100, 78, 71, 96],
[112, 16, 114, 23, 72, 66, 53, 14, 100, 78, 71, 96],
[16, 114, 74, 23, 124, 66, 53, 14, 100, 78, 71, 96],
[16, 114, 74, 23, 72, 66, 53, 14, 100, 78, 71, 96],
[71, 96, 78, 114, 16, 55, 45, 6, 60, 32, 20, 85],
[50, 116, 40, 7, 11, 1, 27, 81, 29, 5, 24, 86, 117],
[16, 114, 74, 23, 72, 66, 53, 14, 100, 78, 71, 96],
[71, 96, 100, 14, 53, 66, 80, 63, 58, 104, 59, 113],
[34, 56, 12, 3, 78, 114, 2, 79, 0, 120, 65, 116, 95, 44, 82],
[16, 55, 99, 48, 26, 7, 101, 88, 121, 125, 21, 119],
[71, 96, 78, 114, 16, 55, 45, 6, 60, 32, 20, 85],
[16, 114, 74, 23, 72, 66, 53, 14, 100, 78, 71, 96],
[57, 30, 33, 39, 46, 11, 2, 114, 78, 100, 96, 71],
[123, 95, 116, 120, 0, 79, 2, 23, 53, 14, 61, 115],
[16, 114, 74, 23, 72, 66, 53, 14, 100, 78, 71, 96],
[32, 60, 73, 48, 97, 2, 49, 72, 70, 9, 80, 63],
[62, 16, 114, 23, 49, 66, 53, 14, 100, 78, 71, 96],
[16, 114, 74, 23, 49, 66, 53, 14, 100, 78, 71, 96],
[16, 114, 74, 23, 72, 66, 53, 14, 100, 78, 71, 96],
[107, 15, 12, 100, 14, 66, 80, 63, 58, 105, 43, 90],
[16, 114, 74, 23, 72, 66, 53, 14, 100, 78, 71, 96],
[16, 114, 74, 23, 72, 66, 53, 14, 100, 78, 71, 96],
[31, 51, 52, 118, 1, 11, 79, 97, 48, 73, 60, 75],
[90, 113, 42, 89, 52, 118, 1, 77, 11, 79, 48, 99],
[16, 114, 74, 23, 72, 66, 53, 14, 100, 78, 71, 96],
[83, 50, 116, 93, 88, 39, 31, 89, 113, 90, 43, 103, 109],
[106, 108, 61, 14, 53, 23, 37, 2, 79, 0, 101, 88, 121],
[117, 10, 69, 43, 113, 42, 89, 31, 38, 30, 22, 119, 8],
[71, 96, 78, 114, 16, 55, 45, 6, 60, 32, 20, 85],
[76, 83, 50, 92, 126, 48, 2, 23, 53, 14, 61, 108],
[71, 100, 14, 66, 9, 80, 29, 94, 122, 52, 89, 42, 98],
[6, 73, 48, 26, 101, 88, 25, 41, 8, 119, 21, 22],
[16, 114, 74, 23, 72, 66, 53, 14, 100, 78, 71, 96],
[4, 69, 18, 104, 58, 63, 80, 9, 72, 49, 2, 48, 73, 6, 45],
[71, 96, 100, 14, 53, 66, 80, 63, 58, 104, 59, 113],
[62, 16, 114, 23, 49, 66, 53, 14, 100, 78, 96, 71],
[62, 16, 114, 23, 49, 66, 53, 14, 100, 78, 96, 71],
[71, 100, 14, 66, 9, 80, 29, 94, 122, 52, 89, 42],
[16, 114, 74, 23, 124, 66, 53, 14, 100, 78, 96, 71],
[54, 47, 51, 52, 118, 67, 1, 77, 11, 2, 114, 16, 62],
[6, 73, 48, 26, 101, 88, 25, 41, 8, 119, 21, 22],
[16, 114, 74, 23, 124, 66, 53, 14, 100, 78, 71, 96],
[14, 66, 80, 29, 122, 52, 51, 31, 38, 30, 22, 57],
[16, 114, 74, 23, 72, 66, 53, 14, 100, 78, 71, 96]]

\
Best Passenger Route set:
\
[[20, 75, 60, 6, 45, 73, 48, 79, 11, 77, 1, 118, 52, 89, 59, 43, 28, 103, 98, 90, 17, 113, 42, 104],
[75, 85, 92, 126, 26, 0, 77, 1, 118, 52, 89, 17, 64, 111, 69, 109],
[83, 13, 50, 19, 76, 85, 92, 126, 26, 11, 77, 1, 118, 52, 89, 113, 98, 17, 42, 104, 105, 58, 63, 36, 5],
[34, 68, 110, 84, 87, 61, 106, 14, 66, 80, 29, 122, 52, 51, 31, 38, 30, 57, 21, 41, 8, 22, 125, 91, 123],
[41, 25, 91, 125, 35, 21, 8, 30, 39, 46, 11, 2, 74, 114, 78, 71, 3, 107, 56, 84, 87, 106, 14, 66, 9],
[82, 91, 123, 125, 21, 22, 30, 33, 38, 31, 51, 52, 122, 94, 81, 80, 63, 105, 104, 59, 89, 113, 42, 17, 28],
[112, 45, 6, 73, 48, 97, 11, 77, 1, 118, 52, 51, 47, 54, 31, 39, 46, 67, 27, 29, 9, 80, 5],
[79, 2, 49, 72, 70, 124, 9, 63, 58, 104, 43, 109, 10, 117, 86, 24, 36, 5, 80, 66, 74, 114, 16, 62, 112],
[125, 91, 35, 21, 119, 22, 8, 41, 30, 38, 52, 122, 29, 5, 24, 87, 110, 84, 56, 12, 100, 71, 96, 78, 114],
[64, 98, 43, 113, 42, 89, 52, 118, 1, 77, 11, 0, 48, 73, 6, 55, 45, 112, 32, 19, 92, 50],
[13, 92, 20, 76, 83, 50, 116, 82, 88, 39, 31, 89, 113, 90, 103, 111, 4, 64, 98, 43, 109, 18, 117, 86],
[103, 18, 109, 86, 10, 117, 24, 5, 80, 66, 49, 2, 48, 126, 92, 50, 19, 20, 75, 60, 32, 45, 6],
[64, 98, 103, 4, 18, 117, 86, 10, 109, 69, 43, 90, 42, 89, 31, 39, 88, 82, 95, 40, 65, 93, 120, 116, 50],
[34, 56, 107, 15, 12, 100, 78, 114, 2, 79, 11, 46, 39, 30, 22, 21, 119],
[85, 20, 92, 76, 13, 50, 40, 7, 11, 1, 27, 29, 36, 24, 86, 10, 4, 43, 64, 103, 98, 113, 17, 28],
[4, 18, 109, 69, 103, 64, 111, 28, 17, 42, 89, 52, 118, 1, 77, 11, 0, 48, 73, 60, 6, 45, 112, 55, 16],
[119, 21, 8, 22, 30, 33, 39, 46, 11, 2, 114, 78, 71, 96, 100, 12, 3, 115, 106, 61, 108, 14, 66, 70],
[11, 1, 77, 0, 26, 120, 44, 82, 95, 13, 83, 92, 126, 48, 2, 114, 78, 3, 56, 68, 34],
[28, 17, 59, 90, 98, 64, 103, 43, 113, 42, 89, 52, 118, 46, 11, 26, 126, 92, 20, 85, 19, 75, 60, 73, 99],
[83, 92, 50, 76, 13, 95, 82, 88, 39, 38, 31, 51, 89, 59, 104, 18, 109, 10, 117, 86, 24, 102, 106, 14],
[75, 85, 20, 32, 60, 73, 48, 97, 11, 77, 1, 118, 52, 89, 42, 98, 113, 17, 59, 90, 43, 105, 63],
[11, 0, 7, 65, 120, 116, 50, 19, 85, 76, 92, 126, 73, 48, 2, 23, 53, 14, 61, 102, 108, 115, 106],
[86, 18, 69, 109, 4, 43, 113, 42, 89, 52, 118, 1, 77, 0, 48, 73, 6, 112, 45, 55, 16, 114, 78, 100, 71],
[124, 9, 72, 66, 49, 74, 114, 16, 55, 45, 6, 112, 32, 60, 73, 48, 2, 23, 53, 61, 108, 106, 87, 110, 84],
[6, 45, 32, 60, 73, 48, 2, 49, 124, 66, 80, 5, 24, 86, 109, 4, 103, 90, 42, 17, 89, 59, 113, 43],
[125, 91, 123, 95, 65, 40, 50, 83, 92, 126, 48, 2, 49, 72, 9, 5, 36, 24, 86, 10, 69, 18, 104, 43, 64],
[62, 112, 45, 55, 6, 32, 60, 73, 48, 97, 79, 11, 67, 118, 52, 89, 59, 90, 17, 113, 98, 43, 104, 105, 42],
[110, 68, 34, 56, 107, 15, 12, 3, 71, 100, 14, 66, 80, 29, 94, 122, 52, 51, 54, 47, 31, 38, 30, 22, 21],
[106, 102, 87, 61, 115, 108, 14, 53, 23, 37, 2, 79, 0, 101, 88, 91, 123],
[28, 17, 98, 64, 111, 4, 43, 42, 89, 52, 118, 1, 77, 11, 97, 48, 99, 73, 60, 6, 32, 112, 16, 55, 45],
[8, 22, 21, 41, 57, 30, 33, 39, 46, 11, 2, 37, 23, 53, 61, 108, 106, 14, 72, 66, 124, 70, 9, 80, 5],
[102, 87, 61, 108, 14, 53, 23, 37, 79, 0, 101, 88, 121, 125, 21, 119, 8, 22, 30, 25, 39, 46, 118],
[100, 14, 61, 102, 87, 110, 84, 56, 34, 68, 12, 3, 96, 71, 78, 114, 16, 55, 60, 32, 20, 85, 19, 75],
[6, 32, 112, 62, 16, 55, 99, 48, 26, 7, 101, 88, 125, 22, 119, 21, 41, 8],
[60, 32, 112, 6, 45, 73, 48, 26, 101, 88, 25, 41, 8, 119, 21, 57, 30, 54, 47, 51, 52, 118, 27, 29, 9],
[38, 30, 22, 119, 21, 125, 91, 82, 93, 120, 0, 79, 2, 23, 53, 14, 61, 87, 110, 84, 68, 3, 78, 96, 71],
[64, 28, 42, 17, 98, 43, 104, 105, 58, 63, 80, 66, 74, 114, 16, 112, 45, 6, 73, 126, 26, 0, 79, 2, 37],
[31, 89, 59, 43, 69, 10, 18, 104, 105, 63, 5, 9, 72, 124, 49, 2, 48, 73, 60, 32, 20, 85, 76, 50, 83],
[32, 19, 92, 85, 75, 60, 73, 48, 97, 79, 11, 1, 118, 52, 89, 17, 28, 111, 64, 103, 43, 90, 42, 113],
[107, 15, 56, 12, 3, 96, 78, 114, 2, 79, 0, 101, 88, 125, 35, 123, 91, 121, 25, 39, 31, 51, 54, 47, 38],
[34, 56, 107, 15, 3, 12, 78, 71, 96, 100, 14, 53, 66, 80, 63, 58, 105, 104, 43, 103, 4, 69, 10, 117, 86],
[65, 44, 82, 40, 26, 126, 32, 6, 45, 73, 48, 2, 23, 124, 9, 63, 105, 43, 69, 109, 18, 104, 59, 89],
[77, 11, 0, 7, 120, 26, 126, 32, 45, 6, 73, 48, 2, 49, 72, 9, 63, 105, 43, 69, 111, 28, 64, 17],
[34, 68, 110, 87, 102, 61, 14, 53, 23, 37, 79, 0, 26, 40, 116, 95, 123, 35, 21, 8, 41, 25, 121, 88, 30],
[15, 3, 68, 34, 56, 12, 100, 78, 114, 2, 97, 0, 101, 88, 91, 123, 125, 35, 8, 41, 57, 22, 30, 38, 25],
[57, 41, 8, 119, 21, 22, 30, 39, 46, 11, 2, 23, 53, 14, 61, 115, 106, 87, 102, 24, 5, 29, 94, 81, 27],
[27, 94, 81, 1, 67, 46, 39, 30, 33, 25, 38, 31, 52, 122, 29, 80, 66, 14, 100, 12, 56, 3, 107, 15],
[19, 85, 92, 126, 48, 2, 49, 66, 80, 36, 5, 24, 117, 10, 69, 4, 103, 98, 17, 113, 89, 31, 33, 41],
[117, 86, 18, 109, 69, 43, 42, 89, 51, 31, 39, 88, 82, 44, 65, 116, 40, 7, 26, 11, 67, 1, 27, 29, 9],
[76, 92, 19, 13, 95, 40, 7, 11, 1, 27, 81, 29, 5, 24, 86, 10, 69, 103, 98, 17, 90, 43, 105, 42, 89],
[83, 92, 126, 32, 60, 73, 48, 2, 49, 72, 14, 66, 80, 63, 105, 43, 69, 103, 18, 104, 58, 5, 36, 9, 70],
[44, 120, 26, 101, 88, 25, 38, 31, 51, 52, 122, 94, 81, 29, 80, 63, 58, 105, 104, 59, 42, 17, 90, 43],
[17, 43, 64, 4, 111, 103, 69, 10, 18, 104, 58, 63, 80, 9, 72, 49, 2, 48, 73, 126, 32, 60, 45, 6, 112],
[45, 6, 60, 112, 62, 16, 114, 2, 79, 11, 77, 1, 118, 52, 51, 89, 42, 17, 64, 98, 43, 90, 59, 113],
[17, 98, 90, 103, 28, 64, 111, 69, 43, 113, 42, 89, 31, 39, 88, 93, 116, 50, 83, 13, 19, 92, 76, 20, 85],
[95, 13, 83, 50, 76, 19, 92, 126, 26, 11, 77, 1, 118, 52, 89, 113, 90, 98, 17, 42, 104, 58, 5, 63],
[88, 121, 25, 30, 57, 41, 33, 31, 52, 122, 29, 80, 66, 53, 61, 115, 3, 15, 107, 56, 34, 68, 84, 110],
[65, 82, 44, 95, 50, 13, 92, 76, 20, 75, 19, 32, 60, 55, 16, 114, 78, 96, 71, 3, 56, 34, 68, 110, 84],
[23, 72, 124, 66, 53, 14, 108, 61, 102, 24, 117, 10, 69, 43, 90, 113, 89, 31, 38, 25, 91, 123, 125, 21, 35],
[15, 107, 56, 34, 68, 110, 87, 24, 36, 5, 63, 58, 104, 59, 89, 52, 31, 38, 39, 46, 118, 67, 1, 77, 11]]

\
Best Operator Route set string:
\
19-13-50-83-92-126-73-48-2-114-78-71-96*16-114-74-23-72-66-53-14-100-78-71-96*16-114-74-23-72-66-53-14-100-78-96-71*16-114-74-23-72-66-53-14-100-78-71-96*16-114-74-23-72-66-53-14-100-78-71-96*73-48-0-11-77-1-118-52-89-42-17-28*16-55-99-48-26-7-101-88-121-125-21-119*68-84-110-87-102-24-36-5-58-104-59-89*34-68-84-110-87-102-24-36-5-58-104-59*99-73-48-0-11-77-1-118-52-89-42-17*16-114-74-23-72-66-53-14-100-78-71-96*108-61-14-53-23-37-2-79-0-101-88-121*91-35-125-88-101-0-79-2-49-72-70-9-80-63*16-114-74-23-72-66-53-14-100-78-71-96*90-113-42-89-52-118-1-77-11-79-48-99*92-126-26-0-77-1-118-52-89-17-64-111*16-114-74-23-72-66-53-14-100-78-71-96*112-16-114-23-72-66-53-14-100-78-71-96*16-114-74-23-124-66-53-14-100-78-71-96*16-114-74-23-72-66-53-14-100-78-71-96*71-96-78-114-16-55-45-6-60-32-20-85*50-116-40-7-11-1-27-81-29-5-24-86-117*16-114-74-23-72-66-53-14-100-78-71-96*71-96-100-14-53-66-80-63-58-104-59-113*34-56-12-3-78-114-2-79-0-120-65-116-95-44-82*16-55-99-48-26-7-101-88-121-125-21-119*71-96-78-114-16-55-45-6-60-32-20-85*16-114-74-23-72-66-53-14-100-78-71-96*57-30-33-39-46-11-2-114-78-100-96-71*123-95-116-120-0-79-2-23-53-14-61-115*16-114-74-23-72-66-53-14-100-78-71-96*32-60-73-48-97-2-49-72-70-9-80-63*62-16-114-23-49-66-53-14-100-78-71-96*16-114-74-23-49-66-53-14-100-78-71-96*16-114-74-23-72-66-53-14-100-78-71-96*107-15-12-100-14-66-80-63-58-105-43-90*16-114-74-23-72-66-53-14-100-78-71-96*16-114-74-23-72-66-53-14-100-78-71-96*31-51-52-118-1-11-79-97-48-73-60-75*90-113-42-89-52-118-1-77-11-79-48-99*16-114-74-23-72-66-53-14-100-78-71-96*83-50-116-93-88-39-31-89-113-90-43-103-109*106-108-61-14-53-23-37-2-79-0-101-88-121*117-10-69-43-113-42-89-31-38-30-22-119-8*71-96-78-114-16-55-45-6-60-32-20-85*76-83-50-92-126-48-2-23-53-14-61-108*71-100-14-66-9-80-29-94-122-52-89-42-98*6-73-48-26-101-88-25-41-8-119-21-22*16-114-74-23-72-66-53-14-100-78-71-96*4-69-18-104-58-63-80-9-72-49-2-48-73-6-45*71-96-100-14-53-66-80-63-58-104-59-113*62-16-114-23-49-66-53-14-100-78-96-71*62-16-114-23-49-66-53-14-100-78-96-71*71-100-14-66-9-80-29-94-122-52-89-42*16-114-74-23-124-66-53-14-100-78-96-71*54-47-51-52-118-67-1-77-11-2-114-16-62*6-73-48-26-101-88-25-41-8-119-21-22*16-114-74-23-124-66-53-14-100-78-71-96*14-66-80-29-122-52-51-31-38-30-22-57*16-114-74-23-72-66-53-14-100-78-71-96*

\
Best Passenger Route set sting:
\
20-75-60-6-45-73-48-79-11-77-1-118-52-89-59-43-28-103-98-90-17-113-42-104*75-85-92-126-26-0-77-1-118-52-89-17-64-111-69-109*83-13-50-19-76-85-92-126-26-11-77-1-118-52-89-113-98-17-42-104-105-58-63-36-5*34-68-110-84-87-61-106-14-66-80-29-122-52-51-31-38-30-57-21-41-8-22-125-91-123*41-25-91-125-35-21-8-30-39-46-11-2-74-114-78-71-3-107-56-84-87-106-14-66-9*82-91-123-125-21-22-30-33-38-31-51-52-122-94-81-80-63-105-104-59-89-113-42-17-28*112-45-6-73-48-97-11-77-1-118-52-51-47-54-31-39-46-67-27-29-9-80-5*79-2-49-72-70-124-9-63-58-104-43-109-10-117-86-24-36-5-80-66-74-114-16-62-112*125-91-35-21-119-22-8-41-30-38-52-122-29-5-24-87-110-84-56-12-100-71-96-78-114*64-98-43-113-42-89-52-118-1-77-11-0-48-73-6-55-45-112-32-19-92-50*13-92-20-76-83-50-116-82-88-39-31-89-113-90-103-111-4-64-98-43-109-18-117-86*103-18-109-86-10-117-24-5-80-66-49-2-48-126-92-50-19-20-75-60-32-45-6*64-98-103-4-18-117-86-10-109-69-43-90-42-89-31-39-88-82-95-40-65-93-120-116-50*34-56-107-15-12-100-78-114-2-79-11-46-39-30-22-21-119*85-20-92-76-13-50-40-7-11-1-27-29-36-24-86-10-4-43-64-103-98-113-17-28*4-18-109-69-103-64-111-28-17-42-89-52-118-1-77-11-0-48-73-60-6-45-112-55-16*119-21-8-22-30-33-39-46-11-2-114-78-71-96-100-12-3-115-106-61-108-14-66-70*11-1-77-0-26-120-44-82-95-13-83-92-126-48-2-114-78-3-56-68-34*28-17-59-90-98-64-103-43-113-42-89-52-118-46-11-26-126-92-20-85-19-75-60-73-99*83-92-50-76-13-95-82-88-39-38-31-51-89-59-104-18-109-10-117-86-24-102-106-14*75-85-20-32-60-73-48-97-11-77-1-118-52-89-42-98-113-17-59-90-43-105-63*11-0-7-65-120-116-50-19-85-76-92-126-73-48-2-23-53-14-61-102-108-115-106*86-18-69-109-4-43-113-42-89-52-118-1-77-0-48-73-6-112-45-55-16-114-78-100-71*124-9-72-66-49-74-114-16-55-45-6-112-32-60-73-48-2-23-53-61-108-106-87-110-84*6-45-32-60-73-48-2-49-124-66-80-5-24-86-109-4-103-90-42-17-89-59-113-43*125-91-123-95-65-40-50-83-92-126-48-2-49-72-9-5-36-24-86-10-69-18-104-43-64*62-112-45-55-6-32-60-73-48-97-79-11-67-118-52-89-59-90-17-113-98-43-104-105-42*110-68-34-56-107-15-12-3-71-100-14-66-80-29-94-122-52-51-54-47-31-38-30-22-21*106-102-87-61-115-108-14-53-23-37-2-79-0-101-88-91-123*28-17-98-64-111-4-43-42-89-52-118-1-77-11-97-48-99-73-60-6-32-112-16-55-45*8-22-21-41-57-30-33-39-46-11-2-37-23-53-61-108-106-14-72-66-124-70-9-80-5*102-87-61-108-14-53-23-37-79-0-101-88-121-125-21-119-8-22-30-25-39-46-118*100-14-61-102-87-110-84-56-34-68-12-3-96-71-78-114-16-55-60-32-20-85-19-75*6-32-112-62-16-55-99-48-26-7-101-88-125-22-119-21-41-8*60-32-112-6-45-73-48-26-101-88-25-41-8-119-21-57-30-54-47-51-52-118-27-29-9*38-30-22-119-21-125-91-82-93-120-0-79-2-23-53-14-61-87-110-84-68-3-78-96-71*64-28-42-17-98-43-104-105-58-63-80-66-74-114-16-112-45-6-73-126-26-0-79-2-37*31-89-59-43-69-10-18-104-105-63-5-9-72-124-49-2-48-73-60-32-20-85-76-50-83*32-19-92-85-75-60-73-48-97-79-11-1-118-52-89-17-28-111-64-103-43-90-42-113*107-15-56-12-3-96-78-114-2-79-0-101-88-125-35-123-91-121-25-39-31-51-54-47-38*34-56-107-15-3-12-78-71-96-100-14-53-66-80-63-58-105-104-43-103-4-69-10-117-86*65-44-82-40-26-126-32-6-45-73-48-2-23-124-9-63-105-43-69-109-18-104-59-89*77-11-0-7-120-26-126-32-45-6-73-48-2-49-72-9-63-105-43-69-111-28-64-17*34-68-110-87-102-61-14-53-23-37-79-0-26-40-116-95-123-35-21-8-41-25-121-88-30*15-3-68-34-56-12-100-78-114-2-97-0-101-88-91-123-125-35-8-41-57-22-30-38-25*57-41-8-119-21-22-30-39-46-11-2-23-53-14-61-115-106-87-102-24-5-29-94-81-27*27-94-81-1-67-46-39-30-33-25-38-31-52-122-29-80-66-14-100-12-56-3-107-15*19-85-92-126-48-2-49-66-80-36-5-24-117-10-69-4-103-98-17-113-89-31-33-41*117-86-18-109-69-43-42-89-51-31-39-88-82-44-65-116-40-7-26-11-67-1-27-29-9*76-92-19-13-95-40-7-11-1-27-81-29-5-24-86-10-69-103-98-17-90-43-105-42-89*83-92-126-32-60-73-48-2-49-72-14-66-80-63-105-43-69-103-18-104-58-5-36-9-70*44-120-26-101-88-25-38-31-51-52-122-94-81-29-80-63-58-105-104-59-42-17-90-43*17-43-64-4-111-103-69-10-18-104-58-63-80-9-72-49-2-48-73-126-32-60-45-6-112*45-6-60-112-62-16-114-2-79-11-77-1-118-52-51-89-42-17-64-98-43-90-59-113*17-98-90-103-28-64-111-69-43-113-42-89-31-39-88-93-116-50-83-13-19-92-76-20-85*95-13-83-50-76-19-92-126-26-11-77-1-118-52-89-113-90-98-17-42-104-58-5-63*88-121-25-30-57-41-33-31-52-122-29-80-66-53-61-115-3-15-107-56-34-68-84-110*65-82-44-95-50-13-92-76-20-75-19-32-60-55-16-114-78-96-71-3-56-34-68-110-84*23-72-124-66-53-14-108-61-102-24-117-10-69-43-90-113-89-31-38-25-91-123-125-21-35*15-107-56-34-68-110-87-24-36-5-63-58-104-59-89-52-31-38-39-46-118-67-1-77-11*