23_2_Mumford0_SA_Mutations RESULTS EVALUATION:
\
HV:0.8022 | BM:0.8087

\
	Operator	Passenger
\
f1_ATT	34.8767		15.5945
\
f2_TRT	98		393
\
d_0	14.7767		64.3763
\
d_1	28.6942		35.6237
\
d_2	27.4112		0.0000
\
d_un	29.1180		0.0000

\
Best Operator Route set:
\
[[6, 15, 10],
[13, 18, 0, 22, 17],
[17, 12, 8],
[4, 24],
[22, 25, 28],
[2, 27, 7, 20, 24, 1],
[1, 9, 23, 14, 11, 17],
[5, 21, 10, 2, 29],
[0, 26],
[16, 27],
[3, 1],
[12, 19]]

\
Best Passenger Route set:
\
[[21, 6, 13, 0, 12, 19, 17, 28, 7, 20, 24, 1, 4],
[22, 18, 0, 25, 7, 20, 23, 3, 9, 14, 1],
[22, 18],
[26, 8, 12, 19, 17, 11, 14, 24, 7, 10, 21],
[20, 14],
[5, 6, 13, 18, 0, 22, 17, 11, 3, 1, 9],
[8, 26, 0, 28, 16, 27, 10],
[13, 0, 19, 12, 22, 25, 7, 10, 21, 5, 15],
[9, 3, 24, 4, 7, 16, 6, 5],
[5, 21, 15, 16, 7, 14, 23, 24],
[19, 22, 25, 28, 16, 2, 21, 5],
[3, 1, 9, 14, 7, 27, 29, 2, 10, 15, 6, 13, 18, 19]]

\
Best Operator Route set string:
\
6-15-10*13-18-0-22-17*17-12-8*4-24*22-25-28*2-27-7-20-24-1*1-9-23-14-11-17*5-21-10-2-29*0-26*16-27*3-1*12-19*

\
Best Passenger Route set sting:
\
21-6-13-0-12-19-17-28-7-20-24-1-4*22-18-0-25-7-20-23-3-9-14-1*22-18*26-8-12-19-17-11-14-24-7-10-21*20-14*5-6-13-18-0-22-17-11-3-1-9*8-26-0-28-16-27-10*13-0-19-12-22-25-7-10-21-5-15*9-3-24-4-7-16-6-5*5-21-15-16-7-14-23-24*19-22-25-28-16-2-21-5*3-1-9-14-7-27-29-2-10-15-6-13-18-19*