22_2_Mumford0_SA_Mut_update RESULTS EVALUATION:
\
HV:0.7937 | BM:0.8087

\
	Operator	Passenger
\
f1_ATT	26.4070		15.8442
\
f2_TRT	100		413
\
d_0	17.3691		68.5849
\
d_1	36.9652		30.9972
\
d_2	28.9981		0.4179
\
d_un	16.6676		0.0000

\
Best Operator Route set:
\
[[11, 17, 22, 0, 18],
[6, 13],
[9, 1, 3, 23, 14, 7, 27, 10],
[10, 6, 5, 21],
[16, 7],
[15, 10],
[29, 2],
[24, 4],
[8, 19, 12, 0, 28, 7, 20, 24],
[26, 0],
[25, 28],
[27, 2]]

\
Best Passenger Route set:
\
[[24, 1, 3, 23, 14, 20, 7, 27, 2, 29, 15],
[13, 18, 22, 25, 28, 7, 27],
[4, 1, 3, 14, 7, 25, 22, 12, 19, 18, 17, 28, 16, 2, 29],
[26, 8, 12, 0, 13, 6, 15, 2, 27],
[18, 19, 8, 26, 0, 25, 28, 7, 20, 4, 24, 23],
[1, 9, 14, 7, 10, 15, 21, 5],
[1, 14],
[10, 29, 2, 21, 6, 13, 18, 0, 22, 17, 11, 3, 9, 23, 1],
[9, 3, 24, 4, 7, 16, 6, 5],
[8, 12, 19, 17, 11, 14, 24, 4, 23],
[5, 21, 10, 27, 16, 28, 0, 19, 12, 17],
[15, 2, 16, 28, 25, 11]]

\
Best Operator Route set string:
\
11-17-22-0-18*6-13*9-1-3-23-14-7-27-10*10-6-5-21*16-7*15-10*29-2*24-4*8-19-12-0-28-7-20-24*26-0*25-28*27-2*

\
Best Passenger Route set sting:
\
24-1-3-23-14-20-7-27-2-29-15*13-18-22-25-28-7-27*4-1-3-14-7-25-22-12-19-18-17-28-16-2-29*26-8-12-0-13-6-15-2-27*18-19-8-26-0-25-28-7-20-4-24-23*1-9-14-7-10-15-21-5*1-14*10-29-2-21-6-13-18-0-22-17-11-3-9-23-1*9-3-24-4-7-16-6-5*8-12-19-17-11-14-24-4-23*5-21-10-27-16-28-0-19-12-17*15-2-16-28-25-11*