33_2_Mumford0__ALL_param RESULTS EVALUATION:
\
HV:0.7907 | BM:0.8087

\
	Operator	Passenger
\
f1_ATT	34.8767		15.8282
\
f2_TRT	98		563
\
d_0	14.7767		61.0007
\
d_1	28.6942		38.5638
\
d_2	27.4112		0.4355
\
d_un	29.1180		0.0000

\
Best Operator Route set:
\
[[6, 15, 10],
[13, 18, 0, 22, 17],
[17, 12, 8],
[4, 24],
[22, 25, 28],
[2, 27, 7, 20, 24, 1],
[1, 9, 23, 14, 11, 17],
[5, 21, 10, 2, 29],
[0, 26],
[16, 27],
[3, 1],
[12, 19]]

\
Best Passenger Route set:
\
[[25, 28, 17, 19, 8, 26, 0, 13, 6, 15, 10, 7, 4, 23],
[4, 14, 7, 27, 29, 10, 6, 13, 0, 28, 25],
[4, 1, 3, 11, 17, 22, 25, 28, 16, 10, 2, 6, 13],
[14, 11, 25, 28, 17, 19, 18, 13, 6, 15, 10, 27, 16],
[9, 23, 14, 11, 17, 22, 0, 28, 16, 27, 2, 7, 20, 24, 1],
[28, 17, 12, 19, 18, 13, 6, 5, 21, 10, 7, 20, 14, 24, 23],
[3, 9, 14, 20, 7, 25, 28, 17],
[18, 22, 25, 11, 3, 9, 1, 24, 7, 2, 29, 27],
[9, 3, 24, 23, 20, 7, 28, 16, 15, 29, 2, 21, 6, 10, 27],
[20, 24, 4, 23, 9, 3, 14],
[13, 6, 16, 7, 14, 23, 3, 1, 4, 20, 24],
[26, 8, 12, 18, 0, 25, 7, 4]]

\
Best Operator Route set string:
\
6-15-10*13-18-0-22-17*17-12-8*4-24*22-25-28*2-27-7-20-24-1*1-9-23-14-11-17*5-21-10-2-29*0-26*16-27*3-1*12-19*

\
Best Passenger Route set sting:
\
25-28-17-19-8-26-0-13-6-15-10-7-4-23*4-14-7-27-29-10-6-13-0-28-25*4-1-3-11-17-22-25-28-16-10-2-6-13*14-11-25-28-17-19-18-13-6-15-10-27-16*9-23-14-11-17-22-0-28-16-27-2-7-20-24-1*28-17-12-19-18-13-6-5-21-10-7-20-14-24-23*3-9-14-20-7-25-28-17*18-22-25-11-3-9-1-24-7-2-29-27*9-3-24-23-20-7-28-16-15-29-2-21-6-10-27*20-24-4-23-9-3-14*13-6-16-7-14-23-3-1-4-20-24*26-8-12-18-0-25-7-4*