23_3_Mumford1_SA_Mutations RESULTS EVALUATION:
\
HV:0.7609 | BM:0.7758

\
	Operator	Passenger
\
f1_ATT	29.6856		22.8002
\
f2_TRT	533		1259
\
d_0	23.5218		48.6909
\
d_1	53.4262		49.2869
\
d_2	20.7422		2.0221
\
d_un	2.3098		0.0000

\
Best Operator Route set:
\
[[27, 41, 34, 58, 64, 52, 20, 17, 61, 60],
[46, 40, 53, 47, 6, 56, 28, 8, 10, 59],
[32, 39, 18, 54, 36, 45, 58, 51, 35, 6],
[23, 2, 0, 69, 3, 66, 19, 38, 22, 33],
[29, 48, 66, 19, 36, 45, 34, 51, 8, 26, 62],
[4, 25, 12, 41, 45, 22, 13, 50, 2, 14],
[7, 4, 12, 25, 41, 34, 57, 35, 6, 47],
[50, 43, 20, 55, 10, 16, 26, 30, 24, 21],
[63, 21, 24, 30, 26, 16, 10, 17, 61, 60, 44],
[5, 18, 54, 36, 45, 58, 64, 52, 10, 16],
[68, 9, 11, 31, 1, 26, 8, 51, 41, 45],
[49, 26, 16, 10, 55, 20, 33, 22, 19, 66],
[37, 65, 5, 54, 19, 22, 33, 43, 61, 60],
[22, 33, 20, 55, 10, 16, 26, 49, 15, 42],
[12, 25, 27, 41, 36, 54, 18, 5, 37, 67]]

\
Best Passenger Route set:
\
[[40, 47, 6, 63, 24, 42, 15, 49, 26, 8, 51, 41, 36, 54, 32, 39, 48, 69, 0, 2, 14, 44, 17, 20, 52, 64, 35, 57, 25, 12],
[30, 62, 42, 49, 9, 68, 11, 31, 1, 26, 8, 51, 34, 25, 4, 40, 46],
[34, 57, 51, 58, 33, 50, 2, 23, 69, 3, 38, 36, 41, 12, 4, 53],
[11, 49, 62, 21, 6, 35, 34, 45, 36, 19, 66, 3, 23, 50],
[31, 9, 68, 59, 10, 55, 52, 64, 35, 41, 12, 4, 7, 53],
[29, 48, 66, 38, 36, 41, 35, 6, 63, 24, 30, 26, 16, 10, 17, 61, 14, 60],
[53, 47, 6, 21, 30, 15, 11, 59, 17, 43, 13, 22, 19, 54, 32],
[24, 30, 26, 1, 68, 9, 17, 20, 13, 33, 22, 36, 54, 5, 37, 32, 39, 65, 19, 69, 66, 18, 67, 27, 25, 4],
[46, 53, 47, 6, 35, 58, 34, 45, 36, 38, 69, 29, 19, 18],
[30, 26, 8, 52, 64, 58, 45, 36, 54, 18, 39, 32, 37, 65, 19],
[15, 11, 9, 59, 10, 52, 64, 58, 41, 27, 67, 37, 5, 18, 69, 0, 50, 43, 20, 55, 8, 28, 56, 51, 35, 34],
[3, 29, 23, 50, 43, 20, 10, 16, 26, 30, 24, 21, 62, 42, 49, 1],
[2, 50, 13, 22, 45, 41, 25, 4, 7, 53, 47, 6, 56, 8, 10, 17, 60, 44, 61, 43, 33],
[32, 18, 38, 22, 33, 20, 55, 16, 26, 62, 42, 15, 49, 1, 59, 17, 50, 23, 3, 48, 39, 65, 5, 67, 27, 25, 12, 4, 53, 47],
[23, 2, 14, 44, 60, 61, 43, 33, 58, 41, 12, 40, 46, 7, 47, 6, 56, 8, 28, 10]]

\
Best Operator Route set string:
\
27-41-34-58-64-52-20-17-61-60*46-40-53-47-6-56-28-8-10-59*32-39-18-54-36-45-58-51-35-6*23-2-0-69-3-66-19-38-22-33*29-48-66-19-36-45-34-51-8-26-62*4-25-12-41-45-22-13-50-2-14*7-4-12-25-41-34-57-35-6-47*50-43-20-55-10-16-26-30-24-21*63-21-24-30-26-16-10-17-61-60-44*5-18-54-36-45-58-64-52-10-16*68-9-11-31-1-26-8-51-41-45*49-26-16-10-55-20-33-22-19-66*37-65-5-54-19-22-33-43-61-60*22-33-20-55-10-16-26-49-15-42*12-25-27-41-36-54-18-5-37-67*

\
Best Passenger Route set sting:
\
40-47-6-63-24-42-15-49-26-8-51-41-36-54-32-39-48-69-0-2-14-44-17-20-52-64-35-57-25-12*30-62-42-49-9-68-11-31-1-26-8-51-34-25-4-40-46*34-57-51-58-33-50-2-23-69-3-38-36-41-12-4-53*11-49-62-21-6-35-34-45-36-19-66-3-23-50*31-9-68-59-10-55-52-64-35-41-12-4-7-53*29-48-66-38-36-41-35-6-63-24-30-26-16-10-17-61-14-60*53-47-6-21-30-15-11-59-17-43-13-22-19-54-32*24-30-26-1-68-9-17-20-13-33-22-36-54-5-37-32-39-65-19-69-66-18-67-27-25-4*46-53-47-6-35-58-34-45-36-38-69-29-19-18*30-26-8-52-64-58-45-36-54-18-39-32-37-65-19*15-11-9-59-10-52-64-58-41-27-67-37-5-18-69-0-50-43-20-55-8-28-56-51-35-34*3-29-23-50-43-20-10-16-26-30-24-21-62-42-49-1*2-50-13-22-45-41-25-4-7-53-47-6-56-8-10-17-60-44-61-43-33*32-18-38-22-33-20-55-16-26-62-42-15-49-1-59-17-50-23-3-48-39-65-5-67-27-25-12-4-53-47*23-2-14-44-60-61-43-33-58-41-12-40-46-7-47-6-56-8-28-10*