3_2_Mumford0_GA_Mutations RESULTS EVALUATION:
\
HV:0.7601 | BM:0.8087

\
	Operator	Passenger
\
f1_ATT	28.2485		16.3182
\
f2_TRT	117		331
\
d_0	24.9912		56.3450
\
d_1	31.3771		42.9740
\
d_2	23.4335		0.6810
\
d_un	20.1982		0.0000

\
Best Operator Route set:
\
[[5, 21, 15, 6, 13],
[5, 21],
[5, 21],
[9, 1, 23, 14, 20, 7, 16, 28],
[5, 21],
[5, 21],
[5, 21],
[3, 1, 24, 4],
[26, 8, 12, 19, 17, 22, 18, 0, 28, 25, 11],
[15, 10, 2, 29],
[27, 16, 15, 10],
[5, 21]]

\
Best Passenger Route set:
\
[[1, 9, 3, 23, 14, 11, 17, 22],
[9, 1, 3, 11, 17, 22, 18, 0, 26],
[5, 21, 15, 10, 27, 7, 20, 14, 9],
[3, 1, 9, 23, 20, 7, 16, 6, 5],
[22, 19, 12, 0, 13, 6, 5, 21],
[0, 18, 22, 25, 7, 4, 24],
[21, 2, 29, 10, 15, 16, 27],
[20, 4, 14, 1, 3, 24, 7, 16, 6, 5],
[8, 26, 0, 25, 28, 16, 15, 10, 21],
[11, 17, 22, 0, 18, 13, 6, 21],
[8, 12, 19, 17, 28, 7, 20, 24],
[4, 24, 14, 7, 2, 29, 27]]

\
Best Operator Route set string:
\
5-21-15-6-13*5-21*5-21*9-1-23-14-20-7-16-28*5-21*5-21*5-21*3-1-24-4*26-8-12-19-17-22-18-0-28-25-11*15-10-2-29*27-16-15-10*5-21*

\
Best Passenger Route set sting:
\
1-9-3-23-14-11-17-22*9-1-3-11-17-22-18-0-26*5-21-15-10-27-7-20-14-9*3-1-9-23-20-7-16-6-5*22-19-12-0-13-6-5-21*0-18-22-25-7-4-24*21-2-29-10-15-16-27*20-4-14-1-3-24-7-16-6-5*8-26-0-25-28-16-15-10-21*11-17-22-0-18-13-6-21*8-12-19-17-28-7-20-24*4-24-14-7-2-29-27*