24_2_Mumford0_SA_Mutations_more RESULTS EVALUATION:
\
HV:0.8087 | BM:0.8087

\
	Operator	Passenger
\
f1_ATT	34.7574		15.6326
\
f2_TRT	98		397
\
d_0	14.7767		63.6281
\
d_1	28.6942		36.3719
\
d_2	27.4112		0.0000
\
d_un	29.1180		0.0000

\
Best Operator Route set:
\
[[6, 10, 15],
[13, 18, 0, 22, 17],
[17, 12, 8],
[4, 24],
[22, 25, 28],
[2, 27, 7, 20, 24, 1],
[1, 9, 23, 14, 11, 17],
[5, 21, 10, 2, 29],
[0, 26],
[16, 27],
[3, 1],
[12, 19]]

\
Best Passenger Route set:
\
[[3, 24, 20, 4, 23, 14, 7, 16, 6, 5],
[28, 25, 11, 14],
[26, 8, 12, 19, 22, 25, 28, 16, 15, 21, 10, 7],
[5, 21, 15, 10, 27, 7, 14, 9, 3],
[8, 12, 0, 13, 6, 10, 2, 29, 27, 7, 28, 17, 19],
[14, 3, 4, 24, 1, 23, 20, 7, 25, 0, 18, 13, 6, 10],
[14, 23, 9, 1, 3, 11, 17, 22, 0, 18, 13, 6, 5, 21, 2],
[6, 15, 2],
[10, 29, 2, 7, 24, 14, 11, 17, 12, 8],
[28, 16, 2, 10],
[3, 4, 7, 25, 0, 26],
[19, 0, 26]]

\
Best Operator Route set string:
\
6-10-15*13-18-0-22-17*17-12-8*4-24*22-25-28*2-27-7-20-24-1*1-9-23-14-11-17*5-21-10-2-29*0-26*16-27*3-1*12-19*

\
Best Passenger Route set sting:
\
3-24-20-4-23-14-7-16-6-5*28-25-11-14*26-8-12-19-22-25-28-16-15-21-10-7*5-21-15-10-27-7-14-9-3*8-12-0-13-6-10-2-29-27-7-28-17-19*14-3-4-24-1-23-20-7-25-0-18-13-6-10*14-23-9-1-3-11-17-22-0-18-13-6-5-21-2*6-15-2*10-29-2-7-24-14-11-17-12-8*28-16-2-10*3-4-7-25-0-26*19-0-26*