3_2_Mumford0_GA_Mutations RESULTS EVALUATION:
\
HV:0.7454 | BM:0.8087

\
	Operator	Passenger
\
f1_ATT	24.8176		17.0848
\
f2_TRT	101		307
\
d_0	22.5830		48.5708
\
d_1	35.7874		49.7136
\
d_2	27.9752		1.7156
\
d_un	13.6544		0.0000

\
Best Operator Route set:
\
[[11, 25, 28],
[24, 20],
[2, 29, 27, 16],
[0, 19],
[8, 12],
[6, 13, 18, 0, 25, 7, 20, 14, 23, 1, 3, 9],
[24, 4],
[26, 0],
[0, 12],
[5, 21],
[22, 0, 17],
[21, 15, 10, 27, 7]]

\
Best Passenger Route set:
\
[[24, 14, 11, 17, 22, 19],
[9, 3, 24, 4, 7, 16, 6, 5],
[4, 20, 7, 25, 22, 18, 0, 26],
[9, 23, 20, 7, 27, 15, 21],
[29, 10, 6, 13, 0, 18, 22, 17, 12, 8],
[8, 12, 19, 17, 28, 7, 20, 24],
[3, 24, 4, 7, 16, 6, 5],
[1, 3, 11, 17, 18, 0, 26],
[8, 12, 18, 13, 6, 15, 10],
[1, 23, 14, 7, 27, 10, 15, 21],
[12, 0, 18, 13, 6, 5, 21],
[19, 17, 28, 16, 27, 2, 29]]

\
Best Operator Route set string:
\
11-25-28*24-20*2-29-27-16*0-19*8-12*6-13-18-0-25-7-20-14-23-1-3-9*24-4*26-0*0-12*5-21*22-0-17*21-15-10-27-7*

\
Best Passenger Route set sting:
\
24-14-11-17-22-19*9-3-24-4-7-16-6-5*4-20-7-25-22-18-0-26*9-23-20-7-27-15-21*29-10-6-13-0-18-22-17-12-8*8-12-19-17-28-7-20-24*3-24-4-7-16-6-5*1-3-11-17-18-0-26*8-12-18-13-6-15-10*1-23-14-7-27-10-15-21*12-0-18-13-6-5-21*19-17-28-16-27-2-29*