23_3_Mumford1_SA_Mutations RESULTS EVALUATION:
\
HV:0.7435 | BM:0.7758

\
	Operator	Passenger
\
f1_ATT	29.6784		23.5741
\
f2_TRT	531		1195
\
d_0	23.2856		39.5728
\
d_1	53.0815		57.3449
\
d_2	21.3231		3.0823
\
d_un	2.3098		0.0000

\
Best Operator Route set:
\
[[27, 41, 34, 58, 64, 52, 20, 17, 61, 60],
[46, 40, 53, 47, 6, 56, 28, 8, 10, 59],
[32, 39, 18, 54, 36, 45, 58, 51, 35, 6],
[23, 2, 0, 69, 3, 66, 19, 38, 22, 33],
[29, 48, 66, 19, 36, 45, 34, 51, 8, 26, 62],
[4, 25, 12, 41, 45, 22, 13, 50, 2, 14],
[7, 4, 12, 25, 41, 34, 57, 35, 6, 47],
[50, 43, 20, 55, 10, 16, 26, 30, 24, 21],
[63, 21, 24, 30, 26, 16, 10, 17, 61, 44],
[5, 18, 54, 36, 45, 58, 64, 52, 10, 16],
[68, 9, 11, 31, 1, 26, 8, 51, 41, 45],
[49, 26, 16, 10, 55, 20, 33, 22, 19, 66],
[37, 65, 5, 54, 19, 22, 33, 43, 61, 60],
[22, 33, 20, 55, 10, 16, 26, 49, 15, 42],
[12, 25, 27, 41, 36, 54, 18, 5, 37, 67]]

\
Best Passenger Route set:
\
[[16, 55, 10, 8, 51, 57, 25, 4, 7, 46, 40, 12, 41, 58, 64, 52, 20, 17, 9, 68, 11, 31],
[11, 49, 26, 16, 55, 20, 13, 22, 45, 41, 34, 25, 27],
[21, 63, 24, 30, 26, 1, 59, 17, 60, 61, 43, 33, 58, 51, 56, 28, 8, 52, 10],
[3, 66, 18, 5, 37, 67, 27, 12, 4, 53, 47, 6, 21, 30, 62, 26],
[50, 17, 59, 11, 15, 42, 62, 24, 63, 6, 35, 41, 27, 67, 65, 37, 32, 54, 38],
[30, 42, 15, 49, 9, 68, 1, 26, 8, 52, 64, 58, 34, 51, 35, 6, 21, 62],
[47, 6, 35, 58, 45, 36, 38, 66, 3, 23, 50, 43, 17, 61, 14, 2, 0, 69, 18, 37, 65],
[42, 15, 49, 26, 8, 51, 41, 36, 54, 18, 39, 48, 29, 23, 50, 17, 55, 52],
[46, 53, 47, 6, 56, 8, 10, 20, 33, 22, 19, 54, 65, 5, 18],
[7, 47, 40, 12, 41, 57, 35, 64, 52, 55, 17, 43, 13, 22, 38, 18, 67, 27, 25],
[29, 3, 69, 19, 36, 41, 51, 8, 26, 1, 31, 11, 49, 62, 15],
[64, 35, 6, 47, 7, 53, 4, 25, 41, 51, 56, 28, 10, 59, 68, 9, 16, 1, 49, 11],
[8, 28, 56, 51, 34, 41, 36, 54, 32, 39, 48, 69, 0, 50, 17, 59, 1, 49, 62, 30, 15, 11],
[63, 21, 30, 26, 16, 10, 17, 44, 14, 2, 50, 33, 58, 41, 12, 4, 7, 40],
[45, 58, 33, 22, 36, 38, 69, 48, 39, 65, 67, 5, 54, 19, 66, 29, 3, 0, 2]]

\
Best Operator Route set string:
\
27-41-34-58-64-52-20-17-61-60*46-40-53-47-6-56-28-8-10-59*32-39-18-54-36-45-58-51-35-6*23-2-0-69-3-66-19-38-22-33*29-48-66-19-36-45-34-51-8-26-62*4-25-12-41-45-22-13-50-2-14*7-4-12-25-41-34-57-35-6-47*50-43-20-55-10-16-26-30-24-21*63-21-24-30-26-16-10-17-61-44*5-18-54-36-45-58-64-52-10-16*68-9-11-31-1-26-8-51-41-45*49-26-16-10-55-20-33-22-19-66*37-65-5-54-19-22-33-43-61-60*22-33-20-55-10-16-26-49-15-42*12-25-27-41-36-54-18-5-37-67*

\
Best Passenger Route set sting:
\
16-55-10-8-51-57-25-4-7-46-40-12-41-58-64-52-20-17-9-68-11-31*11-49-26-16-55-20-13-22-45-41-34-25-27*21-63-24-30-26-1-59-17-60-61-43-33-58-51-56-28-8-52-10*3-66-18-5-37-67-27-12-4-53-47-6-21-30-62-26*50-17-59-11-15-42-62-24-63-6-35-41-27-67-65-37-32-54-38*30-42-15-49-9-68-1-26-8-52-64-58-34-51-35-6-21-62*47-6-35-58-45-36-38-66-3-23-50-43-17-61-14-2-0-69-18-37-65*42-15-49-26-8-51-41-36-54-18-39-48-29-23-50-17-55-52*46-53-47-6-56-8-10-20-33-22-19-54-65-5-18*7-47-40-12-41-57-35-64-52-55-17-43-13-22-38-18-67-27-25*29-3-69-19-36-41-51-8-26-1-31-11-49-62-15*64-35-6-47-7-53-4-25-41-51-56-28-10-59-68-9-16-1-49-11*8-28-56-51-34-41-36-54-32-39-48-69-0-50-17-59-1-49-62-30-15-11*63-21-30-26-16-10-17-44-14-2-50-33-58-41-12-4-7-40*45-58-33-22-36-38-69-48-39-65-67-5-54-19-66-29-3-0-2*