7_3_Mumford1_GA_Pop_size RESULTS EVALUATION:
\
HV:0.7579 | BM:0.7758

\
	Operator	Passenger
\
f1_ATT	27.8303		23.1449
\
f2_TRT	509		1624
\
d_0	23.7310		52.3427
\
d_1	52.1397		46.1263
\
d_2	22.8687		1.5310
\
d_un	1.2605		0.0000

\
Best Operator Route set:
\
[[21, 63, 6, 35, 34, 45, 36, 54, 5, 37],
[23, 2, 0, 69, 3, 66, 19, 38, 22, 33],
[57, 34, 58, 45, 36, 54, 18, 32, 39, 48],
[69, 29, 48, 3, 66, 19, 38, 36, 45, 41],
[37, 65, 5, 67, 27, 25, 4, 7, 40, 46],
[12, 25, 41, 45, 22, 13, 43, 50, 23, 29],
[62, 30, 26, 16, 10, 20, 43, 50, 2, 14],
[44, 60, 61, 17, 20, 52, 64, 51, 35, 6],
[10, 55, 52, 64, 58, 45, 36, 54, 5, 65],
[46, 40, 7, 47, 6, 56, 28, 8, 10, 59],
[21, 24, 30, 63, 6, 47, 53, 7, 40, 46],
[12, 25, 57, 35, 51, 8, 26, 49, 15, 42],
[41, 34, 35, 51, 56, 8, 26, 49, 15, 42],
[34, 35, 51, 56, 8, 26, 1, 68, 9, 31],
[11, 9, 59, 17, 20, 33, 22, 36, 54, 19]]

\
Best Passenger Route set:
\
[[39, 32, 65, 37, 5, 67, 18, 38, 19, 29, 3, 69, 23, 2, 50, 17, 59, 1, 49, 42, 30, 26, 16, 55, 8, 51, 35, 57, 25, 12],
[6, 63, 24, 62, 15, 30, 26, 8, 28, 56, 51, 35, 34, 45, 36, 54, 5, 65, 32, 37, 67, 27, 12, 25, 57, 58, 41],
[63, 24, 21, 30, 42, 15, 62, 26, 16, 1, 31, 11, 9, 59, 17, 20, 33, 22, 38, 18, 32, 37, 65, 19, 36, 45, 58, 35],
[0, 50, 43, 17, 10, 16, 26, 30, 24, 21, 6, 35, 34, 41, 27],
[29, 3, 38, 19, 69, 0, 2, 50, 13, 33, 58, 41, 12, 40, 7, 4, 25, 57, 35, 51, 64, 52, 20, 17, 60, 44, 14],
[42, 49, 26, 16, 10, 55, 20, 33, 22, 38, 19, 66, 48],
[58, 57, 34, 41, 25, 4, 7, 46, 40, 12, 27, 67, 5, 54, 19, 38, 22, 13, 20, 10, 59, 11, 31, 1, 26, 62, 21, 63, 24, 30],
[8, 52, 10, 55, 20, 17, 44, 60, 61, 43, 50, 23, 69, 48, 29, 3, 66, 38, 36, 45, 34, 35, 6, 47, 40, 46, 7, 53, 4, 25],
[32, 5, 54, 38, 66, 19, 29, 23, 50, 2, 14, 44, 61, 17, 10, 28, 56, 6, 47, 53, 4, 25, 12, 41, 45, 36, 22, 13],
[44, 14, 60, 61, 17, 59, 9, 31, 11, 15, 49, 1, 16, 55, 20, 43, 50, 23, 29, 48, 39, 32, 18, 5, 54, 66, 69, 0, 2],
[30, 21, 24, 42, 15, 49, 26, 8, 52, 64, 58, 45, 36, 54, 18, 39, 48, 3, 69, 23, 0, 2, 14, 44, 17, 10, 16, 1, 68, 9],
[65, 39, 48, 69, 19, 36, 41, 25, 4, 40, 46, 7, 53, 47, 6, 63, 30, 26, 16, 10, 55, 52, 64, 58, 33, 13, 43, 17],
[58, 35, 6, 63, 21, 24, 30, 62, 49, 9, 68, 1, 26, 8, 51, 34, 41, 27, 67, 37, 5, 18, 54, 66, 3, 29, 69, 0, 2],
[18, 32, 37, 65, 5, 67, 27, 25, 12, 41, 45, 36, 19, 66, 3, 69, 23, 50, 43, 17, 59, 9, 68, 11, 31, 1, 26, 30, 24],
[27, 25, 57, 58, 45, 22, 33, 43, 50, 2, 14, 44, 60, 61, 17, 10, 16, 26, 30, 24, 21, 63, 6, 56, 28, 8, 52, 55]]

\
Best Operator Route set string:
\
21-63-6-35-34-45-36-54-5-37*23-2-0-69-3-66-19-38-22-33*57-34-58-45-36-54-18-32-39-48*69-29-48-3-66-19-38-36-45-41*37-65-5-67-27-25-4-7-40-46*12-25-41-45-22-13-43-50-23-29*62-30-26-16-10-20-43-50-2-14*44-60-61-17-20-52-64-51-35-6*10-55-52-64-58-45-36-54-5-65*46-40-7-47-6-56-28-8-10-59*21-24-30-63-6-47-53-7-40-46*12-25-57-35-51-8-26-49-15-42*41-34-35-51-56-8-26-49-15-42*34-35-51-56-8-26-1-68-9-31*11-9-59-17-20-33-22-36-54-19*

\
Best Passenger Route set sting:
\
39-32-65-37-5-67-18-38-19-29-3-69-23-2-50-17-59-1-49-42-30-26-16-55-8-51-35-57-25-12*6-63-24-62-15-30-26-8-28-56-51-35-34-45-36-54-5-65-32-37-67-27-12-25-57-58-41*63-24-21-30-42-15-62-26-16-1-31-11-9-59-17-20-33-22-38-18-32-37-65-19-36-45-58-35*0-50-43-17-10-16-26-30-24-21-6-35-34-41-27*29-3-38-19-69-0-2-50-13-33-58-41-12-40-7-4-25-57-35-51-64-52-20-17-60-44-14*42-49-26-16-10-55-20-33-22-38-19-66-48*58-57-34-41-25-4-7-46-40-12-27-67-5-54-19-38-22-13-20-10-59-11-31-1-26-62-21-63-24-30*8-52-10-55-20-17-44-60-61-43-50-23-69-48-29-3-66-38-36-45-34-35-6-47-40-46-7-53-4-25*32-5-54-38-66-19-29-23-50-2-14-44-61-17-10-28-56-6-47-53-4-25-12-41-45-36-22-13*44-14-60-61-17-59-9-31-11-15-49-1-16-55-20-43-50-23-29-48-39-32-18-5-54-66-69-0-2*30-21-24-42-15-49-26-8-52-64-58-45-36-54-18-39-48-3-69-23-0-2-14-44-17-10-16-1-68-9*65-39-48-69-19-36-41-25-4-40-46-7-53-47-6-63-30-26-16-10-55-52-64-58-33-13-43-17*58-35-6-63-21-24-30-62-49-9-68-1-26-8-51-34-41-27-67-37-5-18-54-66-3-29-69-0-2*18-32-37-65-5-67-27-25-12-41-45-36-19-66-3-69-23-50-43-17-59-9-68-11-31-1-26-30-24*27-25-57-58-45-22-33-43-50-2-14-44-60-61-17-10-16-26-30-24-21-63-6-56-28-8-52-55*