22_2_Mumford0_SA_Mut_update RESULTS EVALUATION:
\
HV:0.7816 | BM:0.8087

\
	Operator	Passenger
\
f1_ATT	27.5148		15.9075
\
f2_TRT	101		526
\
d_0	17.5269		61.3777
\
d_1	40.6769		37.5029
\
d_2	30.3893		1.1194
\
d_un	11.4069		0.0000

\
Best Operator Route set:
\
[[10, 2],
[28, 25],
[15, 10],
[4, 24],
[21, 5],
[5, 6, 13, 0],
[19, 12, 0],
[27, 16],
[29, 2],
[10, 27, 7, 25, 0, 18],
[23, 9, 1, 3, 11, 17, 22, 0, 26, 8],
[7, 20, 14, 24]]

\
Best Passenger Route set:
\
[[9, 3, 1, 23, 14, 7, 10, 15],
[22, 12, 0, 25, 7, 4, 23, 24],
[4, 3, 11, 25, 22, 18, 0, 26, 8, 19, 17, 28, 16, 27, 2],
[4, 24, 14, 20],
[27, 29, 15, 10, 2, 7, 24, 1, 23, 20],
[27, 15, 2, 29, 10, 21, 6, 16, 7, 20, 24, 3, 1],
[24, 1, 9, 14, 7, 27, 29, 2, 6, 13, 0, 22, 25, 28, 16],
[4, 23, 1, 3, 11, 17, 28, 25, 0, 26, 8, 12],
[17, 11, 14, 23, 3, 4, 20],
[5, 21, 15, 10, 7, 25, 22, 19, 12, 17, 28, 16, 27, 2],
[2, 16, 15, 10, 6, 13, 18, 0, 22, 17, 11, 14, 9, 1, 4],
[0, 28, 16, 10, 15, 5, 6, 13, 18, 12, 19, 22, 17, 11]]

\
Best Operator Route set string:
\
10-2*28-25*15-10*4-24*21-5*5-6-13-0*19-12-0*27-16*29-2*10-27-7-25-0-18*23-9-1-3-11-17-22-0-26-8*7-20-14-24*

\
Best Passenger Route set sting:
\
9-3-1-23-14-7-10-15*22-12-0-25-7-4-23-24*4-3-11-25-22-18-0-26-8-19-17-28-16-27-2*4-24-14-20*27-29-15-10-2-7-24-1-23-20*27-15-2-29-10-21-6-16-7-20-24-3-1*24-1-9-14-7-27-29-2-6-13-0-22-25-28-16*4-23-1-3-11-17-28-25-0-26-8-12*17-11-14-23-3-4-20*5-21-15-10-7-25-22-19-12-17-28-16-27-2*2-16-15-10-6-13-18-0-22-17-11-14-9-1-4*0-28-16-10-15-5-6-13-18-12-19-22-17-11*