24_2_Mumford0_SA_Mutations_more RESULTS EVALUATION:
\
HV:0.7919 | BM:0.8087

\
	Operator	Passenger
\
f1_ATT	25.1328		15.8666
\
f2_TRT	95		661
\
d_0	24.2314		72.6327
\
d_1	44.7539		27.0517
\
d_2	25.4121		0.3156
\
d_un	5.6026		0.0000

\
Best Operator Route set:
\
[[25, 28],
[27, 16],
[2, 29],
[15, 10],
[26, 0, 13, 6],
[0, 18],
[5, 21, 10, 2, 27, 7],
[3, 1],
[4, 24],
[25, 11],
[9, 3, 23, 14, 24, 20, 7, 25, 0, 22, 19, 12, 8],
[17, 22]]

\
Best Passenger Route set:
\
[[17, 22, 18, 0, 13, 6, 15, 29, 2, 27, 16, 7, 10, 21, 5],
[13, 6, 16, 28, 25, 22, 19, 12, 18, 0, 17, 11, 14, 3, 1],
[26, 0, 18, 22, 19, 12, 17, 28, 7, 16, 27, 2, 10, 15, 21],
[23, 9, 1, 4, 24, 20, 7, 25, 0, 18, 13, 6, 5, 21, 10],
[9, 1, 3, 23, 14, 20, 7, 16, 27, 2, 29, 15, 21, 10, 6],
[6, 13, 18, 0, 22, 17, 11, 14, 20, 7, 27, 10, 15, 29, 2],
[17, 11, 3, 1, 23, 14, 20, 24, 4, 7, 25, 0, 12, 8, 19],
[10, 29, 27, 15, 5, 6, 16, 7, 14, 23, 1, 9, 3, 4, 20],
[5, 6, 15, 2, 21, 10, 29, 27, 16, 28, 17, 19, 12, 8, 26],
[21, 6, 13, 18, 0, 26, 8, 12, 19, 22, 17, 11, 3, 1, 9],
[28, 25, 0, 19, 17, 22, 18, 13, 6, 5, 21, 2, 27, 29, 15],
[8, 12, 19, 18, 0, 25, 11, 3, 4, 24, 20, 14, 23, 1, 9]]

\
Best Operator Route set string:
\
25-28*27-16*2-29*15-10*26-0-13-6*0-18*5-21-10-2-27-7*3-1*4-24*25-11*9-3-23-14-24-20-7-25-0-22-19-12-8*17-22*

\
Best Passenger Route set sting:
\
17-22-18-0-13-6-15-29-2-27-16-7-10-21-5*13-6-16-28-25-22-19-12-18-0-17-11-14-3-1*26-0-18-22-19-12-17-28-7-16-27-2-10-15-21*23-9-1-4-24-20-7-25-0-18-13-6-5-21-10*9-1-3-23-14-20-7-16-27-2-29-15-21-10-6*6-13-18-0-22-17-11-14-20-7-27-10-15-29-2*17-11-3-1-23-14-20-24-4-7-25-0-12-8-19*10-29-27-15-5-6-16-7-14-23-1-9-3-4-20*5-6-15-2-21-10-29-27-16-28-17-19-12-8-26*21-6-13-18-0-26-8-12-19-22-17-11-3-1-9*28-25-0-19-17-22-18-13-6-5-21-2-27-29-15*8-12-19-18-0-25-11-3-4-24-20-14-23-1-9*