23_3_Mumford1_SA_Mutations RESULTS EVALUATION:
\
HV:0.7539 | BM:0.7758

\
	Operator	Passenger
\
f1_ATT	29.6263		22.8298
\
f2_TRT	534		1615
\
d_0	23.8271		51.9284
\
d_1	53.5659		46.6008
\
d_2	20.2973		1.4708
\
d_un	2.3098		0.0000

\
Best Operator Route set:
\
[[27, 41, 34, 58, 64, 52, 20, 17, 61, 60],
[46, 40, 53, 47, 6, 56, 28, 8, 10, 59],
[32, 39, 18, 54, 36, 45, 58, 51, 35, 6],
[23, 2, 0, 69, 3, 66, 19, 38, 22, 33],
[29, 48, 66, 19, 36, 45, 34, 35, 51, 8, 26, 62],
[4, 25, 12, 41, 45, 22, 13, 50, 2, 14],
[7, 4, 12, 25, 41, 34, 57, 35, 6, 47],
[50, 43, 20, 55, 10, 16, 26, 30, 24, 21],
[63, 21, 24, 30, 26, 16, 10, 17, 61, 60, 44],
[5, 18, 54, 36, 45, 58, 64, 52, 10, 16],
[68, 9, 11, 31, 1, 26, 8, 51, 41, 45],
[49, 26, 16, 10, 55, 20, 33, 22, 19, 66],
[37, 65, 5, 54, 19, 22, 33, 43, 61, 60],
[22, 33, 20, 55, 10, 16, 26, 49, 15, 42],
[12, 25, 27, 41, 36, 54, 18, 5, 37, 67]]

\
Best Passenger Route set:
\
[[37, 65, 5, 54, 18, 19, 66, 3, 23, 50, 17, 9, 68, 59, 10, 52, 64, 58, 41, 25, 4, 7, 40, 46],
[33, 13, 22, 38, 19, 29, 69, 48, 39, 65, 18, 54, 36, 45, 58, 64, 52, 55, 16, 1, 31, 9, 59, 10, 20],
[69, 23, 2, 14, 60, 44, 61, 43, 13, 22, 38, 54, 32, 65, 37, 67, 27, 41, 51, 8, 26, 1, 31, 11, 59, 10, 28, 56, 6, 47],
[3, 29, 48, 66, 54, 65, 67, 5, 18, 38, 69, 23, 0, 50, 13, 20, 55, 8, 56, 28, 10, 17, 43, 33, 22, 19, 36],
[4, 12, 25, 34, 45, 36, 19, 69, 0, 2, 50, 33, 58, 35, 6, 63, 21, 24, 30, 26, 1, 11, 49, 62, 42],
[46, 7, 4, 25, 57, 41, 12, 40, 53, 47, 6, 56, 8, 10, 17, 61, 14, 2, 50, 13, 20, 52, 64],
[30, 42, 15, 62, 26, 16, 10, 55, 17, 44, 60, 61, 43, 13, 22, 45, 41, 12, 4, 53, 47, 6, 35, 57, 51, 8, 52, 64, 58, 33],
[21, 6, 35, 57, 41, 27, 67, 37, 32, 54, 19, 22, 33, 58, 51, 56, 28, 10, 52],
[46, 40, 4, 12, 27, 67, 5, 54, 32, 39, 48, 66, 38, 36, 41, 34, 51, 8, 26, 49, 15, 42, 24, 30, 63, 6, 56, 28, 10, 55],
[43, 33, 58, 64, 51, 56, 28, 8, 26, 62, 24, 63, 6, 35, 41, 36, 38, 3, 29, 69, 18, 66],
[2, 0, 3, 29, 48, 39, 65, 67, 27, 12, 25, 34, 57, 35, 64, 52, 20, 43, 50, 23, 69, 66, 38, 22, 45, 58, 51, 56, 8],
[55, 52, 64, 51, 34, 25, 27, 67, 37, 18, 39, 48, 29, 23, 50, 17, 59, 1, 49, 15, 42, 62, 21, 6, 47, 7, 46, 53],
[3, 0, 50, 33, 58, 57, 51, 8, 26, 16, 9, 11, 15, 30, 63, 6, 47, 7, 46],
[14, 2, 23, 29, 48, 39, 32, 18, 38, 22, 33, 20, 10, 16, 26, 30, 62, 21],
[47, 40, 12, 25, 27, 67, 37, 65, 18, 69, 23, 2, 14, 44, 60, 17, 20, 52, 64, 58, 34, 57]]

\
Best Operator Route set string:
\
27-41-34-58-64-52-20-17-61-60*46-40-53-47-6-56-28-8-10-59*32-39-18-54-36-45-58-51-35-6*23-2-0-69-3-66-19-38-22-33*29-48-66-19-36-45-34-35-51-8-26-62*4-25-12-41-45-22-13-50-2-14*7-4-12-25-41-34-57-35-6-47*50-43-20-55-10-16-26-30-24-21*63-21-24-30-26-16-10-17-61-60-44*5-18-54-36-45-58-64-52-10-16*68-9-11-31-1-26-8-51-41-45*49-26-16-10-55-20-33-22-19-66*37-65-5-54-19-22-33-43-61-60*22-33-20-55-10-16-26-49-15-42*12-25-27-41-36-54-18-5-37-67*

\
Best Passenger Route set sting:
\
37-65-5-54-18-19-66-3-23-50-17-9-68-59-10-52-64-58-41-25-4-7-40-46*33-13-22-38-19-29-69-48-39-65-18-54-36-45-58-64-52-55-16-1-31-9-59-10-20*69-23-2-14-60-44-61-43-13-22-38-54-32-65-37-67-27-41-51-8-26-1-31-11-59-10-28-56-6-47*3-29-48-66-54-65-67-5-18-38-69-23-0-50-13-20-55-8-56-28-10-17-43-33-22-19-36*4-12-25-34-45-36-19-69-0-2-50-33-58-35-6-63-21-24-30-26-1-11-49-62-42*46-7-4-25-57-41-12-40-53-47-6-56-8-10-17-61-14-2-50-13-20-52-64*30-42-15-62-26-16-10-55-17-44-60-61-43-13-22-45-41-12-4-53-47-6-35-57-51-8-52-64-58-33*21-6-35-57-41-27-67-37-32-54-19-22-33-58-51-56-28-10-52*46-40-4-12-27-67-5-54-32-39-48-66-38-36-41-34-51-8-26-49-15-42-24-30-63-6-56-28-10-55*43-33-58-64-51-56-28-8-26-62-24-63-6-35-41-36-38-3-29-69-18-66*2-0-3-29-48-39-65-67-27-12-25-34-57-35-64-52-20-43-50-23-69-66-38-22-45-58-51-56-8*55-52-64-51-34-25-27-67-37-18-39-48-29-23-50-17-59-1-49-15-42-62-21-6-47-7-46-53*3-0-50-33-58-57-51-8-26-16-9-11-15-30-63-6-47-7-46*14-2-23-29-48-39-32-18-38-22-33-20-10-16-26-30-62-21*47-40-12-25-27-67-37-65-18-69-23-2-14-44-60-17-20-52-64-58-34-57*