23_3_Mumford1_SA_Mutations RESULTS EVALUATION:
\
HV:0.7529 | BM:0.7758

\
	Operator	Passenger
\
f1_ATT	29.6172		23.2191
\
f2_TRT	533		1125
\
d_0	23.8977		44.9607
\
d_1	53.2331		53.5244
\
d_2	20.5153		1.5149
\
d_un	2.3539		0.0000

\
Best Operator Route set:
\
[[27, 41, 34, 58, 64, 52, 20, 17, 61, 60],
[46, 40, 53, 47, 6, 56, 28, 8, 10, 59],
[32, 39, 18, 54, 36, 45, 58, 51, 35, 6],
[23, 2, 0, 69, 3, 66, 19, 38, 22, 33],
[29, 48, 66, 19, 36, 45, 34, 35, 51, 8, 26, 62],
[4, 25, 12, 41, 45, 22, 13, 50, 2, 14],
[7, 4, 12, 25, 41, 34, 57, 35, 6, 47],
[50, 43, 20, 55, 10, 16, 26, 30, 24, 21],
[63, 21, 24, 30, 26, 16, 10, 17, 60, 44],
[5, 18, 54, 36, 45, 58, 64, 52, 10, 16],
[68, 9, 11, 31, 1, 26, 8, 51, 41, 45],
[49, 26, 16, 10, 55, 20, 33, 22, 19, 66],
[37, 65, 5, 18, 54, 36, 41, 27, 25, 12],
[22, 33, 20, 55, 10, 16, 26, 49, 15, 42],
[67, 37, 5, 54, 19, 22, 33, 43, 61, 60]]

\
Best Passenger Route set:
\
[[23, 69, 38, 18, 65, 5, 54, 19, 22, 33, 20, 17, 9, 11, 15, 42, 62, 21, 6, 47, 7, 40],
[27, 67, 37, 18, 69, 0, 50, 33, 58, 35, 6, 47, 53, 4, 40, 46, 7],
[38, 69, 48, 66, 19, 36, 41, 57, 35, 64, 52, 20, 17],
[40, 53, 4, 25, 41, 45, 22, 13, 50, 2],
[65, 37, 67, 27, 41, 51, 8, 26, 16, 9, 68, 11, 15, 42, 24],
[4, 25, 27, 67, 5, 37, 65, 32, 18, 54, 36, 41, 35, 6, 63, 24, 62, 42, 30, 26, 8, 52, 20, 43, 50, 23, 69, 29, 48],
[9, 31, 11, 15, 49, 26, 8, 52, 64, 51, 56],
[50, 43, 17, 59, 68, 9, 31, 1, 26, 8, 51, 34, 25, 4, 7, 40],
[40, 46, 7, 4, 25, 27, 67, 18, 69, 23, 2, 14, 44, 60, 61, 43, 33, 58, 34, 41, 57, 51],
[3, 38, 54, 66, 19, 18, 5, 67, 27, 25, 12, 41, 58, 64, 52, 55, 10, 59, 9, 68, 11, 49, 42],
[23, 2, 14, 60, 61, 17, 10, 8, 56, 6, 47, 53, 46, 40, 12, 41, 45, 36, 38, 66, 3, 29],
[67, 37, 32, 18, 38, 22, 13, 43, 17, 59, 1, 49, 26, 30, 24, 21],
[39, 32, 37, 5, 54, 19, 66, 3, 0, 2, 14, 44, 17, 10, 28, 56, 51, 35, 57, 25],
[45, 58, 64, 52, 8, 56, 6, 63, 30, 26, 16, 10, 55, 20, 13],
[30, 15, 62, 26, 16, 10, 17, 50, 23, 3, 48, 39, 18, 54, 36, 45, 58, 51, 8, 28]]

\
Best Operator Route set string:
\
27-41-34-58-64-52-20-17-61-60*46-40-53-47-6-56-28-8-10-59*32-39-18-54-36-45-58-51-35-6*23-2-0-69-3-66-19-38-22-33*29-48-66-19-36-45-34-35-51-8-26-62*4-25-12-41-45-22-13-50-2-14*7-4-12-25-41-34-57-35-6-47*50-43-20-55-10-16-26-30-24-21*63-21-24-30-26-16-10-17-60-44*5-18-54-36-45-58-64-52-10-16*68-9-11-31-1-26-8-51-41-45*49-26-16-10-55-20-33-22-19-66*37-65-5-18-54-36-41-27-25-12*22-33-20-55-10-16-26-49-15-42*67-37-5-54-19-22-33-43-61-60*

\
Best Passenger Route set sting:
\
23-69-38-18-65-5-54-19-22-33-20-17-9-11-15-42-62-21-6-47-7-40*27-67-37-18-69-0-50-33-58-35-6-47-53-4-40-46-7*38-69-48-66-19-36-41-57-35-64-52-20-17*40-53-4-25-41-45-22-13-50-2*65-37-67-27-41-51-8-26-16-9-68-11-15-42-24*4-25-27-67-5-37-65-32-18-54-36-41-35-6-63-24-62-42-30-26-8-52-20-43-50-23-69-29-48*9-31-11-15-49-26-8-52-64-51-56*50-43-17-59-68-9-31-1-26-8-51-34-25-4-7-40*40-46-7-4-25-27-67-18-69-23-2-14-44-60-61-43-33-58-34-41-57-51*3-38-54-66-19-18-5-67-27-25-12-41-58-64-52-55-10-59-9-68-11-49-42*23-2-14-60-61-17-10-8-56-6-47-53-46-40-12-41-45-36-38-66-3-29*67-37-32-18-38-22-13-43-17-59-1-49-26-30-24-21*39-32-37-5-54-19-66-3-0-2-14-44-17-10-28-56-51-35-57-25*45-58-64-52-8-56-6-63-30-26-16-10-55-20-13*30-15-62-26-16-10-17-50-23-3-48-39-18-54-36-45-58-51-8-28*