24_3_Mumford1_SA_Mutations_more RESULTS EVALUATION:
\
HV:0.7555 | BM:0.7758

\
	Operator	Passenger
\
f1_ATT	29.6263		22.9344
\
f2_TRT	534		1663
\
d_0	23.8271		51.7265
\
d_1	53.5659		46.6205
\
d_2	20.2973		1.6530
\
d_un	2.3098		0.0000

\
Best Operator Route set:
\
[[27, 41, 34, 58, 64, 52, 20, 17, 61, 60],
[46, 40, 53, 47, 6, 56, 28, 8, 10, 59],
[32, 39, 18, 54, 36, 45, 58, 51, 35, 6],
[23, 2, 0, 69, 3, 66, 19, 38, 22, 33],
[29, 48, 66, 19, 36, 45, 34, 35, 51, 8, 26, 62],
[4, 25, 12, 41, 45, 22, 13, 50, 2, 14],
[7, 4, 12, 25, 41, 34, 57, 35, 6, 47],
[50, 43, 20, 55, 10, 16, 26, 30, 24, 21],
[63, 21, 24, 30, 26, 16, 10, 17, 61, 60, 44],
[5, 18, 54, 36, 45, 58, 64, 52, 10, 16],
[68, 9, 11, 31, 1, 26, 8, 51, 41, 45],
[49, 26, 16, 10, 55, 20, 33, 22, 19, 66],
[37, 65, 5, 54, 19, 22, 33, 43, 61, 60],
[22, 33, 20, 55, 10, 16, 26, 49, 15, 42],
[12, 25, 27, 41, 36, 54, 18, 5, 37, 67]]

\
Best Passenger Route set:
\
[[34, 45, 36, 22, 13, 43, 17, 59, 68, 9, 16, 10, 55, 52, 64, 58, 57, 25, 27, 12, 4, 40, 46],
[68, 9, 31, 11, 15, 42, 62, 24, 63, 6, 35, 34, 45, 36, 19, 18, 65, 37, 5, 54, 38, 3, 69, 23, 0, 2, 14, 61, 17, 59],
[69, 66, 19, 18, 39, 48, 29, 23, 2, 50, 13, 22, 45, 41, 25, 4, 7, 40, 46, 53, 47, 6, 56, 8, 28, 10, 20, 17, 61, 60],
[42, 30, 62, 49, 11, 1, 59, 10, 8, 51, 41, 12, 25, 27],
[24, 42, 49, 1, 9, 68, 11, 15, 30, 21, 62, 26, 16, 55, 20, 43, 50, 23, 3, 38, 36, 45, 58, 34, 57, 51, 64, 52, 10, 59],
[13, 33, 50, 23, 29, 66, 54, 19, 3, 69, 0, 2, 14, 44, 61, 17, 20, 52, 8, 56, 6, 47, 7, 40, 46],
[68, 9, 16, 10, 52, 64, 35, 41, 27, 67, 5, 54, 19, 22, 33, 43, 17, 59, 11, 31, 1, 26, 8, 51, 34, 25, 4, 40, 46, 7],
[3, 69, 48, 39, 32, 5, 37, 65, 54, 38, 22, 13, 20, 17, 60, 44, 14, 2, 50, 43, 61],
[18, 32, 39, 48, 29, 69, 0, 2, 50, 43, 20, 55, 8, 28, 56, 51, 58, 45, 36, 54, 5, 65, 37, 67, 27, 25, 4, 53, 40, 12],
[63, 21, 62, 26, 49, 1, 59, 17, 20, 52, 64, 51, 35, 57, 41, 58, 33, 50, 23, 69, 0, 3, 38, 36],
[46, 40, 4, 12, 25, 27, 67, 65, 32, 39, 48, 29, 69, 23, 50, 17, 9, 11, 15, 42, 62, 26, 16, 55, 52, 64, 58, 35, 34, 41],
[27, 67, 37, 18, 69, 38, 22, 33, 20, 10, 16, 26, 30, 24, 21, 6, 35, 64, 58, 45, 36, 19, 29, 48, 3, 66, 54, 32, 65, 39],
[2, 14, 60, 44, 61, 43, 13, 22, 38, 19, 18, 66, 3, 23, 0, 50, 17, 10, 8, 56, 6, 63, 30, 24, 62, 42, 49, 1, 16, 55],
[21, 63, 24, 42, 15, 49, 26, 8, 51, 34, 45, 36, 38, 66, 48, 39, 18, 54, 19, 3, 29, 23],
[5, 37, 67, 27, 25, 4, 40, 7, 47, 6, 63, 30, 15, 62, 49, 1, 68, 9, 16, 26, 8, 51, 41, 36, 54, 18, 32, 39]]

\
Best Operator Route set string:
\
27-41-34-58-64-52-20-17-61-60*46-40-53-47-6-56-28-8-10-59*32-39-18-54-36-45-58-51-35-6*23-2-0-69-3-66-19-38-22-33*29-48-66-19-36-45-34-35-51-8-26-62*4-25-12-41-45-22-13-50-2-14*7-4-12-25-41-34-57-35-6-47*50-43-20-55-10-16-26-30-24-21*63-21-24-30-26-16-10-17-61-60-44*5-18-54-36-45-58-64-52-10-16*68-9-11-31-1-26-8-51-41-45*49-26-16-10-55-20-33-22-19-66*37-65-5-54-19-22-33-43-61-60*22-33-20-55-10-16-26-49-15-42*12-25-27-41-36-54-18-5-37-67*

\
Best Passenger Route set sting:
\
34-45-36-22-13-43-17-59-68-9-16-10-55-52-64-58-57-25-27-12-4-40-46*68-9-31-11-15-42-62-24-63-6-35-34-45-36-19-18-65-37-5-54-38-3-69-23-0-2-14-61-17-59*69-66-19-18-39-48-29-23-2-50-13-22-45-41-25-4-7-40-46-53-47-6-56-8-28-10-20-17-61-60*42-30-62-49-11-1-59-10-8-51-41-12-25-27*24-42-49-1-9-68-11-15-30-21-62-26-16-55-20-43-50-23-3-38-36-45-58-34-57-51-64-52-10-59*13-33-50-23-29-66-54-19-3-69-0-2-14-44-61-17-20-52-8-56-6-47-7-40-46*68-9-16-10-52-64-35-41-27-67-5-54-19-22-33-43-17-59-11-31-1-26-8-51-34-25-4-40-46-7*3-69-48-39-32-5-37-65-54-38-22-13-20-17-60-44-14-2-50-43-61*18-32-39-48-29-69-0-2-50-43-20-55-8-28-56-51-58-45-36-54-5-65-37-67-27-25-4-53-40-12*63-21-62-26-49-1-59-17-20-52-64-51-35-57-41-58-33-50-23-69-0-3-38-36*46-40-4-12-25-27-67-65-32-39-48-29-69-23-50-17-9-11-15-42-62-26-16-55-52-64-58-35-34-41*27-67-37-18-69-38-22-33-20-10-16-26-30-24-21-6-35-64-58-45-36-19-29-48-3-66-54-32-65-39*2-14-60-44-61-43-13-22-38-19-18-66-3-23-0-50-17-10-8-56-6-63-30-24-62-42-49-1-16-55*21-63-24-42-15-49-26-8-51-34-45-36-38-66-48-39-18-54-19-3-29-23*5-37-67-27-25-4-40-7-47-6-63-30-15-62-49-1-68-9-16-26-8-51-41-36-54-18-32-39*