33_3_Mumford1__ALL_param RESULTS EVALUATION:
\
HV:0.7579 | BM:0.7758

\
	Operator	Passenger
\
f1_ATT	26.6770		22.9237
\
f2_TRT	531		1566
\
d_0	24.2876		52.3874
\
d_1	57.2551		45.5500
\
d_2	17.6589		2.0626
\
d_un	0.7985		0.0000

\
Best Operator Route set:
\
[[16, 26, 62, 24, 21, 63, 6, 35, 34, 41],
[50, 2, 0, 69, 29, 48, 39, 65, 5, 67],
[13, 20, 55, 8, 56, 6, 47, 53, 7, 46],
[37, 5, 54, 36, 41, 51, 8, 26, 49, 42],
[31, 11, 68, 9, 59, 17, 43, 13, 33, 58],
[19, 66, 3, 69, 38, 36, 41, 27, 25, 12],
[39, 32, 54, 36, 45, 58, 51, 56, 28, 8],
[57, 34, 41, 35, 51, 8, 26, 1, 31, 11],
[46, 40, 7, 4, 25, 41, 58, 64, 52, 20],
[29, 69, 23, 50, 43, 20, 10, 16, 26, 30],
[18, 54, 19, 22, 33, 20, 17, 61, 60, 44],
[57, 34, 35, 58, 33, 50, 2, 14, 44, 60],
[48, 66, 38, 22, 33, 20, 10, 16, 1, 49],
[49, 11, 9, 68, 59, 10, 55, 52, 64, 58],
[57, 35, 51, 64, 52, 55, 16, 26, 49, 15]]

\
Best Passenger Route set:
\
[[34, 45, 22, 19, 65, 39, 48, 3, 66, 18, 5, 67, 27, 25, 4, 40, 46, 7, 47, 6, 56, 8, 55, 17, 44, 14, 2, 50, 13, 33],
[40, 46, 7, 47, 6, 56, 28, 10, 17, 60, 61, 43, 13, 22, 38, 54, 5, 37, 18, 39, 48, 29, 3, 0],
[44, 61, 17, 10, 28, 56, 6, 47, 53, 40, 7, 4, 25, 41, 45, 22, 33, 50, 0, 23],
[46, 40, 12, 41, 36, 19, 69, 29, 66, 38, 22, 33, 58, 35, 51, 56, 28, 8, 55],
[44, 61, 60, 14, 2, 50, 0, 69, 3, 38, 36, 41, 35, 6, 63, 24, 62, 15, 11, 31, 9, 1, 49, 42],
[61, 14, 2, 0, 23, 69, 38, 36, 41, 25, 4, 53, 47, 6, 63, 30, 15, 11, 31, 1, 16, 10, 52, 64, 58, 57, 51, 8, 56, 28],
[21, 6, 35, 34, 58, 45, 36, 38, 3, 48, 29, 66, 19, 22, 33, 20, 55, 16, 26, 30, 24, 62, 42, 49, 11, 9, 68],
[22, 45, 36, 54, 66, 38, 19, 65, 5, 32, 18, 69, 0, 2, 50, 13, 20, 52, 8, 56, 6, 47],
[31, 11, 68, 59, 17, 20, 33, 22, 38, 54, 18, 32, 65, 67, 27, 41, 45, 36, 19, 69, 66, 48, 39],
[24, 21, 63, 30, 42, 62, 26, 16, 10, 17, 43, 50, 23, 69, 3, 48, 39, 18, 54, 36, 45, 34, 57, 51, 64, 52, 8, 56],
[0, 50, 17, 9, 68, 1, 26, 8, 51, 34, 25, 12, 4, 40, 46, 53, 7],
[31, 11, 9, 17, 50, 23, 29, 48, 39, 32, 37, 67, 27, 41, 51, 56, 28, 8, 10, 59, 1, 26, 30, 21, 6, 35, 64, 58, 33, 43],
[62, 21, 30, 26, 1, 68, 9, 59, 10, 55, 52, 64, 58, 41, 34, 51, 56, 28, 8],
[48, 69, 19, 66, 18, 67, 27, 12, 41, 34, 35, 64, 52, 10, 59, 68, 11, 15, 42, 49, 26, 8, 51, 58, 45, 36, 54, 65, 37, 5],
[69, 3, 66, 38, 54, 18, 67, 27, 25, 57, 35, 64, 52, 20, 17, 61, 60, 44, 14, 2, 23, 29, 48, 39, 65, 5]]

\
Best Operator Route set string:
\
16-26-62-24-21-63-6-35-34-41*50-2-0-69-29-48-39-65-5-67*13-20-55-8-56-6-47-53-7-46*37-5-54-36-41-51-8-26-49-42*31-11-68-9-59-17-43-13-33-58*19-66-3-69-38-36-41-27-25-12*39-32-54-36-45-58-51-56-28-8*57-34-41-35-51-8-26-1-31-11*46-40-7-4-25-41-58-64-52-20*29-69-23-50-43-20-10-16-26-30*18-54-19-22-33-20-17-61-60-44*57-34-35-58-33-50-2-14-44-60*48-66-38-22-33-20-10-16-1-49*49-11-9-68-59-10-55-52-64-58*57-35-51-64-52-55-16-26-49-15*

\
Best Passenger Route set sting:
\
34-45-22-19-65-39-48-3-66-18-5-67-27-25-4-40-46-7-47-6-56-8-55-17-44-14-2-50-13-33*40-46-7-47-6-56-28-10-17-60-61-43-13-22-38-54-5-37-18-39-48-29-3-0*44-61-17-10-28-56-6-47-53-40-7-4-25-41-45-22-33-50-0-23*46-40-12-41-36-19-69-29-66-38-22-33-58-35-51-56-28-8-55*44-61-60-14-2-50-0-69-3-38-36-41-35-6-63-24-62-15-11-31-9-1-49-42*61-14-2-0-23-69-38-36-41-25-4-53-47-6-63-30-15-11-31-1-16-10-52-64-58-57-51-8-56-28*21-6-35-34-58-45-36-38-3-48-29-66-19-22-33-20-55-16-26-30-24-62-42-49-11-9-68*22-45-36-54-66-38-19-65-5-32-18-69-0-2-50-13-20-52-8-56-6-47*31-11-68-59-17-20-33-22-38-54-18-32-65-67-27-41-45-36-19-69-66-48-39*24-21-63-30-42-62-26-16-10-17-43-50-23-69-3-48-39-18-54-36-45-34-57-51-64-52-8-56*0-50-17-9-68-1-26-8-51-34-25-12-4-40-46-53-7*31-11-9-17-50-23-29-48-39-32-37-67-27-41-51-56-28-8-10-59-1-26-30-21-6-35-64-58-33-43*62-21-30-26-1-68-9-59-10-55-52-64-58-41-34-51-56-28-8*48-69-19-66-18-67-27-12-41-34-35-64-52-10-59-68-11-15-42-49-26-8-51-58-45-36-54-65-37-5*69-3-66-38-54-18-67-27-25-57-35-64-52-20-17-61-60-44-14-2-23-29-48-39-65-5*