23_3_Mumford1_SA_Mutations RESULTS EVALUATION:
\
HV:0.7410 | BM:0.7758

\
	Operator	Passenger
\
f1_ATT	29.6263		23.6411
\
f2_TRT	534		1174
\
d_0	23.8271		44.9586
\
d_1	53.5659		51.3049
\
d_2	20.2973		3.7364
\
d_un	2.3098		0.0000

\
Best Operator Route set:
\
[[27, 41, 34, 58, 64, 52, 20, 17, 61, 60],
[46, 40, 53, 47, 6, 56, 28, 8, 10, 59],
[32, 39, 18, 54, 36, 45, 58, 51, 35, 6],
[23, 2, 0, 69, 3, 66, 19, 38, 22, 33],
[29, 48, 66, 19, 36, 45, 34, 35, 51, 8, 26, 62],
[4, 25, 12, 41, 45, 22, 13, 50, 2, 14],
[7, 4, 12, 25, 41, 34, 57, 35, 6, 47],
[50, 43, 20, 55, 10, 16, 26, 30, 24, 21],
[63, 21, 24, 30, 26, 16, 10, 17, 61, 60, 44],
[5, 18, 54, 36, 45, 58, 64, 52, 10, 16],
[68, 9, 11, 31, 1, 26, 8, 51, 41, 45],
[49, 26, 16, 10, 55, 20, 33, 22, 19, 66],
[37, 65, 5, 54, 19, 22, 33, 43, 61, 60],
[22, 33, 20, 55, 10, 16, 26, 49, 15, 42],
[12, 25, 27, 41, 36, 54, 18, 5, 37, 67]]

\
Best Passenger Route set:
\
[[23, 69, 66, 54, 65, 37, 67, 27, 41, 34, 35, 51, 56, 8, 28],
[0, 23, 50, 33, 58, 34, 25, 4, 40, 46, 53, 47, 6, 56, 28, 8, 55, 17, 43],
[69, 18, 54, 36, 41, 51, 56, 8, 10, 20, 13, 50, 2, 0],
[21, 62, 42, 15, 49, 1, 59, 17, 44, 14, 2, 0, 69, 3, 66, 54, 32],
[3, 38, 18, 69, 48, 66, 19, 36, 45, 41, 57, 35, 6, 63, 24, 62, 42, 15],
[40, 47, 53, 4, 25, 12, 41, 45, 22, 13, 50, 23, 69, 38, 54, 18],
[16, 9, 49, 11, 68, 59, 10, 28, 56, 51, 57, 25, 12, 41, 35, 64, 58, 33, 13, 20, 17, 60, 14],
[5, 65, 67, 37, 32, 39, 18, 54, 36, 45, 58, 64, 52, 55, 16, 26, 30, 63, 6, 47, 7, 40, 53],
[9, 49, 62, 21, 24, 30, 26, 16, 10, 17, 61, 44, 14],
[23, 3, 38, 36, 45, 58, 64, 52, 10, 59, 9],
[30, 15, 11, 9, 68, 1, 26, 8, 51, 41, 25, 4, 7, 40, 46],
[10, 59, 11, 31, 1, 26, 49, 15, 30, 24, 21, 6, 35, 58, 33, 13, 50, 2, 14, 44, 61, 43, 20, 52, 64, 51, 34, 57, 41, 36],
[34, 25, 27, 67, 37, 5, 54, 19, 22, 33, 43, 61, 60, 44, 14, 2, 23, 29, 48, 39, 65, 18],
[31, 11, 9, 17, 50, 23, 29, 19, 66, 38, 22, 33, 20, 55, 10, 16, 1, 49, 15, 42, 62, 26, 8, 52, 64, 58, 51, 56, 28],
[62, 42, 15, 11, 1, 59, 17, 43, 50, 0, 23, 3, 29, 48, 39, 32, 5]]

\
Best Operator Route set string:
\
27-41-34-58-64-52-20-17-61-60*46-40-53-47-6-56-28-8-10-59*32-39-18-54-36-45-58-51-35-6*23-2-0-69-3-66-19-38-22-33*29-48-66-19-36-45-34-35-51-8-26-62*4-25-12-41-45-22-13-50-2-14*7-4-12-25-41-34-57-35-6-47*50-43-20-55-10-16-26-30-24-21*63-21-24-30-26-16-10-17-61-60-44*5-18-54-36-45-58-64-52-10-16*68-9-11-31-1-26-8-51-41-45*49-26-16-10-55-20-33-22-19-66*37-65-5-54-19-22-33-43-61-60*22-33-20-55-10-16-26-49-15-42*12-25-27-41-36-54-18-5-37-67*

\
Best Passenger Route set sting:
\
23-69-66-54-65-37-67-27-41-34-35-51-56-8-28*0-23-50-33-58-34-25-4-40-46-53-47-6-56-28-8-55-17-43*69-18-54-36-41-51-56-8-10-20-13-50-2-0*21-62-42-15-49-1-59-17-44-14-2-0-69-3-66-54-32*3-38-18-69-48-66-19-36-45-41-57-35-6-63-24-62-42-15*40-47-53-4-25-12-41-45-22-13-50-23-69-38-54-18*16-9-49-11-68-59-10-28-56-51-57-25-12-41-35-64-58-33-13-20-17-60-14*5-65-67-37-32-39-18-54-36-45-58-64-52-55-16-26-30-63-6-47-7-40-53*9-49-62-21-24-30-26-16-10-17-61-44-14*23-3-38-36-45-58-64-52-10-59-9*30-15-11-9-68-1-26-8-51-41-25-4-7-40-46*10-59-11-31-1-26-49-15-30-24-21-6-35-58-33-13-50-2-14-44-61-43-20-52-64-51-34-57-41-36*34-25-27-67-37-5-54-19-22-33-43-61-60-44-14-2-23-29-48-39-65-18*31-11-9-17-50-23-29-19-66-38-22-33-20-55-10-16-1-49-15-42-62-26-8-52-64-58-51-56-28*62-42-15-11-1-59-17-43-50-0-23-3-29-48-39-32-5*