23_3_Mumford1_SA_Mutations RESULTS EVALUATION:
\
HV:0.7596 | BM:0.7758

\
	Operator	Passenger
\
f1_ATT	29.6263		22.8285
\
f2_TRT	534		1295
\
d_0	23.8271		48.6349
\
d_1	53.5659		49.6758
\
d_2	20.2973		1.6894
\
d_un	2.3098		0.0000

\
Best Operator Route set:
\
[[27, 41, 34, 58, 64, 52, 20, 17, 61, 60],
[46, 40, 53, 47, 6, 56, 28, 8, 10, 59],
[32, 39, 18, 54, 36, 45, 58, 51, 35, 6],
[23, 2, 0, 69, 3, 66, 19, 38, 22, 33],
[29, 48, 66, 19, 36, 45, 34, 35, 51, 8, 26, 62],
[4, 25, 12, 41, 45, 22, 13, 50, 2, 14],
[7, 4, 12, 25, 41, 34, 57, 35, 6, 47],
[50, 43, 20, 55, 10, 16, 26, 30, 24, 21],
[63, 21, 24, 30, 26, 16, 10, 17, 61, 60, 44],
[5, 18, 54, 36, 45, 58, 64, 52, 10, 16],
[68, 9, 11, 31, 1, 26, 8, 51, 41, 45],
[49, 26, 16, 10, 55, 20, 33, 22, 19, 66],
[37, 65, 5, 54, 19, 22, 33, 43, 61, 60],
[22, 33, 20, 55, 10, 16, 26, 49, 15, 42],
[12, 25, 27, 41, 36, 54, 18, 5, 37, 67]]

\
Best Passenger Route set:
\
[[53, 46, 40, 7, 4, 25, 57, 51, 64, 52, 55, 17, 61, 60, 44, 14],
[3, 66, 38, 22, 33, 20, 17, 9, 11, 15, 30, 24, 62, 21],
[59, 11, 31, 1, 26, 8, 51, 41, 36, 54, 65, 37, 32, 5, 18, 38],
[31, 9, 17, 43, 33, 58, 34, 25, 4, 40, 12, 41, 36, 22, 13, 20, 52, 8, 56, 6, 47, 53, 7],
[50, 0, 69, 38, 36, 41, 25, 4, 53, 47, 6, 56, 28, 10, 17, 44, 14, 2, 23, 29, 19, 54],
[0, 23, 3, 66, 19, 36, 45, 58, 51, 56, 8, 55, 10, 17, 60],
[48, 66, 38, 36, 41, 34, 57, 35, 6, 63, 24, 42, 62, 26, 16, 10, 20, 33, 22, 19, 18, 32, 39, 65],
[30, 42, 15, 49, 1, 59, 17, 50, 23, 29, 48, 39, 32, 37, 67, 27, 25, 12, 4, 7, 47, 6, 56],
[52, 10, 16, 9, 11, 49, 26, 8, 51, 41, 36, 54, 18, 39, 48, 29, 66, 19],
[46, 40, 47, 6, 63, 30, 26, 16, 9, 68, 59, 10, 52, 64, 58, 41, 27, 67, 18, 69, 66, 54],
[65, 32, 39, 48, 29, 69, 0, 50, 13, 22, 45, 41, 12, 4, 7, 46, 40],
[65, 18, 66, 69, 0, 50, 43, 20, 55, 16, 26, 30, 24, 21, 6, 35, 41, 36, 38, 3, 29],
[9, 16, 26, 8, 52, 64, 58, 45, 36, 38, 18, 65, 37, 5, 54, 19, 22, 13, 43, 61, 60, 44, 14, 2, 50, 33],
[39, 32, 54, 36, 45, 34, 35, 6, 63, 24, 62, 15, 49, 26, 16, 55, 20, 33, 22, 38, 69, 23, 2, 0, 3, 66, 18, 65, 67, 5],
[30, 21, 63, 6, 35, 51, 56, 28, 8, 26, 16, 1, 31, 9, 49]]

\
Best Operator Route set string:
\
27-41-34-58-64-52-20-17-61-60*46-40-53-47-6-56-28-8-10-59*32-39-18-54-36-45-58-51-35-6*23-2-0-69-3-66-19-38-22-33*29-48-66-19-36-45-34-35-51-8-26-62*4-25-12-41-45-22-13-50-2-14*7-4-12-25-41-34-57-35-6-47*50-43-20-55-10-16-26-30-24-21*63-21-24-30-26-16-10-17-61-60-44*5-18-54-36-45-58-64-52-10-16*68-9-11-31-1-26-8-51-41-45*49-26-16-10-55-20-33-22-19-66*37-65-5-54-19-22-33-43-61-60*22-33-20-55-10-16-26-49-15-42*12-25-27-41-36-54-18-5-37-67*

\
Best Passenger Route set sting:
\
53-46-40-7-4-25-57-51-64-52-55-17-61-60-44-14*3-66-38-22-33-20-17-9-11-15-30-24-62-21*59-11-31-1-26-8-51-41-36-54-65-37-32-5-18-38*31-9-17-43-33-58-34-25-4-40-12-41-36-22-13-20-52-8-56-6-47-53-7*50-0-69-38-36-41-25-4-53-47-6-56-28-10-17-44-14-2-23-29-19-54*0-23-3-66-19-36-45-58-51-56-8-55-10-17-60*48-66-38-36-41-34-57-35-6-63-24-42-62-26-16-10-20-33-22-19-18-32-39-65*30-42-15-49-1-59-17-50-23-29-48-39-32-37-67-27-25-12-4-7-47-6-56*52-10-16-9-11-49-26-8-51-41-36-54-18-39-48-29-66-19*46-40-47-6-63-30-26-16-9-68-59-10-52-64-58-41-27-67-18-69-66-54*65-32-39-48-29-69-0-50-13-22-45-41-12-4-7-46-40*65-18-66-69-0-50-43-20-55-16-26-30-24-21-6-35-41-36-38-3-29*9-16-26-8-52-64-58-45-36-38-18-65-37-5-54-19-22-13-43-61-60-44-14-2-50-33*39-32-54-36-45-34-35-6-63-24-62-15-49-26-16-55-20-33-22-38-69-23-2-0-3-66-18-65-67-5*30-21-63-6-35-51-56-28-8-26-16-1-31-9-49*