24_3_Mumford1_SA_Mutations_more RESULTS EVALUATION:
\
HV:0.7639 | BM:0.7758

\
	Operator	Passenger
\
f1_ATT	27.1934		22.8893
\
f2_TRT	522		1386
\
d_0	25.1702		50.2183
\
d_1	58.1875		48.3706
\
d_2	15.8553		1.4111
\
d_un	0.7871		0.0000

\
Best Operator Route set:
\
[[56, 51, 35, 34, 45, 36, 54, 5, 65, 37],
[68, 9, 59, 10, 52, 64, 58, 41, 12, 25],
[11, 9, 68, 59, 17, 43, 13, 22, 19, 54, 18],
[28, 8, 52, 64, 58, 45, 36, 19, 66, 54],
[35, 64, 52, 55, 10, 16, 1, 11, 68, 9],
[50, 13, 22, 45, 41, 25, 4, 7, 40, 46],
[48, 39, 18, 54, 36, 41, 35, 6, 63, 21],
[11, 31, 1, 49, 15, 42, 62, 24, 63, 6],
[49, 26, 16, 10, 20, 43, 50, 23, 69, 29],
[30, 26, 16, 10, 52, 64, 51, 35, 57, 34],
[49, 26, 16, 55, 20, 33, 22, 38, 54, 32],
[1, 26, 8, 51, 41, 27, 67, 37, 5, 54],
[35, 51, 64, 52, 20, 17, 60, 44, 14, 2],
[0, 69, 3, 66, 38, 36, 45, 41, 34, 57],
[40, 7, 53, 47, 6, 56, 8, 10, 17, 61]]

\
Best Passenger Route set:
\
[[31, 11, 1, 49, 26, 8, 52, 64, 58, 34, 25, 41, 45, 22, 38, 3, 23, 0],
[9, 31, 1, 16, 10, 8, 51, 41, 25, 12, 4, 40, 46],
[8, 28, 10, 59, 68, 9, 11, 15, 42, 62, 21, 6, 47, 7, 46, 40, 12, 41, 58, 33, 43, 61, 44, 60, 17, 20, 52, 64, 35, 57],
[65, 32, 37, 5, 54, 38, 3, 48, 66, 19, 36, 45, 41, 35, 6, 63, 30, 15, 11, 68, 59, 17, 55, 20, 13],
[27, 41, 45, 22, 33, 13, 43, 61, 17, 10, 55, 52, 64, 35, 34, 25, 4, 7, 40, 47],
[62, 26, 16, 10, 52, 64, 58, 41, 27, 67, 37, 18, 69, 29, 3, 66, 38, 22, 45, 34, 51, 56, 28, 8],
[31, 11, 9, 17, 43, 13, 22, 19, 65, 67, 27, 25, 12, 4, 7, 40],
[42, 15, 49, 1, 59, 17, 50, 23, 3, 66, 54, 5, 67, 27, 25, 4, 7, 46, 40],
[68, 9, 11, 49, 26, 8, 51, 34, 41, 36, 38, 69, 23, 0, 2, 14, 60, 61, 43, 13, 33],
[69, 48, 39, 65, 5, 37, 67, 27, 41, 35, 6, 63, 24, 62, 42, 49, 26, 16, 10, 20, 33, 22, 38, 18, 32, 54],
[64, 51, 35, 34, 45, 36, 54, 19, 29, 69, 0, 50, 43, 17, 10, 8, 56, 6, 47, 40, 46, 53],
[55, 8, 56, 6, 63, 21, 24, 30, 26, 16, 10, 17, 50, 23, 29, 48, 39, 18, 54, 36, 22, 13, 43, 20, 52, 64, 35, 57, 34, 41],
[68, 11, 31, 1, 26, 8, 51, 57, 25, 27, 67, 65, 39, 48, 3, 0, 2, 50, 33, 58, 35, 6, 47, 53, 7, 40, 46],
[6, 47, 53, 4, 12, 41, 57, 51, 8, 26, 16, 9, 17, 44, 14, 2, 0, 69, 19, 54, 65, 67, 27],
[11, 9, 68, 1, 26, 8, 51, 58, 45, 36, 54, 5, 65, 37, 67]]

\
Best Operator Route set string:
\
56-51-35-34-45-36-54-5-65-37*68-9-59-10-52-64-58-41-12-25*11-9-68-59-17-43-13-22-19-54-18*28-8-52-64-58-45-36-19-66-54*35-64-52-55-10-16-1-11-68-9*50-13-22-45-41-25-4-7-40-46*48-39-18-54-36-41-35-6-63-21*11-31-1-49-15-42-62-24-63-6*49-26-16-10-20-43-50-23-69-29*30-26-16-10-52-64-51-35-57-34*49-26-16-55-20-33-22-38-54-32*1-26-8-51-41-27-67-37-5-54*35-51-64-52-20-17-60-44-14-2*0-69-3-66-38-36-45-41-34-57*40-7-53-47-6-56-8-10-17-61*

\
Best Passenger Route set sting:
\
31-11-1-49-26-8-52-64-58-34-25-41-45-22-38-3-23-0*9-31-1-16-10-8-51-41-25-12-4-40-46*8-28-10-59-68-9-11-15-42-62-21-6-47-7-46-40-12-41-58-33-43-61-44-60-17-20-52-64-35-57*65-32-37-5-54-38-3-48-66-19-36-45-41-35-6-63-30-15-11-68-59-17-55-20-13*27-41-45-22-33-13-43-61-17-10-55-52-64-35-34-25-4-7-40-47*62-26-16-10-52-64-58-41-27-67-37-18-69-29-3-66-38-22-45-34-51-56-28-8*31-11-9-17-43-13-22-19-65-67-27-25-12-4-7-40*42-15-49-1-59-17-50-23-3-66-54-5-67-27-25-4-7-46-40*68-9-11-49-26-8-51-34-41-36-38-69-23-0-2-14-60-61-43-13-33*69-48-39-65-5-37-67-27-41-35-6-63-24-62-42-49-26-16-10-20-33-22-38-18-32-54*64-51-35-34-45-36-54-19-29-69-0-50-43-17-10-8-56-6-47-40-46-53*55-8-56-6-63-21-24-30-26-16-10-17-50-23-29-48-39-18-54-36-22-13-43-20-52-64-35-57-34-41*68-11-31-1-26-8-51-57-25-27-67-65-39-48-3-0-2-50-33-58-35-6-47-53-7-40-46*6-47-53-4-12-41-57-51-8-26-16-9-17-44-14-2-0-69-19-54-65-67-27*11-9-68-1-26-8-51-58-45-36-54-5-65-37-67*