7_4_Mumford2_GA_Pop_size RESULTS EVALUATION:
\
HV:0.6536 | BM:0.6490

\
	Operator	Passenger
\
f1_ATT	32.7583		26.0863
\
f2_TRT	1825		4562
\
d_0	17.7681		47.1839
\
d_1	50.9049		51.3045
\
d_2	27.1095		1.5116
\
d_un	4.2175		0.0000

\
Best Operator Route set:
\
[[5, 42, 89, 52, 91, 90, 8, 62, 12, 60],
[52, 91, 49, 90, 53, 63, 38, 87, 0, 61],
[5, 42, 73, 89, 52, 49, 91, 90, 8, 62],
[13, 32, 59, 27, 94, 105, 83, 15, 34, 93],
[82, 19, 85, 94, 105, 27, 95, 50, 20, 75],
[41, 16, 47, 12, 8, 90, 91, 52, 89, 106],
[29, 30, 26, 82, 19, 22, 85, 6, 81, 105],
[19, 22, 85, 94, 105, 27, 95, 50, 20, 75],
[65, 17, 95, 68, 21, 28, 86, 51, 71, 88],
[5, 42, 89, 52, 91, 90, 8, 62, 12, 60],
[5, 42, 96, 64, 79, 48, 72, 36, 108, 107],
[92, 64, 89, 52, 49, 91, 90, 53, 38, 80],
[13, 32, 59, 27, 94, 2, 15, 54, 22, 31],
[87, 38, 63, 8, 90, 91, 49, 52, 89, 109],
[84, 70, 103, 12, 63, 45, 55, 39, 17, 50],
[1, 97, 80, 38, 63, 8, 90, 49, 52, 89],
[69, 99, 33, 19, 22, 85, 6, 81, 94, 101],
[13, 32, 59, 27, 94, 105, 83, 34, 93, 98],
[97, 80, 38, 63, 45, 2, 83, 15, 34, 93],
[64, 11, 89, 52, 49, 91, 90, 53, 38, 80],
[80, 38, 63, 45, 55, 101, 27, 21, 28, 86],
[73, 89, 52, 91, 49, 90, 53, 63, 38, 87],
[8, 90, 49, 52, 100, 67, 98, 18, 9, 23],
[73, 89, 52, 49, 91, 35, 15, 83, 94, 105],
[38, 63, 2, 15, 54, 85, 24, 102, 88, 71],
[69, 14, 76, 99, 82, 44, 72, 79, 73, 106],
[13, 32, 59, 27, 94, 105, 83, 15, 34, 93],
[5, 42, 73, 89, 52, 49, 91, 90, 8, 53],
[33, 19, 3, 34, 35, 8, 62, 12, 60, 74],
[84, 25, 7, 52, 89, 64, 36, 108, 107, 77],
[13, 32, 59, 27, 94, 83, 15, 35, 91, 49],
[5, 42, 73, 89, 52, 49, 91, 90, 8, 53],
[97, 80, 38, 63, 8, 90, 49, 52, 89, 106],
[51, 46, 86, 28, 21, 59, 27, 101, 55, 45],
[64, 11, 89, 52, 49, 91, 90, 53, 38, 80],
[43, 72, 79, 64, 11, 73, 106, 57, 40, 37],
[73, 89, 52, 91, 49, 90, 53, 63, 38, 80],
[73, 89, 52, 49, 91, 35, 15, 83, 94, 105],
[13, 32, 27, 105, 94, 83, 15, 35, 91, 49],
[10, 52, 100, 18, 66, 3, 54, 6, 86, 46],
[57, 10, 52, 91, 49, 35, 15, 83, 94, 105],
[13, 32, 27, 105, 94, 83, 15, 35, 49, 91],
[8, 90, 49, 91, 52, 89, 11, 64, 36, 108, 107],
[14, 76, 99, 82, 44, 72, 79, 73, 106, 57],
[64, 109, 89, 52, 49, 91, 90, 53, 38, 80],
[80, 38, 63, 53, 90, 91, 49, 52, 89, 109],
[73, 89, 52, 49, 91, 35, 15, 83, 94, 105],
[32, 68, 95, 17, 56, 87, 80, 58, 74, 60],
[45, 63, 38, 80, 55, 101, 27, 21, 28, 86],
[4, 36, 64, 11, 89, 52, 49, 91, 90, 8],
[32, 68, 95, 17, 56, 87, 80, 58, 74, 60],
[73, 89, 52, 91, 49, 90, 53, 63, 38, 87],
[69, 14, 76, 99, 82, 44, 72, 79, 73, 106],
[65, 39, 55, 45, 63, 12, 103, 70, 84, 104],
[98, 67, 93, 18, 15, 2, 45, 55, 39, 78],
[73, 89, 52, 91, 49, 90, 53, 63, 38, 80]]

\
Best Passenger Route set:
\
[[68, 13, 50, 32, 59, 95, 78, 0, 56, 39, 65, 17, 27, 94, 85, 19, 33, 99, 69, 14, 76, 102],
[17, 95, 50, 13, 32, 21, 86, 51, 102, 19, 82, 44, 48, 107, 77, 5, 11, 89, 106, 42],
[33, 99, 69, 30, 29, 26, 43, 72, 92, 67, 98, 93, 35, 8, 62, 12, 60, 41, 16, 70, 103],
[5, 107, 77, 4, 36, 64, 92, 67, 98, 93, 35, 8, 53, 63, 38, 58, 47, 103, 16],
[43, 30, 26, 44, 92, 67, 98, 93, 35, 8, 53, 12, 62, 103, 41, 70, 16, 74, 58, 97, 1, 87],
[61, 1, 0, 87, 55, 101, 94, 81, 85, 19, 23],
[76, 14, 31, 24, 6, 81, 105, 94, 27, 17, 78, 0, 80, 63, 38, 55, 87, 39, 65, 56, 1, 61],
[88, 102, 24, 85, 54, 34, 83, 35, 8, 62, 103, 16],
[78, 95, 17, 39, 65, 0, 61, 56, 87, 45, 2, 15, 34, 18, 98, 67, 3, 66, 9, 93, 35, 8],
[109, 64, 79, 36, 107, 5, 42, 73, 89, 52, 49, 90, 8, 53, 63, 45, 2, 83, 105, 81, 3],
[83, 15, 3, 66, 22, 85, 19, 31, 23, 9, 18, 67, 93, 35, 8, 62, 103, 41, 74, 60, 16, 12],
[64, 36, 107, 4, 77, 5, 42, 89, 52, 91, 90, 8, 63, 55, 39, 78, 95, 32, 68],
[28, 86, 6, 85, 66, 18, 92, 64, 96, 42, 89, 73],
[18, 92, 48, 44, 30, 69, 14, 33, 19, 22, 54, 15, 2, 63, 38, 58, 60, 12, 62, 91, 90, 49],
[104, 84, 37, 10, 40, 7, 25, 70, 103, 62, 53, 63, 45, 55, 101, 27, 21, 28, 46, 51, 86, 24],
[104, 70, 16, 74, 58, 97, 0, 1, 87, 38, 53, 90, 91, 52, 89, 11, 79, 64, 96, 73, 106],
[36, 79, 72, 48, 107, 5, 42, 73, 89, 52, 91, 49, 90, 53, 38, 80, 97],
[24, 54, 6, 86, 28, 21, 59, 27, 95, 17, 39, 55, 63, 53, 62, 103, 70, 104, 40, 57],
[75, 50, 65, 0, 80, 38, 63, 8, 90, 49, 52, 89, 64, 36, 108, 107, 4, 77, 5, 42, 73, 106],
[44, 82, 99, 69, 30, 43, 72, 79, 73, 89, 52, 7, 25, 104, 70, 103, 62, 8],
[77, 107, 108, 36, 79, 48, 72, 92, 18, 15, 2, 45, 87, 0, 1, 61, 56, 65, 50, 75, 20, 95],
[72, 43, 30, 26, 82, 23, 19, 22, 85, 94, 27, 59, 32, 68, 20, 17, 65, 56],
[109, 64, 89, 106, 57, 10, 70, 103, 62, 8, 35, 15, 54, 24, 102, 88, 71, 31, 33, 23, 82],
[29, 30, 43, 26, 82, 33, 31, 51, 46, 86, 6, 85, 54, 66, 18, 92, 64, 73, 96, 89, 109, 11],
[102, 24, 86, 28, 21, 59, 27, 101, 55, 80, 58, 74, 60, 47, 41, 12, 62, 53, 90, 49, 8, 35],
[42, 5, 36, 72, 48, 79, 64, 11, 89, 52, 91, 62, 12, 60, 58, 47, 103, 70, 25, 10, 7],
[20, 75, 50, 68, 95, 17, 78, 65, 56, 87, 38, 63, 12, 103, 70, 7, 25],
[5, 107, 48, 72, 44, 43, 29, 26, 82, 19, 85, 81, 105, 94, 101, 55, 87, 56, 17, 95, 50],
[2, 63, 12, 103, 70, 7, 37, 40, 57, 42, 5, 108, 36, 72, 44, 82, 99],
[75, 20, 68, 50, 17, 39, 55, 63, 53, 90, 49, 52, 89, 11, 109, 64, 96, 73],
[57, 42, 73, 96, 11, 89, 52, 100, 67, 98, 18, 9, 23, 31, 51, 71, 88, 102, 19],
[99, 69, 76, 33, 23, 9, 18, 100, 52, 7, 104, 84, 25, 10, 57, 106, 89, 73, 64, 79, 48],
[65, 78, 95, 68, 13, 32, 50, 75, 17, 27, 105, 83, 15, 18, 92, 72, 108, 107, 77, 5, 42],
[23, 82, 33, 31, 71, 86, 6, 85, 54, 3, 93, 100, 52, 7, 104, 10, 37, 40, 25, 70, 84],
[97, 58, 80, 87, 56, 65, 17, 95, 68, 21, 86, 51, 88, 31, 33, 99, 82, 23, 9, 92, 18, 93],
[95, 78, 65, 17, 39, 55, 80, 58, 38, 63, 2, 15, 54, 85, 22, 19, 33, 99, 69, 43, 30, 29],
[79, 73, 109, 11, 106, 42, 89, 52, 49, 90, 8, 63, 38, 80, 0, 61, 56, 87, 55, 39],
[99, 69, 30, 43, 44, 92, 18, 15, 2, 45, 38, 80, 97, 1, 61, 0, 56, 39, 17, 50, 65],
[93, 66, 3, 67, 18, 100, 91, 62, 8, 35, 15, 54, 85, 22, 19, 33, 99, 76, 14, 69, 30, 43],
[51, 88, 71, 31, 76, 14, 69, 30, 43, 72, 79, 73, 106, 57, 40, 37, 104, 25, 70, 7],
[28, 21, 32, 13, 50, 95, 27, 94, 105, 83, 15, 34, 18, 92, 64, 96, 11, 79, 108, 36, 107, 77],
[43, 30, 29, 26, 44, 92, 18, 34, 3, 83, 94, 27, 95, 50, 20, 75, 68, 32, 17, 39, 87, 56],
[86, 28, 21, 13, 32, 27, 105, 83, 35, 91, 52, 89, 73, 42, 96, 64, 11, 79, 108, 107, 36],
[57, 10, 52, 91, 49, 90, 8, 63, 55, 39, 17, 75, 68, 20, 50, 95],
[4, 107, 36, 64, 92, 18, 34, 2, 45, 55, 39, 65, 78, 95, 50, 13, 28, 21, 32],
[37, 7, 40, 10, 52, 49, 35, 15, 83, 105, 27, 59, 32, 13, 50, 20, 95, 17, 78, 0, 97, 80],
[5, 108, 107, 48, 72, 44, 82, 33, 19, 22, 3, 66, 34, 35, 8, 62, 103, 70, 41, 16, 12],
[42, 106, 57, 40, 37, 84, 7, 52, 100, 93, 3, 85, 6, 86, 28, 21, 13, 32, 95, 68, 17],
[56, 1, 61, 0, 78, 65, 39, 55, 45, 63, 53, 8, 90, 91, 100, 67, 98, 93, 34, 18, 92, 44],
[89, 106, 57, 40, 25, 70, 41, 16, 12, 63, 45, 2, 15, 54, 24, 102, 19, 33, 99, 76, 14],
[33, 99, 69, 30, 43, 26, 82, 23, 31, 88, 71, 102, 19, 9, 92, 64, 96, 11, 73, 106, 89, 109],
[74, 60, 16, 47, 103, 41, 104, 37, 10, 52, 100, 18, 9, 23, 31, 102, 88, 51, 46, 28, 13, 68],
[102, 88, 71, 51, 86, 28, 59, 27, 101, 55, 38, 74, 47, 103, 62, 90, 35, 93, 100, 67, 18],
[40, 7, 41, 16, 47, 12, 62, 8, 35, 34, 3, 19, 33, 99, 69, 76, 14],
[68, 95, 27, 105, 83, 15, 66, 22, 31, 71, 88, 102, 19, 9, 18, 100, 52, 10, 7, 84, 37],
[17, 65, 39, 55, 101, 94, 81, 6, 85, 22, 19, 82, 26, 72, 44, 92, 64, 89, 42]]

\
Best Operator Route set string:
\
5-42-89-52-91-90-8-62-12-60*52-91-49-90-53-63-38-87-0-61*5-42-73-89-52-49-91-90-8-62*13-32-59-27-94-105-83-15-34-93*82-19-85-94-105-27-95-50-20-75*41-16-47-12-8-90-91-52-89-106*29-30-26-82-19-22-85-6-81-105*19-22-85-94-105-27-95-50-20-75*65-17-95-68-21-28-86-51-71-88*5-42-89-52-91-90-8-62-12-60*5-42-96-64-79-48-72-36-108-107*92-64-89-52-49-91-90-53-38-80*13-32-59-27-94-2-15-54-22-31*87-38-63-8-90-91-49-52-89-109*84-70-103-12-63-45-55-39-17-50*1-97-80-38-63-8-90-49-52-89*69-99-33-19-22-85-6-81-94-101*13-32-59-27-94-105-83-34-93-98*97-80-38-63-45-2-83-15-34-93*64-11-89-52-49-91-90-53-38-80*80-38-63-45-55-101-27-21-28-86*73-89-52-91-49-90-53-63-38-87*8-90-49-52-100-67-98-18-9-23*73-89-52-49-91-35-15-83-94-105*38-63-2-15-54-85-24-102-88-71*69-14-76-99-82-44-72-79-73-106*13-32-59-27-94-105-83-15-34-93*5-42-73-89-52-49-91-90-8-53*33-19-3-34-35-8-62-12-60-74*84-25-7-52-89-64-36-108-107-77*13-32-59-27-94-83-15-35-91-49*5-42-73-89-52-49-91-90-8-53*97-80-38-63-8-90-49-52-89-106*51-46-86-28-21-59-27-101-55-45*64-11-89-52-49-91-90-53-38-80*43-72-79-64-11-73-106-57-40-37*73-89-52-91-49-90-53-63-38-80*73-89-52-49-91-35-15-83-94-105*13-32-27-105-94-83-15-35-91-49*10-52-100-18-66-3-54-6-86-46*57-10-52-91-49-35-15-83-94-105*13-32-27-105-94-83-15-35-49-91*8-90-49-91-52-89-11-64-36-108-107*14-76-99-82-44-72-79-73-106-57*64-109-89-52-49-91-90-53-38-80*80-38-63-53-90-91-49-52-89-109*73-89-52-49-91-35-15-83-94-105*32-68-95-17-56-87-80-58-74-60*45-63-38-80-55-101-27-21-28-86*4-36-64-11-89-52-49-91-90-8*32-68-95-17-56-87-80-58-74-60*73-89-52-91-49-90-53-63-38-87*69-14-76-99-82-44-72-79-73-106*65-39-55-45-63-12-103-70-84-104*98-67-93-18-15-2-45-55-39-78*73-89-52-91-49-90-53-63-38-80*

\
Best Passenger Route set sting:
\
68-13-50-32-59-95-78-0-56-39-65-17-27-94-85-19-33-99-69-14-76-102*17-95-50-13-32-21-86-51-102-19-82-44-48-107-77-5-11-89-106-42*33-99-69-30-29-26-43-72-92-67-98-93-35-8-62-12-60-41-16-70-103*5-107-77-4-36-64-92-67-98-93-35-8-53-63-38-58-47-103-16*43-30-26-44-92-67-98-93-35-8-53-12-62-103-41-70-16-74-58-97-1-87*61-1-0-87-55-101-94-81-85-19-23*76-14-31-24-6-81-105-94-27-17-78-0-80-63-38-55-87-39-65-56-1-61*88-102-24-85-54-34-83-35-8-62-103-16*78-95-17-39-65-0-61-56-87-45-2-15-34-18-98-67-3-66-9-93-35-8*109-64-79-36-107-5-42-73-89-52-49-90-8-53-63-45-2-83-105-81-3*83-15-3-66-22-85-19-31-23-9-18-67-93-35-8-62-103-41-74-60-16-12*64-36-107-4-77-5-42-89-52-91-90-8-63-55-39-78-95-32-68*28-86-6-85-66-18-92-64-96-42-89-73*18-92-48-44-30-69-14-33-19-22-54-15-2-63-38-58-60-12-62-91-90-49*104-84-37-10-40-7-25-70-103-62-53-63-45-55-101-27-21-28-46-51-86-24*104-70-16-74-58-97-0-1-87-38-53-90-91-52-89-11-79-64-96-73-106*36-79-72-48-107-5-42-73-89-52-91-49-90-53-38-80-97*24-54-6-86-28-21-59-27-95-17-39-55-63-53-62-103-70-104-40-57*75-50-65-0-80-38-63-8-90-49-52-89-64-36-108-107-4-77-5-42-73-106*44-82-99-69-30-43-72-79-73-89-52-7-25-104-70-103-62-8*77-107-108-36-79-48-72-92-18-15-2-45-87-0-1-61-56-65-50-75-20-95*72-43-30-26-82-23-19-22-85-94-27-59-32-68-20-17-65-56*109-64-89-106-57-10-70-103-62-8-35-15-54-24-102-88-71-31-33-23-82*29-30-43-26-82-33-31-51-46-86-6-85-54-66-18-92-64-73-96-89-109-11*102-24-86-28-21-59-27-101-55-80-58-74-60-47-41-12-62-53-90-49-8-35*42-5-36-72-48-79-64-11-89-52-91-62-12-60-58-47-103-70-25-10-7*20-75-50-68-95-17-78-65-56-87-38-63-12-103-70-7-25*5-107-48-72-44-43-29-26-82-19-85-81-105-94-101-55-87-56-17-95-50*2-63-12-103-70-7-37-40-57-42-5-108-36-72-44-82-99*75-20-68-50-17-39-55-63-53-90-49-52-89-11-109-64-96-73*57-42-73-96-11-89-52-100-67-98-18-9-23-31-51-71-88-102-19*99-69-76-33-23-9-18-100-52-7-104-84-25-10-57-106-89-73-64-79-48*65-78-95-68-13-32-50-75-17-27-105-83-15-18-92-72-108-107-77-5-42*23-82-33-31-71-86-6-85-54-3-93-100-52-7-104-10-37-40-25-70-84*97-58-80-87-56-65-17-95-68-21-86-51-88-31-33-99-82-23-9-92-18-93*95-78-65-17-39-55-80-58-38-63-2-15-54-85-22-19-33-99-69-43-30-29*79-73-109-11-106-42-89-52-49-90-8-63-38-80-0-61-56-87-55-39*99-69-30-43-44-92-18-15-2-45-38-80-97-1-61-0-56-39-17-50-65*93-66-3-67-18-100-91-62-8-35-15-54-85-22-19-33-99-76-14-69-30-43*51-88-71-31-76-14-69-30-43-72-79-73-106-57-40-37-104-25-70-7*28-21-32-13-50-95-27-94-105-83-15-34-18-92-64-96-11-79-108-36-107-77*43-30-29-26-44-92-18-34-3-83-94-27-95-50-20-75-68-32-17-39-87-56*86-28-21-13-32-27-105-83-35-91-52-89-73-42-96-64-11-79-108-107-36*57-10-52-91-49-90-8-63-55-39-17-75-68-20-50-95*4-107-36-64-92-18-34-2-45-55-39-65-78-95-50-13-28-21-32*37-7-40-10-52-49-35-15-83-105-27-59-32-13-50-20-95-17-78-0-97-80*5-108-107-48-72-44-82-33-19-22-3-66-34-35-8-62-103-70-41-16-12*42-106-57-40-37-84-7-52-100-93-3-85-6-86-28-21-13-32-95-68-17*56-1-61-0-78-65-39-55-45-63-53-8-90-91-100-67-98-93-34-18-92-44*89-106-57-40-25-70-41-16-12-63-45-2-15-54-24-102-19-33-99-76-14*33-99-69-30-43-26-82-23-31-88-71-102-19-9-92-64-96-11-73-106-89-109*74-60-16-47-103-41-104-37-10-52-100-18-9-23-31-102-88-51-46-28-13-68*102-88-71-51-86-28-59-27-101-55-38-74-47-103-62-90-35-93-100-67-18*40-7-41-16-47-12-62-8-35-34-3-19-33-99-69-76-14*68-95-27-105-83-15-66-22-31-71-88-102-19-9-18-100-52-10-7-84-37*17-65-39-55-101-94-81-6-85-22-19-82-26-72-44-92-64-89-42*