33_2_Mumford0__ALL_param RESULTS EVALUATION:
\
HV:0.8008 | BM:0.8087

\
	Operator	Passenger
\
f1_ATT	27.8386		15.6925
\
f2_TRT	95		539
\
d_0	25.5845		66.6530
\
d_1	44.8708		33.0313
\
d_2	24.0385		0.3156
\
d_un	5.5062		0.0000

\
Best Operator Route set:
\
[[23, 3, 9],
[25, 11],
[29, 2, 10, 21, 6, 13, 0, 18, 22, 25, 7, 20, 14, 23],
[22, 17],
[24, 14],
[3, 1],
[15, 10],
[21, 5],
[4, 24],
[7, 16, 27],
[28, 25],
[26, 8, 12, 19, 22]]

\
Best Passenger Route set:
\
[[29, 2, 15, 5, 6, 16, 7, 20, 23, 9, 1, 3, 24, 14],
[3, 14, 11, 17, 19, 18, 13, 6, 21, 10, 16, 28],
[22, 0, 13, 6, 5, 21, 2, 27, 16, 28, 17, 18, 12, 8, 19],
[6, 10, 15, 29, 2, 27, 7, 14, 23, 1, 3],
[11, 25, 0, 18, 13, 6, 2, 7, 10, 21, 15],
[11, 17, 12, 8, 26, 0, 18, 22, 25],
[14, 1, 9, 3, 11, 17, 22, 0, 18, 13, 6, 15, 10, 7, 28],
[8, 19, 18, 0, 25, 28, 16, 15, 6],
[1, 3, 24, 20, 14, 11, 17, 22, 12, 8],
[14, 3, 1, 4, 24, 7, 28, 0, 18, 12, 19, 8, 26],
[25, 7, 24, 3, 23, 4],
[13, 6, 16, 28, 17, 19, 22, 25, 7, 27, 29, 2, 21]]

\
Best Operator Route set string:
\
23-3-9*25-11*29-2-10-21-6-13-0-18-22-25-7-20-14-23*22-17*24-14*3-1*15-10*21-5*4-24*7-16-27*28-25*26-8-12-19-22*

\
Best Passenger Route set sting:
\
29-2-15-5-6-16-7-20-23-9-1-3-24-14*3-14-11-17-19-18-13-6-21-10-16-28*22-0-13-6-5-21-2-27-16-28-17-18-12-8-19*6-10-15-29-2-27-7-14-23-1-3*11-25-0-18-13-6-2-7-10-21-15*11-17-12-8-26-0-18-22-25*14-1-9-3-11-17-22-0-18-13-6-15-10-7-28*8-19-18-0-25-28-16-15-6*1-3-24-20-14-11-17-22-12-8*14-3-1-4-24-7-28-0-18-12-19-8-26*25-7-24-3-23-4*13-6-16-28-17-19-22-25-7-27-29-2-21*