33_2_Mumford0__ALL_param RESULTS EVALUATION:
\
HV:0.8053 | BM:0.8087

\
	Operator	Passenger
\
f1_ATT	25.3625		15.6039
\
f2_TRT	97		496
\
d_0	28.4019		65.2677
\
d_1	39.1805		34.3173
\
d_2	22.9834		0.4150
\
d_un	9.4342		0.0000

\
Best Operator Route set:
\
[[12, 8],
[18, 0],
[7, 27, 10, 2, 29],
[22, 17],
[17, 11],
[15, 10],
[9, 1, 3, 23, 14, 20, 7, 25, 22, 0, 13, 6, 21, 5],
[16, 7],
[24, 4],
[14, 24],
[25, 28],
[19, 12, 0, 26]]

\
Best Passenger Route set:
\
[[9, 1, 4, 24, 23, 3, 14],
[19, 17, 28, 7, 4, 3, 1],
[27, 16, 15, 21, 10, 7, 20, 14, 1, 3, 9, 23, 24],
[6, 15, 10],
[2, 21, 5, 6, 16, 7, 14, 23, 9, 1, 3, 11, 17, 22, 0],
[29, 15, 5, 21, 6, 13, 18, 0, 22, 17, 28, 16, 2, 27, 10],
[10, 15, 16, 28, 0, 26, 8, 12, 22, 25, 7, 27, 29, 2, 6],
[2, 27],
[29, 2, 7, 20, 24, 3, 1, 23, 14, 11, 25, 28, 0, 13],
[4, 24, 14, 9, 23, 20, 7, 25, 0, 18, 12, 8, 19, 17, 11],
[12, 17, 28, 16, 27, 29, 2, 10, 6, 13, 18, 22, 19, 8, 26],
[12, 19, 17, 11, 25, 28, 0, 18, 13, 6, 16]]

\
Best Operator Route set string:
\
12-8*18-0*7-27-10-2-29*22-17*17-11*15-10*9-1-3-23-14-20-7-25-22-0-13-6-21-5*16-7*24-4*14-24*25-28*19-12-0-26*

\
Best Passenger Route set sting:
\
9-1-4-24-23-3-14*19-17-28-7-4-3-1*27-16-15-21-10-7-20-14-1-3-9-23-24*6-15-10*2-21-5-6-16-7-14-23-9-1-3-11-17-22-0*29-15-5-21-6-13-18-0-22-17-28-16-2-27-10*10-15-16-28-0-26-8-12-22-25-7-27-29-2-6*2-27*29-2-7-20-24-3-1-23-14-11-25-28-0-13*4-24-14-9-23-20-7-25-0-18-12-8-19-17-11*12-17-28-16-27-29-2-10-6-13-18-22-19-8-26*12-19-17-11-25-28-0-18-13-6-16*