33_3_Mumford1__ALL_param RESULTS EVALUATION:
\
HV:0.7646 | BM:0.7758

\
	Operator	Passenger
\
f1_ATT	29.6113		22.9514
\
f2_TRT	517		1597
\
d_0	20.8663		49.7355
\
d_1	49.7080		48.6873
\
d_2	22.5105		1.5772
\
d_un	6.9153		0.0000

\
Best Operator Route set:
\
[[46, 40, 7, 4, 25, 12, 41, 45, 36, 22],
[23, 0, 69, 3, 66, 54, 18, 32, 39, 48],
[63, 24, 62, 42, 15, 49, 26, 16, 10, 8],
[57, 35, 64, 52, 8, 28, 10, 59, 9, 68],
[49, 26, 8, 51, 64, 52, 10, 16, 1, 31],
[30, 15, 49, 26, 1, 16, 10, 55, 8, 56],
[35, 34, 25, 4, 7, 40, 46, 53, 47, 6],
[31, 11, 9, 68, 1, 49, 15, 30, 26, 16],
[28, 56, 6, 35, 41, 27, 67, 37, 32, 39],
[10, 52, 64, 58, 45, 36, 54, 5, 37, 65],
[50, 43, 20, 33, 22, 38, 19, 69, 3, 48],
[35, 51, 64, 52, 55, 10, 17, 61, 60, 44],
[14, 2, 50, 13, 33, 58, 41, 34, 57, 35],
[54, 66, 29, 69, 23, 50, 17, 59, 1, 26],
[21, 63, 24, 30, 26, 16, 10, 55, 20, 13]]

\
Best Passenger Route set:
\
[[66, 3, 0, 2, 14, 60, 17, 20, 33, 22, 19, 18, 39, 48, 29, 69, 38, 36, 45, 58, 35, 6, 21, 24, 42, 15, 11, 31, 9, 68],
[26, 49, 15, 62, 24, 63, 6, 35, 34, 45, 36, 38, 69, 48, 39, 65, 67, 27, 25, 57, 51, 64, 52, 10, 17, 44, 60, 61, 43],
[15, 49, 1, 16, 55, 10, 28, 56, 6, 63, 24, 42, 62, 26, 8, 51, 57, 41, 45, 22, 38, 66, 48, 29, 23, 50, 17, 9, 11, 31],
[5, 67, 27, 12, 25, 41, 45, 22, 13, 43, 17, 9, 1, 49, 26, 30, 63, 6, 47, 53, 4],
[48, 66, 19, 36, 22, 13, 50, 23, 69, 18, 65, 37, 67, 27, 41, 35, 51, 8, 10, 16, 1, 31, 11, 68, 59],
[0, 2, 50, 17, 59, 1, 26, 8, 51, 34, 25, 4, 7, 53, 40, 46],
[48, 3, 0, 50, 17, 10, 28, 8, 52, 20, 13, 43, 61, 44, 14, 2, 23, 69, 38, 36, 41, 25, 4, 7, 46, 40, 12, 27],
[55, 8, 26, 49, 42, 62, 30, 24, 21, 6, 47, 53, 4, 25, 34, 58, 33, 50, 0, 69, 18, 32, 37, 67, 5],
[44, 60, 17, 20, 52, 64, 35, 57, 25, 12, 4, 7, 46],
[7, 47, 53, 4, 12, 25, 41, 34, 51, 56, 28, 8, 26, 49, 9, 59, 10, 52, 64, 58, 45, 36, 54, 18, 32, 39, 48, 3, 0, 2],
[39, 48, 66, 54, 36, 41, 35, 6, 56, 8, 55, 17, 61, 14, 60, 44],
[22, 38, 69, 23, 0, 50, 43, 20, 55, 52, 64, 35, 6, 21, 62, 49, 9, 68, 59, 10, 8, 51, 41, 12, 40, 4, 25, 57, 34, 58],
[59, 10, 28, 56, 51, 58, 64, 52, 55, 16, 26, 30, 15, 49, 9, 17, 20, 33, 22, 38, 54, 5, 65, 19, 29, 3, 66, 69, 23, 50],
[48, 39, 18, 37, 5, 54, 36, 45, 34, 51, 64, 52, 55, 16, 9, 11, 1, 26, 8, 56, 6, 47, 7, 40, 46, 53],
[57, 35, 58, 45, 36, 38, 19, 3, 23, 50, 43, 20, 10, 16, 26, 30, 24, 21, 63]]

\
Best Operator Route set string:
\
46-40-7-4-25-12-41-45-36-22*23-0-69-3-66-54-18-32-39-48*63-24-62-42-15-49-26-16-10-8*57-35-64-52-8-28-10-59-9-68*49-26-8-51-64-52-10-16-1-31*30-15-49-26-1-16-10-55-8-56*35-34-25-4-7-40-46-53-47-6*31-11-9-68-1-49-15-30-26-16*28-56-6-35-41-27-67-37-32-39*10-52-64-58-45-36-54-5-37-65*50-43-20-33-22-38-19-69-3-48*35-51-64-52-55-10-17-61-60-44*14-2-50-13-33-58-41-34-57-35*54-66-29-69-23-50-17-59-1-26*21-63-24-30-26-16-10-55-20-13*

\
Best Passenger Route set sting:
\
66-3-0-2-14-60-17-20-33-22-19-18-39-48-29-69-38-36-45-58-35-6-21-24-42-15-11-31-9-68*26-49-15-62-24-63-6-35-34-45-36-38-69-48-39-65-67-27-25-57-51-64-52-10-17-44-60-61-43*15-49-1-16-55-10-28-56-6-63-24-42-62-26-8-51-57-41-45-22-38-66-48-29-23-50-17-9-11-31*5-67-27-12-25-41-45-22-13-43-17-9-1-49-26-30-63-6-47-53-4*48-66-19-36-22-13-50-23-69-18-65-37-67-27-41-35-51-8-10-16-1-31-11-68-59*0-2-50-17-59-1-26-8-51-34-25-4-7-53-40-46*48-3-0-50-17-10-28-8-52-20-13-43-61-44-14-2-23-69-38-36-41-25-4-7-46-40-12-27*55-8-26-49-42-62-30-24-21-6-47-53-4-25-34-58-33-50-0-69-18-32-37-67-5*44-60-17-20-52-64-35-57-25-12-4-7-46*7-47-53-4-12-25-41-34-51-56-28-8-26-49-9-59-10-52-64-58-45-36-54-18-32-39-48-3-0-2*39-48-66-54-36-41-35-6-56-8-55-17-61-14-60-44*22-38-69-23-0-50-43-20-55-52-64-35-6-21-62-49-9-68-59-10-8-51-41-12-40-4-25-57-34-58*59-10-28-56-51-58-64-52-55-16-26-30-15-49-9-17-20-33-22-38-54-5-65-19-29-3-66-69-23-50*48-39-18-37-5-54-36-45-34-51-64-52-55-16-9-11-1-26-8-56-6-47-7-40-46-53*57-35-58-45-36-38-19-3-23-50-43-20-10-16-26-30-24-21-63*