3_2_Mumford0_GA_Mutations RESULTS EVALUATION:
\
HV:0.6627 | BM:0.8087

\
	Operator	Passenger
\
f1_ATT	24.0142		14.9686
\
f2_TRT	216		671
\
d_0	27.6362		78.7672
\
d_1	42.1236		21.2328
\
d_2	26.2217		0.0000
\
d_un	4.0186		0.0000

\
Best Operator Route set:
\
[[1, 3, 9, 23, 20, 7, 16],
[16, 2, 10, 15, 27],
[2, 27, 10, 15, 21, 5],
[12, 19, 17, 22, 18, 0, 25],
[3, 1, 23, 14, 9],
[5, 15, 21],
[0, 26, 8, 12, 19, 17],
[4, 24, 20, 14, 7, 16, 27],
[8, 12, 19, 17, 22, 25],
[2, 15, 10, 29],
[0, 18, 19, 12, 17, 11, 25, 7],
[13, 6, 16, 28, 0, 22, 17, 19]]

\
Best Passenger Route set:
\
[[20, 7, 25, 0, 26, 8, 12, 19, 17, 28, 16, 10, 15, 6, 5],
[15, 27, 10, 29, 2, 21, 5, 6, 16, 7, 14, 23, 3, 1, 9],
[29, 27, 7, 24, 4, 14, 11, 17, 22, 18, 0, 13, 6, 21, 5],
[5, 15, 21, 6, 16, 28, 25, 0, 22, 19, 17, 11, 14, 7, 10],
[1, 24, 14, 20, 4, 7, 28, 25, 22, 19, 12, 17, 18, 0, 26],
[26, 8, 12, 19, 22, 18, 13, 6, 5, 21, 15, 16, 28, 25, 11],
[29, 2, 10, 6, 13, 0, 18, 22, 25, 7, 20, 14, 1, 23, 4],
[2, 29, 15, 6, 5, 21, 10, 27, 7, 20, 14, 23, 9, 3, 1],
[14, 4, 23, 1, 3, 24, 20, 7, 16, 6, 5, 21, 15, 2, 29],
[9, 3, 23, 14, 11, 17, 12, 19, 22, 0, 28, 16, 27, 29, 2],
[2, 6, 16, 27, 7, 14, 9, 1, 3, 11, 17, 22, 0, 18, 13],
[9, 23, 3, 14, 20, 7, 2, 29, 27, 16, 28, 17, 19, 8, 12]]

\
Best Operator Route set string:
\
1-3-9-23-20-7-16*16-2-10-15-27*2-27-10-15-21-5*12-19-17-22-18-0-25*3-1-23-14-9*5-15-21*0-26-8-12-19-17*4-24-20-14-7-16-27*8-12-19-17-22-25*2-15-10-29*0-18-19-12-17-11-25-7*13-6-16-28-0-22-17-19*

\
Best Passenger Route set sting:
\
20-7-25-0-26-8-12-19-17-28-16-10-15-6-5*15-27-10-29-2-21-5-6-16-7-14-23-3-1-9*29-27-7-24-4-14-11-17-22-18-0-13-6-21-5*5-15-21-6-16-28-25-0-22-19-17-11-14-7-10*1-24-14-20-4-7-28-25-22-19-12-17-18-0-26*26-8-12-19-22-18-13-6-5-21-15-16-28-25-11*29-2-10-6-13-0-18-22-25-7-20-14-1-23-4*2-29-15-6-5-21-10-27-7-20-14-23-9-3-1*14-4-23-1-3-24-20-7-16-6-5-21-15-2-29*9-3-23-14-11-17-12-19-22-0-28-16-27-29-2*2-6-16-27-7-14-9-1-3-11-17-22-0-18-13*9-23-3-14-20-7-2-29-27-16-28-17-19-8-12*