9_4_Mumford2_GA_Mut_prob RESULTS EVALUATION:
\
HV:0.6508 | BM:0.6490

\
	Operator	Passenger
\
f1_ATT	32.4641		26.0961
\
f2_TRT	1833		4730
\
d_0	17.7163		47.3050
\
d_1	51.3827		50.9289
\
d_2	28.1800		1.7661
\
d_un	2.7210		0.0000

\
Best Operator Route set:
\
[[42, 5, 36, 108, 72, 44, 82, 99, 14, 76],
[48, 72, 92, 67, 98, 18, 93, 35, 8, 62],
[65, 39, 55, 45, 63, 53, 62, 103, 70, 41],
[42, 5, 36, 108, 72, 44, 82, 99, 14, 76],
[77, 107, 36, 108, 72, 44, 82, 33, 31, 102],
[11, 89, 52, 49, 90, 8, 63, 38, 80, 97],
[79, 64, 92, 18, 34, 15, 83, 105, 94, 101],
[93, 34, 15, 2, 45, 55, 101, 27, 21, 28],
[36, 64, 11, 89, 52, 49, 91, 90, 8, 62],
[23, 19, 22, 85, 81, 105, 94, 101, 55, 39],
[28, 21, 27, 101, 55, 45, 63, 12, 16, 47],
[91, 49, 90, 8, 63, 55, 39, 17, 95, 50],
[51, 86, 28, 21, 68, 95, 17, 56, 87, 97],
[60, 12, 62, 8, 90, 91, 49, 52, 89, 106],
[11, 89, 52, 49, 90, 8, 63, 38, 80, 97],
[104, 25, 7, 52, 89, 11, 79, 72, 44, 82],
[4, 107, 36, 64, 11, 89, 106, 57, 40, 37],
[11, 89, 52, 49, 91, 90, 8, 53, 63, 45],
[11, 89, 52, 91, 90, 8, 63, 38, 80, 97],
[4, 36, 64, 11, 89, 52, 91, 49, 90, 8],
[86, 51, 102, 31, 33, 82, 26, 43, 30, 69],
[23, 9, 18, 98, 67, 100, 52, 7, 84, 104],
[28, 21, 59, 27, 101, 55, 63, 12, 16, 41],
[12, 63, 2, 15, 54, 85, 24, 102, 88, 71],
[48, 72, 92, 67, 98, 18, 93, 35, 8, 62],
[11, 89, 52, 49, 91, 90, 8, 53, 63, 45],
[1, 0, 87, 55, 101, 94, 105, 81, 6, 24],
[63, 53, 8, 90, 91, 49, 52, 89, 11, 96],
[5, 42, 73, 89, 52, 49, 91, 62, 8, 53],
[11, 89, 52, 49, 91, 90, 8, 53, 63, 45],
[58, 38, 63, 53, 90, 49, 91, 52, 89, 73],
[48, 72, 92, 67, 98, 18, 93, 35, 8, 62],
[14, 76, 99, 82, 44, 72, 79, 73, 106, 57],
[61, 0, 87, 38, 63, 53, 8, 90, 49, 91],
[20, 95, 27, 105, 94, 85, 19, 82, 26, 29],
[36, 64, 11, 89, 52, 49, 91, 90, 8, 62],
[62, 53, 38, 63, 8, 90, 91, 52, 89, 106],
[23, 19, 22, 85, 6, 81, 105, 94, 101, 55],
[60, 12, 62, 8, 90, 91, 49, 52, 89, 106],
[20, 75, 17, 39, 55, 45, 53, 8, 90, 91],
[12, 63, 2, 15, 54, 85, 24, 102, 88, 71],
[3, 93, 34, 15, 2, 45, 55, 39, 65, 78],
[16, 47, 12, 63, 45, 55, 101, 27, 21, 28],
[4, 36, 64, 11, 89, 52, 49, 91, 90, 8],
[10, 70, 103, 62, 8, 35, 15, 34, 54, 85],
[11, 89, 52, 49, 90, 8, 63, 38, 80, 97],
[42, 5, 36, 108, 72, 44, 82, 99, 14, 76],
[64, 11, 89, 52, 49, 90, 53, 63, 38, 80],
[61, 0, 87, 38, 63, 53, 8, 90, 49, 91],
[65, 39, 55, 45, 63, 53, 62, 103, 41, 70],
[11, 89, 52, 49, 91, 90, 8, 53, 63, 45],
[4, 107, 36, 64, 11, 89, 106, 57, 40, 37],
[13, 32, 68, 95, 17, 56, 87, 80, 58, 74],
[46, 86, 6, 85, 54, 66, 18, 92, 64, 109],
[73, 89, 52, 49, 91, 90, 53, 63, 38, 87],
[51, 86, 28, 21, 68, 95, 17, 56, 87, 97]]

\
Best Passenger Route set:
\
[[2, 35, 90, 91, 52, 10, 25, 84, 37, 7, 103, 62, 53, 63, 55, 39, 17, 95, 68, 20, 75],
[33, 31, 14, 76, 102, 88, 71, 86, 21, 68, 95, 17, 65, 56, 87, 97, 0, 78, 39, 55, 80, 58],
[39, 17, 50, 20, 95, 27, 105, 83, 15, 18, 92, 72, 108, 107, 5, 11, 109, 64, 36, 79, 48],
[72, 44, 92, 48, 108, 36, 64, 11, 89, 52, 49, 91, 90, 53, 38, 80, 58, 97, 1, 87, 0],
[99, 76, 14, 33, 23, 9, 18, 100, 52, 7, 41, 104, 84, 25, 10, 57, 106, 89, 73, 64, 79, 48],
[42, 5, 36, 72, 48, 79, 64, 11, 89, 52, 91, 62, 12, 60, 58, 47, 103, 70, 10, 7, 57],
[21, 32, 17, 39, 0, 97, 1, 87, 55, 101, 94, 105, 81, 6, 24, 31, 23, 82, 99, 76, 14],
[38, 55, 45, 80, 87, 0, 1, 61, 65, 17, 27, 94, 105, 81, 6, 24, 31, 76, 14, 69, 30, 43],
[65, 78, 95, 20, 17, 39, 55, 63, 53, 8, 90, 91, 52, 89, 73, 79, 36, 108, 5, 42, 96, 11],
[30, 43, 26, 44, 92, 18, 15, 2, 45, 63, 38, 80, 87, 55, 101, 27, 17, 95, 20, 32, 13, 28],
[7, 10, 40, 57, 106, 73, 64, 92, 18, 66, 3, 6, 86, 51, 88, 71, 31, 22, 19, 82, 99],
[75, 50, 65, 0, 80, 38, 63, 8, 90, 49, 52, 89, 64, 36, 108, 107, 4, 77, 5, 42, 73, 106],
[109, 64, 79, 36, 107, 5, 42, 73, 89, 52, 49, 90, 8, 12, 63, 45, 2, 94, 83, 105, 81, 3],
[108, 36, 48, 72, 43, 29, 30, 69, 76, 31, 71, 88, 102, 19, 9, 92, 64, 89, 73, 11, 42],
[17, 78, 65, 0, 87, 97, 80, 38, 55, 101, 94, 81, 6, 22, 19, 33, 99, 69, 76, 14, 31, 23],
[78, 17, 95, 68, 13, 32, 21, 28, 86, 6, 54, 15, 35, 91, 49, 7, 25, 104, 40, 57, 106],
[109, 64, 92, 18, 15, 2, 45, 55, 87, 56, 65, 39, 17, 50, 95, 59, 28, 46],
[104, 84, 37, 10, 40, 7, 25, 70, 103, 62, 53, 63, 45, 55, 101, 27, 59, 32, 13, 68, 17, 39],
[95, 50, 68, 32, 13, 21, 28, 86, 51, 102, 19, 82, 44, 48, 107, 77, 5, 11, 89, 106, 42],
[29, 26, 44, 92, 18, 67, 93, 35, 8, 62, 91, 52, 89, 106, 11, 64, 79, 73, 96],
[27, 17, 78, 39, 55, 45, 2, 15, 34, 93, 18, 92, 44, 30, 43, 26, 82, 23, 9, 66, 54, 24],
[46, 21, 86, 28, 13, 68, 75, 20, 50, 95, 27, 105, 83, 34, 18, 92, 64, 36, 5, 107, 108, 72],
[102, 88, 71, 86, 28, 21, 27, 94, 83, 15, 35, 91, 49, 7, 37, 40, 57, 42, 5, 36, 108],
[77, 107, 108, 36, 64, 96, 42, 57, 10, 52, 91, 100, 18, 9, 23, 33, 99, 69, 43, 72, 79],
[58, 47, 74, 60, 41, 12, 63, 2, 15, 54, 85, 24, 102, 88, 71, 31, 22, 66, 3, 81, 86, 6],
[40, 37, 104, 7, 25, 10, 57, 42, 5, 36, 72, 43, 30, 69, 14, 102, 19, 33, 82, 44, 92],
[43, 30, 26, 44, 92, 67, 98, 93, 35, 8, 53, 12, 74, 60, 58, 97, 0, 39, 17, 95, 20, 68],
[86, 28, 21, 13, 32, 27, 105, 83, 35, 49, 91, 52, 89, 73, 42, 96, 64, 11, 79, 108, 107, 36],
[20, 68, 50, 95, 27, 59, 28, 21, 46, 86, 6, 85, 54, 3, 93, 100, 52, 10, 104, 41, 60, 58],
[99, 69, 30, 29, 43, 44, 92, 18, 15, 2, 45, 38, 80, 97, 1, 61, 0, 56, 39, 17, 50, 65],
[40, 25, 7, 52, 100, 67, 18, 9, 23, 31, 51, 86, 21, 28],
[93, 98, 67, 3, 19, 85, 54, 24, 86, 71, 88, 31, 23, 9, 18, 100, 52, 7, 84, 104, 70, 103],
[63, 45, 80, 58, 60, 12, 16, 47, 74, 41, 103, 62, 8, 35, 15, 83, 3, 19, 33, 99, 82, 23],
[7, 10, 40, 57, 106, 73, 64, 92, 18, 15, 66, 3, 6, 86, 46, 28, 21, 68, 17, 65, 39, 78],
[57, 40, 7, 103, 62, 53, 45, 55, 39, 17, 95, 50, 20, 68, 59, 27, 94, 85, 54, 6, 81],
[48, 72, 44, 82, 99, 76, 14, 33, 19, 3, 34, 35, 8, 62, 12, 16, 47, 60, 58, 80],
[88, 51, 46, 21, 32, 59, 27, 105, 83, 15, 35, 49, 91, 52, 89, 73, 42, 96, 11, 5, 77, 4],
[12, 63, 55, 101, 27, 21, 28, 86, 24, 19, 82, 26, 30, 43, 29],
[8, 53, 38, 80, 0, 87, 55, 45, 2, 15, 34, 18, 92, 72, 48],
[13, 32, 21, 68, 75, 20, 95, 27, 94, 83, 34, 18, 92, 72, 108, 5, 42, 106, 73, 89],
[66, 54, 6, 24, 102, 76, 14, 33, 31, 51, 86, 28, 21, 68, 20, 75, 50, 95, 78, 39, 56, 1],
[39, 65, 56, 61, 1, 0, 87, 38, 53, 90, 49, 91, 52, 89, 96, 42, 5, 36, 4, 108, 107, 77],
[32, 95, 50, 68, 21, 28, 86, 6, 85, 54, 3, 9, 92, 64, 96, 42, 5, 77, 107, 108, 36, 48],
[73, 96, 64, 109, 11, 89, 52, 91, 90, 8, 63, 38, 87, 56, 65, 50, 17, 39, 55, 80, 0],
[91, 49, 7, 70, 16, 74, 47, 12, 62, 8, 35, 15, 3, 19, 33, 99, 69, 14, 102, 51, 86, 46],
[10, 57, 106, 89, 52, 49, 35, 15, 83, 105, 27, 21, 28, 46, 86, 24],
[102, 88, 71, 51, 86, 28, 59, 27, 101, 55, 38, 74, 47, 103, 62, 90, 35, 93, 100, 67, 98, 18],
[103, 70, 25, 84, 7, 49, 91, 35, 34, 54, 85, 6, 86, 51, 88, 71, 102, 31, 22, 19, 82, 99],
[59, 27, 94, 83, 15, 34, 18, 92, 72, 108, 107],
[58, 47, 16, 74, 60, 12, 62, 8, 35, 93, 18, 9, 23, 82, 99],
[13, 32, 27, 105, 94, 85, 22, 19, 82, 26, 43, 30, 29],
[29, 26, 30, 43, 72, 79, 64, 11, 89, 52, 10, 70, 25, 7, 103, 16, 47, 41, 104, 40, 37],
[96, 89, 52, 7, 37, 57, 106, 73, 11, 64, 92, 18, 3, 6, 86, 71, 31, 88, 102, 24, 19, 85],
[29, 30, 43, 26, 82, 19, 85, 6, 81, 105, 27, 17, 65, 39, 55, 80],
[71, 88, 31, 19, 23, 82, 99, 69, 30, 43, 72, 79, 73, 106, 57, 40, 37, 104, 25, 7, 10, 52],
[70, 25, 10, 37, 40, 7, 103, 62, 53, 63, 55, 39, 65, 17, 75, 20, 95, 78]]

\
Best Operator Route set string:
\
42-5-36-108-72-44-82-99-14-76*48-72-92-67-98-18-93-35-8-62*65-39-55-45-63-53-62-103-70-41*42-5-36-108-72-44-82-99-14-76*77-107-36-108-72-44-82-33-31-102*11-89-52-49-90-8-63-38-80-97*79-64-92-18-34-15-83-105-94-101*93-34-15-2-45-55-101-27-21-28*36-64-11-89-52-49-91-90-8-62*23-19-22-85-81-105-94-101-55-39*28-21-27-101-55-45-63-12-16-47*91-49-90-8-63-55-39-17-95-50*51-86-28-21-68-95-17-56-87-97*60-12-62-8-90-91-49-52-89-106*11-89-52-49-90-8-63-38-80-97*104-25-7-52-89-11-79-72-44-82*4-107-36-64-11-89-106-57-40-37*11-89-52-49-91-90-8-53-63-45*11-89-52-91-90-8-63-38-80-97*4-36-64-11-89-52-91-49-90-8*86-51-102-31-33-82-26-43-30-69*23-9-18-98-67-100-52-7-84-104*28-21-59-27-101-55-63-12-16-41*12-63-2-15-54-85-24-102-88-71*48-72-92-67-98-18-93-35-8-62*11-89-52-49-91-90-8-53-63-45*1-0-87-55-101-94-105-81-6-24*63-53-8-90-91-49-52-89-11-96*5-42-73-89-52-49-91-62-8-53*11-89-52-49-91-90-8-53-63-45*58-38-63-53-90-49-91-52-89-73*48-72-92-67-98-18-93-35-8-62*14-76-99-82-44-72-79-73-106-57*61-0-87-38-63-53-8-90-49-91*20-95-27-105-94-85-19-82-26-29*36-64-11-89-52-49-91-90-8-62*62-53-38-63-8-90-91-52-89-106*23-19-22-85-6-81-105-94-101-55*60-12-62-8-90-91-49-52-89-106*20-75-17-39-55-45-53-8-90-91*12-63-2-15-54-85-24-102-88-71*3-93-34-15-2-45-55-39-65-78*16-47-12-63-45-55-101-27-21-28*4-36-64-11-89-52-49-91-90-8*10-70-103-62-8-35-15-34-54-85*11-89-52-49-90-8-63-38-80-97*42-5-36-108-72-44-82-99-14-76*64-11-89-52-49-90-53-63-38-80*61-0-87-38-63-53-8-90-49-91*65-39-55-45-63-53-62-103-41-70*11-89-52-49-91-90-8-53-63-45*4-107-36-64-11-89-106-57-40-37*13-32-68-95-17-56-87-80-58-74*46-86-6-85-54-66-18-92-64-109*73-89-52-49-91-90-53-63-38-87*51-86-28-21-68-95-17-56-87-97*

\
Best Passenger Route set sting:
\
2-35-90-91-52-10-25-84-37-7-103-62-53-63-55-39-17-95-68-20-75*33-31-14-76-102-88-71-86-21-68-95-17-65-56-87-97-0-78-39-55-80-58*39-17-50-20-95-27-105-83-15-18-92-72-108-107-5-11-109-64-36-79-48*72-44-92-48-108-36-64-11-89-52-49-91-90-53-38-80-58-97-1-87-0*99-76-14-33-23-9-18-100-52-7-41-104-84-25-10-57-106-89-73-64-79-48*42-5-36-72-48-79-64-11-89-52-91-62-12-60-58-47-103-70-10-7-57*21-32-17-39-0-97-1-87-55-101-94-105-81-6-24-31-23-82-99-76-14*38-55-45-80-87-0-1-61-65-17-27-94-105-81-6-24-31-76-14-69-30-43*65-78-95-20-17-39-55-63-53-8-90-91-52-89-73-79-36-108-5-42-96-11*30-43-26-44-92-18-15-2-45-63-38-80-87-55-101-27-17-95-20-32-13-28*7-10-40-57-106-73-64-92-18-66-3-6-86-51-88-71-31-22-19-82-99*75-50-65-0-80-38-63-8-90-49-52-89-64-36-108-107-4-77-5-42-73-106*109-64-79-36-107-5-42-73-89-52-49-90-8-12-63-45-2-94-83-105-81-3*108-36-48-72-43-29-30-69-76-31-71-88-102-19-9-92-64-89-73-11-42*17-78-65-0-87-97-80-38-55-101-94-81-6-22-19-33-99-69-76-14-31-23*78-17-95-68-13-32-21-28-86-6-54-15-35-91-49-7-25-104-40-57-106*109-64-92-18-15-2-45-55-87-56-65-39-17-50-95-59-28-46*104-84-37-10-40-7-25-70-103-62-53-63-45-55-101-27-59-32-13-68-17-39*95-50-68-32-13-21-28-86-51-102-19-82-44-48-107-77-5-11-89-106-42*29-26-44-92-18-67-93-35-8-62-91-52-89-106-11-64-79-73-96*27-17-78-39-55-45-2-15-34-93-18-92-44-30-43-26-82-23-9-66-54-24*46-21-86-28-13-68-75-20-50-95-27-105-83-34-18-92-64-36-5-107-108-72*102-88-71-86-28-21-27-94-83-15-35-91-49-7-37-40-57-42-5-36-108*77-107-108-36-64-96-42-57-10-52-91-100-18-9-23-33-99-69-43-72-79*58-47-74-60-41-12-63-2-15-54-85-24-102-88-71-31-22-66-3-81-86-6*40-37-104-7-25-10-57-42-5-36-72-43-30-69-14-102-19-33-82-44-92*43-30-26-44-92-67-98-93-35-8-53-12-74-60-58-97-0-39-17-95-20-68*86-28-21-13-32-27-105-83-35-49-91-52-89-73-42-96-64-11-79-108-107-36*20-68-50-95-27-59-28-21-46-86-6-85-54-3-93-100-52-10-104-41-60-58*99-69-30-29-43-44-92-18-15-2-45-38-80-97-1-61-0-56-39-17-50-65*40-25-7-52-100-67-18-9-23-31-51-86-21-28*93-98-67-3-19-85-54-24-86-71-88-31-23-9-18-100-52-7-84-104-70-103*63-45-80-58-60-12-16-47-74-41-103-62-8-35-15-83-3-19-33-99-82-23*7-10-40-57-106-73-64-92-18-15-66-3-6-86-46-28-21-68-17-65-39-78*57-40-7-103-62-53-45-55-39-17-95-50-20-68-59-27-94-85-54-6-81*48-72-44-82-99-76-14-33-19-3-34-35-8-62-12-16-47-60-58-80*88-51-46-21-32-59-27-105-83-15-35-49-91-52-89-73-42-96-11-5-77-4*12-63-55-101-27-21-28-86-24-19-82-26-30-43-29*8-53-38-80-0-87-55-45-2-15-34-18-92-72-48*13-32-21-68-75-20-95-27-94-83-34-18-92-72-108-5-42-106-73-89*66-54-6-24-102-76-14-33-31-51-86-28-21-68-20-75-50-95-78-39-56-1*39-65-56-61-1-0-87-38-53-90-49-91-52-89-96-42-5-36-4-108-107-77*32-95-50-68-21-28-86-6-85-54-3-9-92-64-96-42-5-77-107-108-36-48*73-96-64-109-11-89-52-91-90-8-63-38-87-56-65-50-17-39-55-80-0*91-49-7-70-16-74-47-12-62-8-35-15-3-19-33-99-69-14-102-51-86-46*10-57-106-89-52-49-35-15-83-105-27-21-28-46-86-24*102-88-71-51-86-28-59-27-101-55-38-74-47-103-62-90-35-93-100-67-98-18*103-70-25-84-7-49-91-35-34-54-85-6-86-51-88-71-102-31-22-19-82-99*59-27-94-83-15-34-18-92-72-108-107*58-47-16-74-60-12-62-8-35-93-18-9-23-82-99*13-32-27-105-94-85-22-19-82-26-43-30-29*29-26-30-43-72-79-64-11-89-52-10-70-25-7-103-16-47-41-104-40-37*96-89-52-7-37-57-106-73-11-64-92-18-3-6-86-71-31-88-102-24-19-85*29-30-43-26-82-19-85-6-81-105-27-17-65-39-55-80*71-88-31-19-23-82-99-69-30-43-72-79-73-106-57-40-37-104-25-7-10-52*70-25-10-37-40-7-103-62-53-63-55-39-65-17-75-20-95-78*