4_3_Mumford1_GA_Update_mut_ratio RESULTS EVALUATION:
\
HV:0.7511 | BM:0.7758

\
	Operator	Passenger
\
f1_ATT	32.3633		24.4480
\
f2_TRT	472		863
\
d_0	19.1696		40.1906
\
d_1	42.9131		53.8597
\
d_2	31.8710		5.6355
\
d_un	6.0462		0.3141

\
Best Operator Route set:
\
[[31, 11, 68, 9, 59, 17, 20, 33, 22, 38],
[58, 51, 35, 57, 34, 41, 12, 4, 7, 40],
[32, 39, 18, 54, 36, 45, 34, 35, 51, 56],
[37, 65, 5, 54, 19, 66, 3, 48, 39, 32],
[7, 4, 12, 25, 41, 34, 57, 35, 51, 56],
[18, 54, 36, 45, 22, 13, 50, 2, 14, 44],
[7, 46, 40, 53, 47, 6, 56, 8, 28, 10],
[63, 21, 24, 30, 26, 16, 10, 17, 61, 60],
[10, 55, 20, 43, 50, 23, 29, 3, 69, 0],
[51, 35, 57, 34, 41, 12, 4, 7, 40, 46],
[58, 64, 52, 55, 16, 26, 49, 15, 42, 62],
[37, 65, 5, 54, 19, 66, 3, 48, 39, 32],
[27, 67, 37, 65, 5, 54, 19, 66, 3, 48],
[34, 35, 51, 8, 26, 1, 9, 68, 11, 31],
[51, 35, 57, 34, 41, 12, 4, 7, 40, 46]]

\
Best Passenger Route set:
\
[[4, 7, 47, 6, 56, 8, 26, 1, 68, 9, 31, 11, 49, 42],
[32, 39, 18, 54, 36, 45, 58, 64, 52, 10, 16, 1, 31, 9],
[65, 5, 67, 27, 41, 34, 35, 51, 8, 26, 49, 15, 42, 62, 24],
[67, 37, 65, 5, 54, 19, 22, 13, 50, 2, 14, 44, 17, 55, 8],
[46, 40, 53, 47, 6, 56, 28, 8, 55, 20, 43, 50, 23, 69, 3, 29, 19, 66, 48],
[62, 26, 1, 31, 11, 9, 17, 20, 33, 22, 38, 19, 54, 18, 32, 65],
[6, 63, 21, 24, 30, 26, 16, 10, 55, 20, 43, 50, 0, 69, 29, 3],
[46, 40, 7, 4, 12, 41, 45, 22, 13, 43, 61, 60, 44, 17],
[2, 0, 23, 69, 38, 36, 45, 41, 25, 12, 4, 53],
[42, 62, 24, 63, 6, 35, 34, 45, 36, 38, 66, 69, 19, 22, 13, 33, 58, 57, 51, 64, 52, 20],
[65, 39, 48, 3, 69, 23, 50, 43, 17, 59, 1, 49, 15, 42, 62, 30],
[0, 3, 66, 38, 36, 41, 12, 4, 7, 46, 40],
[27, 12, 41, 34, 57, 35, 6, 21, 24, 30, 26, 16, 10, 55, 17, 61, 60, 14],
[58, 41, 35, 51, 56, 8, 28, 10, 59, 68, 11],
[48, 39, 18, 54, 19, 22, 13, 43, 61, 44, 60]]

\
Best Operator Route set string:
\
31-11-68-9-59-17-20-33-22-38*58-51-35-57-34-41-12-4-7-40*32-39-18-54-36-45-34-35-51-56*37-65-5-54-19-66-3-48-39-32*7-4-12-25-41-34-57-35-51-56*18-54-36-45-22-13-50-2-14-44*7-46-40-53-47-6-56-8-28-10*63-21-24-30-26-16-10-17-61-60*10-55-20-43-50-23-29-3-69-0*51-35-57-34-41-12-4-7-40-46*58-64-52-55-16-26-49-15-42-62*37-65-5-54-19-66-3-48-39-32*27-67-37-65-5-54-19-66-3-48*34-35-51-8-26-1-9-68-11-31*51-35-57-34-41-12-4-7-40-46*

\
Best Passenger Route set sting:
\
4-7-47-6-56-8-26-1-68-9-31-11-49-42*32-39-18-54-36-45-58-64-52-10-16-1-31-9*65-5-67-27-41-34-35-51-8-26-49-15-42-62-24*67-37-65-5-54-19-22-13-50-2-14-44-17-55-8*46-40-53-47-6-56-28-8-55-20-43-50-23-69-3-29-19-66-48*62-26-1-31-11-9-17-20-33-22-38-19-54-18-32-65*6-63-21-24-30-26-16-10-55-20-43-50-0-69-29-3*46-40-7-4-12-41-45-22-13-43-61-60-44-17*2-0-23-69-38-36-45-41-25-12-4-53*42-62-24-63-6-35-34-45-36-38-66-69-19-22-13-33-58-57-51-64-52-20*65-39-48-3-69-23-50-43-17-59-1-49-15-42-62-30*0-3-66-38-36-41-12-4-7-46-40*27-12-41-34-57-35-6-21-24-30-26-16-10-55-17-61-60-14*58-41-35-51-56-8-28-10-59-68-11*48-39-18-54-19-22-13-43-61-44-60*