3_2_Mumford0_GA_Mutations RESULTS EVALUATION:
\
HV:0.7516 | BM:0.8087

\
	Operator	Passenger
\
f1_ATT	31.0702		16.7904
\
f2_TRT	102		281
\
d_0	18.1348		47.8957
\
d_1	30.9621		50.6839
\
d_2	22.4544		1.4204
\
d_un	28.4487		0.0000

\
Best Operator Route set:
\
[[1, 9],
[3, 23, 14, 11, 17, 22, 12, 8, 26],
[18, 22, 19],
[5, 6, 13, 0, 22, 25, 28],
[2, 29],
[2, 27, 16],
[4, 24, 20],
[15, 10, 29],
[5, 21],
[1, 3],
[1, 3],
[14, 24, 7, 16]]

\
Best Passenger Route set:
\
[[12, 19, 22, 18, 13, 6, 5, 21],
[8, 12, 19, 17, 28, 7, 20, 24, 4],
[2, 7, 4, 24, 23],
[13, 6, 15, 10, 2, 29],
[3, 1, 23, 20, 7, 16, 6, 5],
[12, 0, 13, 6, 21],
[9, 14, 7, 27, 10, 15, 21],
[7, 20, 14, 11, 17, 0, 28, 25],
[7, 28, 17, 12, 8, 26],
[19, 22, 0, 28, 16, 27, 29],
[22, 18, 0, 25, 7, 24],
[1, 9, 3, 11, 17, 22, 18, 0, 26]]

\
Best Operator Route set string:
\
1-9*3-23-14-11-17-22-12-8-26*18-22-19*5-6-13-0-22-25-28*2-29*2-27-16*4-24-20*15-10-29*5-21*1-3*1-3*14-24-7-16*

\
Best Passenger Route set sting:
\
12-19-22-18-13-6-5-21*8-12-19-17-28-7-20-24-4*2-7-4-24-23*13-6-15-10-2-29*3-1-23-20-7-16-6-5*12-0-13-6-21*9-14-7-27-10-15-21*7-20-14-11-17-0-28-25*7-28-17-12-8-26*19-22-0-28-16-27-29*22-18-0-25-7-24*1-9-3-11-17-22-18-0-26*