33_2_Mumford0__ALL_param RESULTS EVALUATION:
\
HV:0.7932 | BM:0.8087

\
	Operator	Passenger
\
f1_ATT	25.2688		15.6781
\
f2_TRT	97		661
\
d_0	26.4438		69.8533
\
d_1	47.5187		29.8252
\
d_2	22.0423		0.3215
\
d_un	3.9952		0.0000

\
Best Operator Route set:
\
[[26, 0],
[25, 22],
[22, 19],
[22, 12, 8],
[4, 24, 14, 23, 3, 9],
[0, 18],
[16, 27],
[5, 21, 6, 13, 0, 22, 17, 11, 14, 20, 7, 27, 2, 10],
[29, 2],
[10, 15],
[3, 1],
[25, 28]]

\
Best Passenger Route set:
\
[[22, 17, 18, 0, 13, 6, 21, 10, 7, 16, 2, 29, 15, 5],
[13, 6, 2, 15, 5, 21, 10, 27, 16, 28, 17, 19, 12, 8, 26],
[26, 0, 18, 22, 19, 17, 28, 7, 16, 2, 27, 10, 15, 21],
[23, 3, 1, 4, 14, 24, 20, 7, 28, 0, 18, 13, 6, 21],
[9, 1, 3, 23, 14, 7, 16, 27, 2, 29, 15, 21, 10, 6, 13],
[2, 15, 27, 7, 20, 14, 11, 17, 12, 22, 0, 18, 13, 6, 5],
[28, 17, 11, 3, 1, 23, 14, 20, 24, 4, 7, 25, 22, 12, 8],
[10, 29, 27, 15, 6, 13, 18, 22, 17, 19, 0, 25, 28],
[16, 28, 25, 22, 19, 12, 18, 13, 0, 17, 11, 3, 23, 1],
[21, 6, 13, 0, 26, 8, 12, 19, 22, 17, 11, 3, 1, 9],
[15, 29, 27, 2, 21, 5, 6, 16, 7, 14, 1, 9, 3, 24, 20],
[12, 19, 18, 0, 25, 11, 3, 4, 24, 20, 14, 1, 9]]

\
Best Operator Route set string:
\
26-0*25-22*22-19*22-12-8*4-24-14-23-3-9*0-18*16-27*5-21-6-13-0-22-17-11-14-20-7-27-2-10*29-2*10-15*3-1*25-28*

\
Best Passenger Route set sting:
\
22-17-18-0-13-6-21-10-7-16-2-29-15-5*13-6-2-15-5-21-10-27-16-28-17-19-12-8-26*26-0-18-22-19-17-28-7-16-2-27-10-15-21*23-3-1-4-14-24-20-7-28-0-18-13-6-21*9-1-3-23-14-7-16-27-2-29-15-21-10-6-13*2-15-27-7-20-14-11-17-12-22-0-18-13-6-5*28-17-11-3-1-23-14-20-24-4-7-25-22-12-8*10-29-27-15-6-13-18-22-17-19-0-25-28*16-28-25-22-19-12-18-13-0-17-11-3-23-1*21-6-13-0-26-8-12-19-22-17-11-3-1-9*15-29-27-2-21-5-6-16-7-14-1-9-3-24-20*12-19-18-0-25-11-3-4-24-20-14-1-9*