33_2_Mumford0__ALL_param RESULTS EVALUATION:
\
HV:0.7864 | BM:0.8087

\
	Operator	Passenger
\
f1_ATT	29.8809		15.7022
\
f2_TRT	95		760
\
d_0	18.1962		63.8006
\
d_1	33.9724		35.2700
\
d_2	24.3132		0.9294
\
d_un	23.5182		0.0000

\
Best Operator Route set:
\
[[26, 8, 12],
[4, 24, 14, 11, 17, 22, 0, 13, 6, 10],
[19, 12],
[10, 15],
[16, 27],
[10, 21, 5],
[28, 25],
[7, 20, 14, 23, 3, 1, 9],
[28, 0, 18],
[19, 17],
[29, 2, 10],
[7, 27]]

\
Best Passenger Route set:
\
[[17, 18, 12, 19, 22, 25, 11, 14, 7, 16, 27, 15, 5, 6, 2],
[29, 27, 10, 6, 5, 15, 16, 7, 4, 24, 3, 11, 17, 18, 19],
[18, 13, 0, 26, 8, 12, 17, 11, 14, 20, 7, 27, 10, 21, 15],
[17, 11, 3, 24, 1, 14, 9, 23, 20, 7, 28, 0, 18, 22, 19],
[9, 23, 14, 11, 25, 0, 18, 17, 28, 16, 7, 2, 10, 15, 21],
[5, 21, 2, 10, 6, 13, 18, 19, 0, 28, 7, 24, 3, 14, 9],
[26, 8, 12, 18, 22, 0, 13, 6, 16, 7, 20, 24, 1, 3, 4],
[20, 4, 1, 23, 3, 24, 14, 11, 17, 0, 25, 7, 10, 16, 2],
[24, 23, 20, 7, 27, 29, 15, 5, 21, 6, 13, 0, 12, 19, 22],
[8, 19, 17, 11, 3, 9, 1, 23, 14, 4, 7, 10, 29, 15, 6],
[16, 6, 5, 15, 29, 2, 7, 25, 0, 19, 22, 17, 11, 14, 23],
[26, 8, 19, 12, 18, 17, 0, 22, 25, 28, 16, 6, 21, 2, 29]]

\
Best Operator Route set string:
\
26-8-12*4-24-14-11-17-22-0-13-6-10*19-12*10-15*16-27*10-21-5*28-25*7-20-14-23-3-1-9*28-0-18*19-17*29-2-10*7-27*

\
Best Passenger Route set sting:
\
17-18-12-19-22-25-11-14-7-16-27-15-5-6-2*29-27-10-6-5-15-16-7-4-24-3-11-17-18-19*18-13-0-26-8-12-17-11-14-20-7-27-10-21-15*17-11-3-24-1-14-9-23-20-7-28-0-18-22-19*9-23-14-11-25-0-18-17-28-16-7-2-10-15-21*5-21-2-10-6-13-18-19-0-28-7-24-3-14-9*26-8-12-18-22-0-13-6-16-7-20-24-1-3-4*20-4-1-23-3-24-14-11-17-0-25-7-10-16-2*24-23-20-7-27-29-15-5-21-6-13-0-12-19-22*8-19-17-11-3-9-1-23-14-4-7-10-29-15-6*16-6-5-15-29-2-7-25-0-19-22-17-11-14-23*26-8-19-12-18-17-0-22-25-28-16-6-21-2-29*