3_2_Mumford0_GA_Mutations RESULTS EVALUATION:
\
HV:0.7615 | BM:0.8087

\
	Operator	Passenger
\
f1_ATT	32.6823		16.1034
\
f2_TRT	122		352
\
d_0	24.2401		56.3538
\
d_1	32.3211		43.4007
\
d_2	28.5130		0.2455
\
d_un	14.9258		0.0000

\
Best Operator Route set:
\
[[4, 24, 20, 7, 27, 10, 21],
[5, 21],
[26, 8, 12, 19, 0, 18, 22, 17, 11],
[9, 1, 3, 23, 14, 24],
[5, 21],
[5, 21],
[13, 6, 5, 21],
[11, 25, 28, 16, 27, 10, 15, 2, 29],
[5, 21],
[5, 21],
[5, 21],
[5, 21]]

\
Best Passenger Route set:
\
[[11, 17, 12, 22, 25, 7, 24, 14],
[9, 3, 4, 7, 16, 6, 21],
[1, 24, 4, 23, 14, 11, 17, 22],
[8, 12, 18, 0, 28, 7, 20, 24],
[12, 19, 22, 18, 13, 6, 5, 21],
[5, 15, 2, 10, 6, 13, 0, 12, 18],
[9, 23, 14, 7, 27, 10, 21],
[7, 10, 16, 28, 25, 11, 3, 24, 4, 20],
[1, 3, 23, 14, 7, 27, 2, 29],
[1, 9, 23, 20, 7, 16, 15, 5],
[2, 29, 27, 16, 28, 17, 19, 8],
[1, 9, 3, 11, 17, 22, 18, 0, 26]]

\
Best Operator Route set string:
\
4-24-20-7-27-10-21*5-21*26-8-12-19-0-18-22-17-11*9-1-3-23-14-24*5-21*5-21*13-6-5-21*11-25-28-16-27-10-15-2-29*5-21*5-21*5-21*5-21*

\
Best Passenger Route set sting:
\
11-17-12-22-25-7-24-14*9-3-4-7-16-6-21*1-24-4-23-14-11-17-22*8-12-18-0-28-7-20-24*12-19-22-18-13-6-5-21*5-15-2-10-6-13-0-12-18*9-23-14-7-27-10-21*7-10-16-28-25-11-3-24-4-20*1-3-23-14-7-27-2-29*1-9-23-20-7-16-15-5*2-29-27-16-28-17-19-8*1-9-3-11-17-22-18-0-26*