22_2_Mumford0_SA_Mut_update RESULTS EVALUATION:
\
HV:0.7990 | BM:0.8087

\
	Operator	Passenger
\
f1_ATT	26.2779		15.7525
\
f2_TRT	99		435
\
d_0	25.1958		62.7835
\
d_1	44.4032		36.5794
\
d_2	27.6011		0.6371
\
d_un	2.7999		0.0000

\
Best Operator Route set:
\
[[6, 21],
[8, 12, 19, 17],
[3, 9, 23, 14, 11, 17, 22, 18, 0, 13, 6, 10, 15],
[18, 0],
[3, 1],
[16, 7, 20, 14, 24, 4],
[16, 27],
[11, 25, 28],
[10, 2, 29],
[1, 3],
[0, 26],
[6, 5]]

\
Best Passenger Route set:
\
[[29, 2, 27, 16, 28, 25, 22, 19, 12, 18, 13],
[1, 3, 11, 25, 0, 18, 13],
[5, 6, 16, 7, 14, 23, 1, 3, 4, 20],
[15, 10, 7, 24, 1, 3, 11, 17, 19, 0, 13],
[11, 14, 7, 27, 29, 2, 10, 15, 6],
[25, 11, 3, 9, 14, 20, 7, 28, 0, 26, 8, 19],
[29, 10, 16, 28, 25, 11],
[5, 21, 10, 27, 16, 28, 17, 12, 8],
[17, 18, 0, 28, 7, 4, 24, 1],
[20, 7, 25, 28, 16, 15, 10, 6, 13, 0, 18, 22, 19, 12, 8],
[15, 5, 21, 6, 13, 0, 26, 8, 12, 22, 17, 11, 14, 24, 4],
[23, 9, 1, 24, 20]]

\
Best Operator Route set string:
\
6-21*8-12-19-17*3-9-23-14-11-17-22-18-0-13-6-10-15*18-0*3-1*16-7-20-14-24-4*16-27*11-25-28*10-2-29*1-3*0-26*6-5*

\
Best Passenger Route set sting:
\
29-2-27-16-28-25-22-19-12-18-13*1-3-11-25-0-18-13*5-6-16-7-14-23-1-3-4-20*15-10-7-24-1-3-11-17-19-0-13*11-14-7-27-29-2-10-15-6*25-11-3-9-14-20-7-28-0-26-8-19*29-10-16-28-25-11*5-21-10-27-16-28-17-12-8*17-18-0-28-7-4-24-1*20-7-25-28-16-15-10-6-13-0-18-22-19-12-8*15-5-21-6-13-0-26-8-12-22-17-11-14-24-4*23-9-1-24-20*