33_3_Mumford1__ALL_param RESULTS EVALUATION:
\
HV:0.7608 | BM:0.7758

\
	Operator	Passenger
\
f1_ATT	28.0049		22.9788
\
f2_TRT	529		1380
\
d_0	25.1115		50.0392
\
d_1	54.2569		48.1640
\
d_2	19.7994		1.7968
\
d_un	0.8322		0.0000

\
Best Operator Route set:
\
[[40, 7, 4, 25, 41, 45, 36, 54, 5, 65],
[42, 15, 49, 26, 8, 51, 57, 25, 27, 67],
[8, 51, 35, 41, 36, 19, 66, 3, 29, 48],
[63, 21, 24, 30, 26, 1, 68, 9, 11, 31],
[34, 35, 51, 64, 52, 55, 10, 59, 9, 68],
[20, 52, 64, 58, 41, 27, 67, 37, 65, 5],
[57, 34, 58, 33, 13, 50, 2, 14, 44, 60],
[66, 38, 19, 54, 18, 32, 39, 48, 29, 69],
[66, 3, 69, 23, 50, 43, 17, 10, 16, 26],
[0, 69, 38, 36, 41, 25, 4, 53, 47, 6],
[28, 8, 56, 51, 34, 41, 12, 4, 40, 46],
[63, 24, 62, 49, 11, 9, 17, 61, 60, 44],
[54, 36, 22, 13, 43, 17, 59, 1, 49, 15],
[26, 16, 55, 20, 33, 22, 38, 54, 5, 37],
[8, 28, 56, 51, 58, 45, 36, 54, 18, 39]]

\
Best Passenger Route set:
\
[[26, 16, 9, 31, 11, 15, 42, 62, 24, 63, 6, 47, 53, 4, 25, 41, 36, 38, 3, 29, 69, 66, 54, 32, 39, 48],
[21, 24, 42, 62, 49, 11, 9, 68, 1, 26, 30, 63, 6, 47, 7, 40, 46],
[18, 5, 37, 32, 39, 48, 29, 23, 2, 14, 44, 60, 61, 17, 20, 52, 64, 51, 57, 25, 4, 7, 40, 46, 53],
[32, 54, 66, 19, 22, 13, 43, 17, 59, 1, 49, 26, 16, 10, 55, 52, 64, 35, 57, 25, 12, 27, 67, 65, 5],
[68, 11, 49, 1, 59, 17, 50, 0, 69, 19, 36, 45, 34, 51, 58, 35, 57, 25, 41],
[60, 44, 61, 43, 13, 22, 45, 41, 12, 40, 46, 7, 4, 25, 57, 35, 64, 52, 55, 10],
[21, 63, 24, 62, 42, 15, 49, 26, 8, 51, 58, 45, 36, 54, 18, 32, 39, 48, 69, 23, 50, 13, 20, 55, 10, 16, 1, 68, 9, 11],
[58, 41, 51, 56, 28, 8, 10, 16, 26, 30, 24, 21, 63, 6, 35, 34, 45, 36, 38, 66, 48, 29, 23, 50, 43, 17, 9, 68, 11, 31],
[61, 17, 50, 23, 3, 66, 18, 67, 37, 5, 65, 54, 38, 22, 33, 58, 51, 56, 6, 47, 40, 7, 53],
[30, 24, 62, 26, 49, 11, 9, 59, 10, 52, 64, 58, 45, 36, 54, 19, 38, 18, 39],
[60, 61, 43, 50, 23, 69, 66, 54, 5, 37, 67, 27, 41, 51, 8, 26, 30, 15, 11, 68, 9, 16, 55, 17],
[63, 21, 24, 30, 26, 16, 55, 20, 43, 50, 23, 3, 48],
[31, 11, 15, 30, 21, 6, 56, 28, 10, 17, 44, 14, 2, 0, 69, 18, 65, 37, 67, 27, 25, 12, 4, 7, 40, 47],
[14, 2, 50, 33, 58, 41, 36, 38, 69, 3, 66, 19, 65, 37, 67],
[37, 65, 32, 5, 54, 36, 41, 34, 35, 51, 8, 26, 1, 31, 11, 9, 17, 20, 33, 22, 19, 18, 39, 48, 29, 3, 66]]

\
Best Operator Route set string:
\
40-7-4-25-41-45-36-54-5-65*42-15-49-26-8-51-57-25-27-67*8-51-35-41-36-19-66-3-29-48*63-21-24-30-26-1-68-9-11-31*34-35-51-64-52-55-10-59-9-68*20-52-64-58-41-27-67-37-65-5*57-34-58-33-13-50-2-14-44-60*66-38-19-54-18-32-39-48-29-69*66-3-69-23-50-43-17-10-16-26*0-69-38-36-41-25-4-53-47-6*28-8-56-51-34-41-12-4-40-46*63-24-62-49-11-9-17-61-60-44*54-36-22-13-43-17-59-1-49-15*26-16-55-20-33-22-38-54-5-37*8-28-56-51-58-45-36-54-18-39*

\
Best Passenger Route set sting:
\
26-16-9-31-11-15-42-62-24-63-6-47-53-4-25-41-36-38-3-29-69-66-54-32-39-48*21-24-42-62-49-11-9-68-1-26-30-63-6-47-7-40-46*18-5-37-32-39-48-29-23-2-14-44-60-61-17-20-52-64-51-57-25-4-7-40-46-53*32-54-66-19-22-13-43-17-59-1-49-26-16-10-55-52-64-35-57-25-12-27-67-65-5*68-11-49-1-59-17-50-0-69-19-36-45-34-51-58-35-57-25-41*60-44-61-43-13-22-45-41-12-40-46-7-4-25-57-35-64-52-55-10*21-63-24-62-42-15-49-26-8-51-58-45-36-54-18-32-39-48-69-23-50-13-20-55-10-16-1-68-9-11*58-41-51-56-28-8-10-16-26-30-24-21-63-6-35-34-45-36-38-66-48-29-23-50-43-17-9-68-11-31*61-17-50-23-3-66-18-67-37-5-65-54-38-22-33-58-51-56-6-47-40-7-53*30-24-62-26-49-11-9-59-10-52-64-58-45-36-54-19-38-18-39*60-61-43-50-23-69-66-54-5-37-67-27-41-51-8-26-30-15-11-68-9-16-55-17*63-21-24-30-26-16-55-20-43-50-23-3-48*31-11-15-30-21-6-56-28-10-17-44-14-2-0-69-18-65-37-67-27-25-12-4-7-40-47*14-2-50-33-58-41-36-38-69-3-66-19-65-37-67*37-65-32-5-54-36-41-34-35-51-8-26-1-31-11-9-17-20-33-22-19-18-39-48-29-3-66*