36_3_Mumford1_SA_Stat_long_run RESULTS EVALUATION:
\
HV:0.7606 | BM:0.7758

\
	Operator	Passenger
\
f1_ATT	26.6331		23.1726
\
f2_TRT	514		1422
\
d_0	24.7990		47.0789
\
d_1	55.8949		51.1601
\
d_2	18.5020		1.7610
\
d_un	0.8042		0.0000

\
Best Operator Route set:
\
[[55, 10, 8, 56, 6, 47, 53, 7, 40, 46],
[36, 54, 18, 32, 39, 48, 29, 69, 0, 50],
[63, 24, 62, 42, 15, 49, 1, 59, 17, 61],
[62, 24, 63, 6, 35, 41, 36, 38, 69, 29],
[20, 52, 64, 51, 35, 57, 34, 41, 12, 25],
[63, 21, 24, 30, 26, 16, 55, 20, 43, 50],
[9, 68, 59, 10, 55, 52, 64, 58, 45, 36],
[48, 66, 19, 36, 45, 34, 51, 8, 26, 49],
[46, 7, 4, 25, 41, 45, 22, 13, 50, 2],
[41, 27, 67, 37, 65, 39, 48, 66, 19, 38],
[1, 49, 26, 16, 10, 17, 61, 44, 14, 2],
[65, 37, 5, 54, 19, 66, 3, 69, 23, 50],
[60, 61, 17, 20, 33, 22, 38, 54, 5, 67],
[68, 9, 16, 26, 8, 28, 56, 51, 35, 58],
[9, 68, 11, 31, 1, 26, 8, 51, 35, 34]]

\
Best Passenger Route set:
\
[[35, 34, 25, 27, 67, 5, 54, 38, 22, 33, 20, 17, 59, 11, 31, 1, 26, 8, 51, 64],
[49, 9, 17, 44, 14, 2, 50, 43, 20, 55, 10, 16, 26, 30, 15, 42, 62, 24, 63, 6, 35, 34, 45, 36, 54, 18, 32, 39],
[9, 1, 68, 59, 10, 17, 43, 13, 33, 58, 35, 41, 27, 67, 18, 38, 66, 54, 36, 45, 34, 51, 8, 26, 49, 15, 62, 24, 21],
[31, 11, 49, 15, 42, 24, 30, 21, 6, 35, 57, 34, 45, 36, 38, 66, 48, 39, 32, 5, 54, 19, 29, 3, 69, 23],
[50, 2, 0, 3, 66, 19, 36, 45, 58, 64, 52, 10, 59, 68, 9, 16, 26, 8, 51, 35, 34, 25, 4, 40, 46],
[38, 66, 29, 3, 0, 50, 17, 61, 43, 13, 20, 55, 52, 64, 35, 57, 41, 34],
[17, 9, 31, 1, 26, 8, 28, 56, 6, 47, 40, 46, 7, 4, 12, 41, 36, 38, 69, 19, 54, 5, 37],
[21, 63, 30, 62, 26, 16, 10, 20, 43, 50, 23, 69, 3, 66, 54, 18, 65, 19],
[8, 52, 64, 58, 33, 50, 2, 23, 29, 48, 3, 19, 69, 38, 66, 18, 65, 54, 36, 45, 34, 57, 51, 56, 28, 10, 20, 43],
[43, 13, 33, 22, 19, 18, 32, 37, 65, 39, 48, 29, 23, 50, 17, 9, 11, 15, 30, 63, 6, 47, 53],
[6, 21, 24, 30, 26, 49, 1, 59, 10, 28, 56, 51, 35, 41, 12, 27],
[40, 53, 7, 4, 25, 41, 45, 22, 33, 50, 2, 14, 44, 61, 17, 10, 8, 56, 6, 63, 24, 62],
[64, 51, 41, 27, 67, 37, 5, 65, 18, 69, 0, 2, 50, 43, 17, 59, 1, 49, 15, 42, 30],
[46, 40, 12, 41, 57, 34, 58, 33, 50, 0, 69, 3, 38],
[11, 68, 1, 26, 8, 56, 6, 47, 7, 4, 25, 41, 58, 64, 52, 20, 17, 60, 14, 2, 50, 33, 22, 38, 66, 48]]

\
Best Operator Route set string:
\
55-10-8-56-6-47-53-7-40-46*36-54-18-32-39-48-29-69-0-50*63-24-62-42-15-49-1-59-17-61*62-24-63-6-35-41-36-38-69-29*20-52-64-51-35-57-34-41-12-25*63-21-24-30-26-16-55-20-43-50*9-68-59-10-55-52-64-58-45-36*48-66-19-36-45-34-51-8-26-49*46-7-4-25-41-45-22-13-50-2*41-27-67-37-65-39-48-66-19-38*1-49-26-16-10-17-61-44-14-2*65-37-5-54-19-66-3-69-23-50*60-61-17-20-33-22-38-54-5-67*68-9-16-26-8-28-56-51-35-58*9-68-11-31-1-26-8-51-35-34*

\
Best Passenger Route set sting:
\
35-34-25-27-67-5-54-38-22-33-20-17-59-11-31-1-26-8-51-64*49-9-17-44-14-2-50-43-20-55-10-16-26-30-15-42-62-24-63-6-35-34-45-36-54-18-32-39*9-1-68-59-10-17-43-13-33-58-35-41-27-67-18-38-66-54-36-45-34-51-8-26-49-15-62-24-21*31-11-49-15-42-24-30-21-6-35-57-34-45-36-38-66-48-39-32-5-54-19-29-3-69-23*50-2-0-3-66-19-36-45-58-64-52-10-59-68-9-16-26-8-51-35-34-25-4-40-46*38-66-29-3-0-50-17-61-43-13-20-55-52-64-35-57-41-34*17-9-31-1-26-8-28-56-6-47-40-46-7-4-12-41-36-38-69-19-54-5-37*21-63-30-62-26-16-10-20-43-50-23-69-3-66-54-18-65-19*8-52-64-58-33-50-2-23-29-48-3-19-69-38-66-18-65-54-36-45-34-57-51-56-28-10-20-43*43-13-33-22-19-18-32-37-65-39-48-29-23-50-17-9-11-15-30-63-6-47-53*6-21-24-30-26-49-1-59-10-28-56-51-35-41-12-27*40-53-7-4-25-41-45-22-33-50-2-14-44-61-17-10-8-56-6-63-24-62*64-51-41-27-67-37-5-65-18-69-0-2-50-43-17-59-1-49-15-42-30*46-40-12-41-57-34-58-33-50-0-69-3-38*11-68-1-26-8-56-6-47-7-4-25-41-58-64-52-20-17-60-14-2-50-33-22-38-66-48*