33_2_Mumford0__ALL_param RESULTS EVALUATION:
\
HV:0.7885 | BM:0.8087

\
	Operator	Passenger
\
f1_ATT	34.8767		15.7077
\
f2_TRT	98		590
\
d_0	14.7767		61.4654
\
d_1	28.6942		38.1167
\
d_2	27.4112		0.4179
\
d_un	29.1180		0.0000

\
Best Operator Route set:
\
[[6, 15, 10],
[13, 18, 0, 22, 17],
[17, 12, 8],
[4, 24],
[22, 25, 28],
[2, 27, 7, 20, 24, 1],
[1, 9, 23, 14, 11, 17],
[5, 21, 10, 2, 29],
[0, 26],
[16, 27],
[3, 1],
[12, 19]]

\
Best Passenger Route set:
\
[[6, 5, 21, 15, 27, 7],
[6, 16, 28, 0, 12, 17, 11, 14, 23, 24, 7, 2, 15, 5],
[17, 19, 12, 8, 26, 0, 25, 7, 2, 21, 15, 10, 16, 28],
[15, 6, 2, 29, 27, 7, 28, 17, 19, 8, 12, 22, 18],
[5, 15, 2, 21, 6, 10, 7, 27],
[0, 17, 11, 25, 7, 14, 24, 23],
[27, 15, 21, 5, 6, 16, 7, 24, 3, 9, 14],
[24, 4, 14, 11, 3, 9, 23, 20, 7, 10, 15, 29, 27, 16, 6],
[23, 20, 7, 25, 22, 17, 19, 12, 18, 0, 13, 6, 21, 10, 29],
[20, 14, 7, 28, 25, 22, 0, 18, 19, 17, 11, 3, 1],
[2, 15, 10, 6, 16, 7, 4, 1, 24, 20, 23, 3, 9, 14],
[21, 5, 6, 13, 18, 22, 17, 11, 14, 9, 1, 3, 23, 4]]

\
Best Operator Route set string:
\
6-15-10*13-18-0-22-17*17-12-8*4-24*22-25-28*2-27-7-20-24-1*1-9-23-14-11-17*5-21-10-2-29*0-26*16-27*3-1*12-19*

\
Best Passenger Route set sting:
\
6-5-21-15-27-7*6-16-28-0-12-17-11-14-23-24-7-2-15-5*17-19-12-8-26-0-25-7-2-21-15-10-16-28*15-6-2-29-27-7-28-17-19-8-12-22-18*5-15-2-21-6-10-7-27*0-17-11-25-7-14-24-23*27-15-21-5-6-16-7-24-3-9-14*24-4-14-11-3-9-23-20-7-10-15-29-27-16-6*23-20-7-25-22-17-19-12-18-0-13-6-21-10-29*20-14-7-28-25-22-0-18-19-17-11-3-1*2-15-10-6-16-7-4-1-24-20-23-3-9-14*21-5-6-13-18-22-17-11-14-9-1-3-23-4*