33_3_Mumford1__ALL_param RESULTS EVALUATION:
\
HV:0.7654 | BM:0.7758

\
	Operator	Passenger
\
f1_ATT	26.4916		22.7271
\
f2_TRT	525		1702
\
d_0	24.5155		53.5726
\
d_1	59.8654		45.1378
\
d_2	15.3964		1.2896
\
d_un	0.2227		0.0000

\
Best Operator Route set:
\
[[10, 55, 20, 43, 50, 23, 3, 48, 39, 18],
[46, 40, 12, 41, 34, 57, 35, 51, 58, 33],
[53, 7, 4, 25, 41, 45, 22, 13, 50, 0],
[61, 17, 10, 8, 56, 6, 47, 53, 7, 40],
[62, 24, 63, 6, 35, 41, 36, 38, 3, 29],
[49, 1, 16, 10, 20, 33, 22, 38, 19, 66],
[39, 32, 18, 54, 36, 45, 58, 64, 52, 8],
[52, 55, 10, 16, 26, 1, 31, 11, 9, 68],
[11, 68, 9, 59, 10, 52, 64, 58, 34, 57],
[11, 9, 68, 1, 16, 26, 49, 15, 42, 62],
[50, 23, 69, 3, 66, 19, 54, 5, 37, 65],
[44, 60, 17, 20, 52, 64, 51, 35, 34, 25],
[21, 24, 30, 26, 16, 10, 17, 50, 2, 14],
[64, 51, 56, 28, 10, 20, 33, 22, 19, 66],
[1, 26, 8, 51, 41, 27, 67, 5, 65, 37]]

\
Best Passenger Route set:
\
[[31, 11, 9, 68, 59, 10, 55, 52, 64, 58, 41, 12, 25, 34, 51, 8, 26, 49, 15, 42, 24, 21, 63, 6, 47, 40, 46],
[0, 2, 14, 61, 44, 60, 17, 43, 13, 22, 38, 69, 48, 39, 32, 18, 54, 36, 45, 58, 51, 8, 26, 49, 11, 1, 9, 68],
[46, 40, 4, 25, 34, 51, 64, 58, 33, 22, 38, 3, 29, 19, 36, 41, 35, 6, 21, 24, 30, 26, 1, 9, 68, 11, 15, 62],
[40, 46, 7, 4, 25, 41, 45, 22, 13, 50, 2, 14],
[39, 32, 37, 65, 54, 38, 66, 48, 29, 69, 0, 50, 17, 10, 28, 56, 51, 41, 36, 22, 13, 20, 52, 8, 26, 1, 68, 9, 16],
[47, 53, 46, 40, 4, 25, 57, 51, 64, 52, 20, 17, 61, 60, 44, 14, 2, 0, 23, 3, 38, 18, 67, 27, 12],
[36, 38, 66, 29, 69, 18, 5, 67, 27, 12, 40, 7, 47, 6, 63, 30, 62, 49, 1, 16, 26, 8, 28, 56, 51, 58, 57, 34, 41, 45],
[42, 49, 1, 9, 59, 11, 15, 30, 62, 26, 16, 55, 20, 43, 50, 0, 23, 29, 48, 39, 65, 54, 36, 22, 13],
[58, 34, 45, 36, 22, 33, 13, 20, 17, 9, 68, 11, 49, 26, 16, 10, 52, 64, 35, 51, 56, 8, 55],
[42, 15, 30, 21, 24, 62, 49, 1, 59, 17, 50, 23, 69, 3, 66, 54, 5, 37, 18, 19, 22, 33, 20, 55, 8, 56, 6, 63],
[0, 3, 23, 2, 14, 44, 61, 17, 10, 16, 26, 49, 42, 62, 24, 63, 6, 35, 34, 45, 36, 38, 18, 32, 65, 19, 66, 48, 39],
[33, 22, 38, 19, 69, 0, 2, 14, 44, 17, 55, 8, 56, 6, 47, 53, 4, 25, 27, 67, 65, 32, 39, 18, 54, 36, 45, 58, 64, 52],
[37, 65, 67, 27, 25, 57, 34, 51, 64, 52, 55, 16, 9, 11, 15, 42, 62, 24, 21, 63, 6, 35, 58, 33, 43, 50, 2, 14, 44, 60],
[32, 39, 48, 29, 23, 50, 17, 9, 11, 31, 1, 26, 8, 51, 41, 27, 67, 37, 65, 19, 66, 3, 0, 69, 38, 36, 45, 34, 35, 57],
[53, 7, 4, 25, 27, 67, 18, 66, 3, 69, 29, 48, 39, 65, 5, 54, 19, 38, 22, 33, 20, 17, 60, 44, 61, 43, 13]]

\
Best Operator Route set string:
\
10-55-20-43-50-23-3-48-39-18*46-40-12-41-34-57-35-51-58-33*53-7-4-25-41-45-22-13-50-0*61-17-10-8-56-6-47-53-7-40*62-24-63-6-35-41-36-38-3-29*49-1-16-10-20-33-22-38-19-66*39-32-18-54-36-45-58-64-52-8*52-55-10-16-26-1-31-11-9-68*11-68-9-59-10-52-64-58-34-57*11-9-68-1-16-26-49-15-42-62*50-23-69-3-66-19-54-5-37-65*44-60-17-20-52-64-51-35-34-25*21-24-30-26-16-10-17-50-2-14*64-51-56-28-10-20-33-22-19-66*1-26-8-51-41-27-67-5-65-37*

\
Best Passenger Route set sting:
\
31-11-9-68-59-10-55-52-64-58-41-12-25-34-51-8-26-49-15-42-24-21-63-6-47-40-46*0-2-14-61-44-60-17-43-13-22-38-69-48-39-32-18-54-36-45-58-51-8-26-49-11-1-9-68*46-40-4-25-34-51-64-58-33-22-38-3-29-19-36-41-35-6-21-24-30-26-1-9-68-11-15-62*40-46-7-4-25-41-45-22-13-50-2-14*39-32-37-65-54-38-66-48-29-69-0-50-17-10-28-56-51-41-36-22-13-20-52-8-26-1-68-9-16*47-53-46-40-4-25-57-51-64-52-20-17-61-60-44-14-2-0-23-3-38-18-67-27-12*36-38-66-29-69-18-5-67-27-12-40-7-47-6-63-30-62-49-1-16-26-8-28-56-51-58-57-34-41-45*42-49-1-9-59-11-15-30-62-26-16-55-20-43-50-0-23-29-48-39-65-54-36-22-13*58-34-45-36-22-33-13-20-17-9-68-11-49-26-16-10-52-64-35-51-56-8-55*42-15-30-21-24-62-49-1-59-17-50-23-69-3-66-54-5-37-18-19-22-33-20-55-8-56-6-63*0-3-23-2-14-44-61-17-10-16-26-49-42-62-24-63-6-35-34-45-36-38-18-32-65-19-66-48-39*33-22-38-19-69-0-2-14-44-17-55-8-56-6-47-53-4-25-27-67-65-32-39-18-54-36-45-58-64-52*37-65-67-27-25-57-34-51-64-52-55-16-9-11-15-42-62-24-21-63-6-35-58-33-43-50-2-14-44-60*32-39-48-29-23-50-17-9-11-31-1-26-8-51-41-27-67-37-65-19-66-3-0-69-38-36-45-34-35-57*53-7-4-25-27-67-18-66-3-69-29-48-39-65-5-54-19-38-22-33-20-17-60-44-61-43-13*