4_3_Mumford1_GA_Update_mut_ratio RESULTS EVALUATION:
\
HV:0.7506 | BM:0.7758

\
	Operator	Passenger
\
f1_ATT	33.1747		24.3628
\
f2_TRT	477		924
\
d_0	19.0425		38.4135
\
d_1	44.6721		56.5776
\
d_2	28.6107		5.0089
\
d_un	7.6748		0.0000

\
Best Operator Route set:
\
[[29, 48, 66, 19, 38, 36, 45, 34, 35, 51],
[28, 8, 51, 34, 41, 45, 36, 54, 32, 39],
[57, 35, 51, 8, 26, 1, 31, 11, 9, 68],
[2, 0, 23, 69, 3, 66, 19, 38, 22, 33],
[10, 55, 52, 64, 58, 45, 36, 54, 18, 39],
[4, 25, 12, 41, 45, 22, 13, 50, 2, 14],
[37, 65, 5, 67, 27, 25, 4, 7, 40, 46],
[10, 55, 52, 64, 58, 45, 36, 54, 5, 37],
[20, 55, 10, 16, 26, 30, 24, 21, 63, 6],
[44, 60, 61, 17, 10, 16, 26, 30, 24, 21],
[59, 10, 8, 28, 56, 6, 47, 53, 40, 46],
[43, 20, 55, 10, 16, 26, 49, 15, 62, 42],
[2, 0, 23, 69, 3, 66, 19, 38, 22, 33],
[20, 55, 10, 16, 26, 30, 24, 21, 63, 6],
[29, 48, 66, 19, 38, 36, 45, 34, 35, 51]]

\
Best Passenger Route set:
\
[[66, 29, 3, 69, 23, 50, 43, 17, 59, 1, 49, 42, 15, 62],
[6, 63, 21, 24, 30, 26, 8, 51, 58, 45, 36, 54, 18, 39, 48, 69, 0, 2, 14],
[8, 28, 10, 59, 11, 9, 17, 20, 33, 22, 38, 19, 18, 32, 37],
[47, 53, 4, 25, 34, 57, 35, 51, 8, 26, 30, 42],
[14, 44, 60, 17, 20, 52, 64, 58, 41, 12, 4, 40, 46],
[41, 57, 25, 27, 67, 37, 65, 5, 54, 19, 22, 13, 43, 20, 10, 16, 26, 49, 15, 42],
[40, 7, 47, 6, 56, 28, 8, 55, 17, 61, 44, 14],
[69, 18, 39, 65, 37, 67, 27, 41, 34, 51, 8, 26, 1, 31, 9],
[9, 16, 26, 62, 42, 24, 63, 6, 35, 34, 41, 27, 12],
[21, 63, 6, 35, 34, 45, 36, 38, 66, 69, 19, 22, 13, 33, 58, 57, 51, 56],
[38, 66, 48, 29, 3, 69, 23, 50, 43, 20, 10, 16, 26, 30, 62, 21, 24],
[22, 36, 19, 29, 3, 69, 23, 50, 43, 61, 60, 44, 17, 9],
[15, 11, 68, 9, 59, 17, 50, 0, 23, 69, 38, 36, 41, 25, 4, 7, 46, 53],
[9, 68, 11, 1, 26, 8, 56, 6, 47, 53, 7, 40, 46],
[61, 14, 2, 50, 13, 22, 45, 41, 25, 4, 40, 7, 47]]

\
Best Operator Route set string:
\
29-48-66-19-38-36-45-34-35-51*28-8-51-34-41-45-36-54-32-39*57-35-51-8-26-1-31-11-9-68*2-0-23-69-3-66-19-38-22-33*10-55-52-64-58-45-36-54-18-39*4-25-12-41-45-22-13-50-2-14*37-65-5-67-27-25-4-7-40-46*10-55-52-64-58-45-36-54-5-37*20-55-10-16-26-30-24-21-63-6*44-60-61-17-10-16-26-30-24-21*59-10-8-28-56-6-47-53-40-46*43-20-55-10-16-26-49-15-62-42*2-0-23-69-3-66-19-38-22-33*20-55-10-16-26-30-24-21-63-6*29-48-66-19-38-36-45-34-35-51*

\
Best Passenger Route set sting:
\
66-29-3-69-23-50-43-17-59-1-49-42-15-62*6-63-21-24-30-26-8-51-58-45-36-54-18-39-48-69-0-2-14*8-28-10-59-11-9-17-20-33-22-38-19-18-32-37*47-53-4-25-34-57-35-51-8-26-30-42*14-44-60-17-20-52-64-58-41-12-4-40-46*41-57-25-27-67-37-65-5-54-19-22-13-43-20-10-16-26-49-15-42*40-7-47-6-56-28-8-55-17-61-44-14*69-18-39-65-37-67-27-41-34-51-8-26-1-31-9*9-16-26-62-42-24-63-6-35-34-41-27-12*21-63-6-35-34-45-36-38-66-69-19-22-13-33-58-57-51-56*38-66-48-29-3-69-23-50-43-20-10-16-26-30-62-21-24*22-36-19-29-3-69-23-50-43-61-60-44-17-9*15-11-68-9-59-17-50-0-23-69-38-36-41-25-4-7-46-53*9-68-11-1-26-8-56-6-47-53-7-40-46*61-14-2-50-13-22-45-41-25-4-40-7-47*