33_3_Mumford1__ALL_param RESULTS EVALUATION:
\
HV:0.7599 | BM:0.7758

\
	Operator	Passenger
\
f1_ATT	31.1792		23.0820
\
f2_TRT	519		1515
\
d_0	20.3731		51.7903
\
d_1	45.9996		47.0031
\
d_2	28.9886		1.2065
\
d_un	4.6387		0.0000

\
Best Operator Route set:
\
[[9, 68, 1, 26, 16, 10, 8, 51, 35, 57],
[40, 7, 4, 12, 27, 41, 34, 51, 35, 64],
[53, 7, 46, 40, 4, 25, 12, 41, 58, 51],
[56, 8, 28, 10, 20, 33, 22, 19, 54, 5],
[48, 29, 3, 23, 50, 17, 61, 60, 44, 14],
[64, 51, 35, 6, 47, 7, 53, 4, 12, 25],
[37, 65, 32, 18, 54, 36, 45, 41, 34, 57],
[59, 9, 11, 31, 1, 49, 15, 42, 30, 26],
[20, 10, 17, 61, 43, 33, 58, 51, 35, 64],
[19, 38, 36, 45, 58, 51, 56, 8, 26, 1],
[3, 69, 0, 2, 50, 13, 22, 45, 58, 51],
[28, 8, 10, 55, 52, 64, 58, 34, 41, 35],
[10, 16, 1, 49, 15, 42, 62, 24, 21, 63],
[69, 3, 66, 19, 54, 65, 37, 67, 27, 25],
[5, 65, 39, 48, 29, 3, 38, 66, 19, 54]]

\
Best Passenger Route set:
\
[[46, 40, 12, 27, 25, 41, 36, 19, 38, 69, 0, 2, 50, 33, 58, 51, 56, 28, 8, 26, 49, 11, 68, 9],
[28, 8, 56, 6, 63, 21, 62, 49, 11, 9, 17, 43, 13, 22, 36, 45, 41, 35, 51, 34, 57, 58, 33],
[18, 54, 38, 3, 0, 50, 43, 20, 55, 8, 26, 30, 24, 62, 42, 15, 11, 9, 68, 59, 10, 52, 64, 58, 41, 25, 4, 7, 40, 46],
[53, 46, 40, 7, 47, 6, 35, 58, 33, 13, 43, 61, 60, 44, 14, 2, 0, 23, 3, 48, 66, 29],
[54, 38, 19, 29, 69, 3, 48, 39, 32, 65, 37, 67, 27, 25, 4, 53, 47, 6, 21, 24, 30, 26, 1, 9, 68, 59, 17, 43, 33, 22],
[19, 18, 65, 39, 48, 29, 69, 3, 66, 38, 22, 33, 20, 55, 16, 1, 49, 15, 42, 24, 30],
[44, 60, 61, 17, 59, 9, 49, 15, 30, 26, 16, 10, 8, 51, 57, 41, 36, 54, 18, 67, 37, 65, 19, 22, 33, 43, 50, 2, 0, 3],
[25, 4, 40, 47, 6, 56, 8, 55, 17, 44, 14, 2, 23, 69, 66, 54, 5, 67, 27, 41, 34, 35, 57],
[43, 13, 22, 38, 54, 18, 39, 48, 29, 3, 66, 19, 36, 41, 12, 4, 7, 46, 40],
[7, 53, 40, 12, 25, 57, 51, 64, 52, 20, 17, 9, 31],
[31, 11, 68, 59, 17, 50, 0, 69, 38, 36, 45, 34, 51, 58, 64, 35, 6, 63, 24, 62, 15],
[43, 17, 59, 1, 16, 10, 20, 13, 22, 19, 69, 18, 39, 32, 54, 36, 41, 35, 6, 63, 24, 42, 49, 26, 8, 51, 64, 52, 55],
[65, 54, 5, 18, 32, 39, 48, 29, 23, 50, 43, 20, 10, 16, 26, 8, 28, 56, 6],
[5, 37, 65, 67, 27, 41, 51, 8, 26, 49, 15, 42, 62, 21, 6, 56, 28, 10, 55, 20, 43, 13, 50, 23, 69, 66, 19, 54, 32, 39],
[61, 14, 2, 0, 23, 69, 66, 18, 37, 5, 54, 36, 45, 58, 64, 52, 55, 16, 1, 31, 11, 49, 26, 30, 63, 6, 35, 51, 41, 12]]

\
Best Operator Route set string:
\
9-68-1-26-16-10-8-51-35-57*40-7-4-12-27-41-34-51-35-64*53-7-46-40-4-25-12-41-58-51*56-8-28-10-20-33-22-19-54-5*48-29-3-23-50-17-61-60-44-14*64-51-35-6-47-7-53-4-12-25*37-65-32-18-54-36-45-41-34-57*59-9-11-31-1-49-15-42-30-26*20-10-17-61-43-33-58-51-35-64*19-38-36-45-58-51-56-8-26-1*3-69-0-2-50-13-22-45-58-51*28-8-10-55-52-64-58-34-41-35*10-16-1-49-15-42-62-24-21-63*69-3-66-19-54-65-37-67-27-25*5-65-39-48-29-3-38-66-19-54*

\
Best Passenger Route set sting:
\
46-40-12-27-25-41-36-19-38-69-0-2-50-33-58-51-56-28-8-26-49-11-68-9*28-8-56-6-63-21-62-49-11-9-17-43-13-22-36-45-41-35-51-34-57-58-33*18-54-38-3-0-50-43-20-55-8-26-30-24-62-42-15-11-9-68-59-10-52-64-58-41-25-4-7-40-46*53-46-40-7-47-6-35-58-33-13-43-61-60-44-14-2-0-23-3-48-66-29*54-38-19-29-69-3-48-39-32-65-37-67-27-25-4-53-47-6-21-24-30-26-1-9-68-59-17-43-33-22*19-18-65-39-48-29-69-3-66-38-22-33-20-55-16-1-49-15-42-24-30*44-60-61-17-59-9-49-15-30-26-16-10-8-51-57-41-36-54-18-67-37-65-19-22-33-43-50-2-0-3*25-4-40-47-6-56-8-55-17-44-14-2-23-69-66-54-5-67-27-41-34-35-57*43-13-22-38-54-18-39-48-29-3-66-19-36-41-12-4-7-46-40*7-53-40-12-25-57-51-64-52-20-17-9-31*31-11-68-59-17-50-0-69-38-36-45-34-51-58-64-35-6-63-24-62-15*43-17-59-1-16-10-20-13-22-19-69-18-39-32-54-36-41-35-6-63-24-42-49-26-8-51-64-52-55*65-54-5-18-32-39-48-29-23-50-43-20-10-16-26-8-28-56-6*5-37-65-67-27-41-51-8-26-49-15-42-62-21-6-56-28-10-55-20-43-13-50-23-69-66-19-54-32-39*61-14-2-0-23-69-66-18-37-5-54-36-45-58-64-52-55-16-1-31-11-49-26-30-63-6-35-51-41-12*