33_2_Mumford0__ALL_param RESULTS EVALUATION:
\
HV:0.7909 | BM:0.8087

\
	Operator	Passenger
\
f1_ATT	34.8767		15.7421
\
f2_TRT	98		674
\
d_0	14.7767		67.3895
\
d_1	28.6942		32.2715
\
d_2	27.4112		0.3390
\
d_un	29.1180		0.0000

\
Best Operator Route set:
\
[[6, 15, 10],
[13, 18, 0, 22, 17],
[17, 12, 8],
[4, 24],
[22, 25, 28],
[2, 27, 7, 20, 24, 1],
[1, 9, 23, 14, 11, 17],
[5, 21, 10, 2, 29],
[0, 26],
[16, 27],
[3, 1],
[12, 19]]

\
Best Passenger Route set:
\
[[22, 18, 0, 28, 25, 11, 3, 4, 24, 7, 20, 14, 23, 1, 9],
[13, 6, 10, 16, 28, 25, 22, 12, 18, 0, 17, 11, 14, 3, 1],
[26, 0, 18, 19, 12, 17, 28, 7, 27, 29, 2, 10, 15, 21],
[23, 9, 1, 24, 4, 20, 7, 16, 27, 2, 29, 15, 21, 10, 6],
[9, 1, 4, 3, 24, 23, 14, 20, 7, 25, 0, 18, 13, 6, 21],
[13, 18, 22, 17, 11, 14, 20, 7, 27, 2, 29, 15, 16, 28],
[17, 11, 3, 1, 23, 9, 14, 20, 24, 4, 7, 25, 0, 12, 8],
[29, 27, 15, 5, 6, 16, 7, 14, 23, 3, 9, 1, 4, 20],
[21, 15, 2, 6, 10, 29, 27, 16, 28, 17, 19, 12, 8, 26],
[21, 6, 13, 18, 0, 26, 8, 12, 19, 22, 17, 11, 3, 1, 9],
[25, 0, 17, 22, 12, 18, 13, 6, 5, 21, 10, 16, 2, 29, 15],
[19, 18, 0, 13, 6, 21, 10, 7, 28, 16, 27, 2, 15, 5]]

\
Best Operator Route set string:
\
6-15-10*13-18-0-22-17*17-12-8*4-24*22-25-28*2-27-7-20-24-1*1-9-23-14-11-17*5-21-10-2-29*0-26*16-27*3-1*12-19*

\
Best Passenger Route set sting:
\
22-18-0-28-25-11-3-4-24-7-20-14-23-1-9*13-6-10-16-28-25-22-12-18-0-17-11-14-3-1*26-0-18-19-12-17-28-7-27-29-2-10-15-21*23-9-1-24-4-20-7-16-27-2-29-15-21-10-6*9-1-4-3-24-23-14-20-7-25-0-18-13-6-21*13-18-22-17-11-14-20-7-27-2-29-15-16-28*17-11-3-1-23-9-14-20-24-4-7-25-0-12-8*29-27-15-5-6-16-7-14-23-3-9-1-4-20*21-15-2-6-10-29-27-16-28-17-19-12-8-26*21-6-13-18-0-26-8-12-19-22-17-11-3-1-9*25-0-17-22-12-18-13-6-5-21-10-16-2-29-15*19-18-0-13-6-21-10-7-28-16-27-2-15-5*