23_3_Mumford1_SA_Mutations RESULTS EVALUATION:
\
HV:0.7534 | BM:0.7758

\
	Operator	Passenger
\
f1_ATT	29.6263		23.0345
\
f2_TRT	534		1482
\
d_0	23.8271		47.8857
\
d_1	53.5659		50.7603
\
d_2	20.2973		1.3540
\
d_un	2.3098		0.0000

\
Best Operator Route set:
\
[[27, 41, 34, 58, 64, 52, 20, 17, 61, 60],
[46, 40, 53, 47, 6, 56, 28, 8, 10, 59],
[32, 39, 18, 54, 36, 45, 58, 51, 35, 6],
[23, 2, 0, 69, 3, 66, 19, 38, 22, 33],
[29, 48, 66, 19, 36, 45, 34, 35, 51, 8, 26, 62],
[4, 25, 12, 41, 45, 22, 13, 50, 2, 14],
[7, 4, 12, 25, 41, 34, 57, 35, 6, 47],
[50, 43, 20, 55, 10, 16, 26, 30, 24, 21],
[63, 21, 24, 30, 26, 16, 10, 17, 61, 60, 44],
[5, 18, 54, 36, 45, 58, 64, 52, 10, 16],
[68, 9, 11, 31, 1, 26, 8, 51, 41, 45],
[49, 26, 16, 10, 55, 20, 33, 22, 19, 66],
[37, 65, 5, 54, 19, 22, 33, 43, 61, 60],
[22, 33, 20, 55, 10, 16, 26, 49, 15, 42],
[12, 25, 27, 41, 36, 54, 18, 5, 37, 67]]

\
Best Passenger Route set:
\
[[20, 10, 28, 56, 51, 57, 34, 41, 36, 19, 66, 3, 69, 23, 50, 33, 58, 35, 6, 47, 7, 40, 53, 4, 12],
[29, 66, 38, 69, 3, 48, 39, 18, 54, 36, 41, 35, 6, 63, 24, 62, 30, 15, 49, 11, 9, 16],
[47, 6, 35, 41, 12, 40, 46, 53, 4, 25, 27, 67, 65, 32, 54, 36, 45, 58, 51, 56, 28, 8, 26, 49, 9],
[46, 7, 4, 12, 41, 45, 22, 13, 43, 17, 20, 52, 64, 58, 57, 35, 6, 63, 21, 62, 42, 49, 9, 59],
[48, 29, 66, 3, 0, 23, 69, 38, 36, 41, 25, 4, 53, 47, 6, 56, 8, 26, 1, 11, 68, 9, 17, 50, 2, 14, 44, 60, 61, 43],
[14, 2, 0, 3, 66, 38, 54, 5, 37, 65, 39, 48, 29, 23, 50, 17, 59, 1, 26, 30, 24, 21, 63],
[38, 3, 66, 54, 19, 69, 0, 2, 14, 44, 60, 17, 55, 8, 56, 6, 63, 21, 62, 49, 1, 11, 68],
[44, 14, 61, 17, 59, 1, 49, 15, 62, 21, 6, 47, 40, 46],
[31, 11, 68, 9, 16, 10, 8, 52, 20, 43, 50, 33, 22, 45, 41, 34, 25, 4, 53],
[5, 37, 32, 18, 69, 0, 50, 43, 20, 10, 16, 26, 62, 42, 30, 63, 6, 47, 53, 7, 4, 12, 25, 57, 51, 34],
[12, 41, 57, 25, 27, 67, 37, 5, 54, 38, 22, 33, 20, 17, 61, 44, 14, 2, 0, 23],
[66, 3, 48, 39, 32, 18, 19, 22, 13, 20, 55, 10, 28, 8, 56, 51, 35, 34],
[19, 38, 18, 67, 27, 41, 58, 64, 52, 10, 59, 68, 9, 1, 26, 8, 51, 35, 34, 45, 36, 22, 33, 13, 43, 17, 61, 60],
[63, 24, 42, 49, 26, 8, 51, 41, 27, 67, 5, 65, 39, 48, 69, 23, 2, 50, 33, 58, 34, 25, 12, 40, 53, 7],
[13, 50, 17, 59, 11, 31, 1, 16, 55, 52, 64, 51, 57, 34, 58, 33, 43, 61, 14, 2]]

\
Best Operator Route set string:
\
27-41-34-58-64-52-20-17-61-60*46-40-53-47-6-56-28-8-10-59*32-39-18-54-36-45-58-51-35-6*23-2-0-69-3-66-19-38-22-33*29-48-66-19-36-45-34-35-51-8-26-62*4-25-12-41-45-22-13-50-2-14*7-4-12-25-41-34-57-35-6-47*50-43-20-55-10-16-26-30-24-21*63-21-24-30-26-16-10-17-61-60-44*5-18-54-36-45-58-64-52-10-16*68-9-11-31-1-26-8-51-41-45*49-26-16-10-55-20-33-22-19-66*37-65-5-54-19-22-33-43-61-60*22-33-20-55-10-16-26-49-15-42*12-25-27-41-36-54-18-5-37-67*

\
Best Passenger Route set sting:
\
20-10-28-56-51-57-34-41-36-19-66-3-69-23-50-33-58-35-6-47-7-40-53-4-12*29-66-38-69-3-48-39-18-54-36-41-35-6-63-24-62-30-15-49-11-9-16*47-6-35-41-12-40-46-53-4-25-27-67-65-32-54-36-45-58-51-56-28-8-26-49-9*46-7-4-12-41-45-22-13-43-17-20-52-64-58-57-35-6-63-21-62-42-49-9-59*48-29-66-3-0-23-69-38-36-41-25-4-53-47-6-56-8-26-1-11-68-9-17-50-2-14-44-60-61-43*14-2-0-3-66-38-54-5-37-65-39-48-29-23-50-17-59-1-26-30-24-21-63*38-3-66-54-19-69-0-2-14-44-60-17-55-8-56-6-63-21-62-49-1-11-68*44-14-61-17-59-1-49-15-62-21-6-47-40-46*31-11-68-9-16-10-8-52-20-43-50-33-22-45-41-34-25-4-53*5-37-32-18-69-0-50-43-20-10-16-26-62-42-30-63-6-47-53-7-4-12-25-57-51-34*12-41-57-25-27-67-37-5-54-38-22-33-20-17-61-44-14-2-0-23*66-3-48-39-32-18-19-22-13-20-55-10-28-8-56-51-35-34*19-38-18-67-27-41-58-64-52-10-59-68-9-1-26-8-51-35-34-45-36-22-33-13-43-17-61-60*63-24-42-49-26-8-51-41-27-67-5-65-39-48-69-23-2-50-33-58-34-25-12-40-53-7*13-50-17-59-11-31-1-16-55-52-64-51-57-34-58-33-43-61-14-2*