3_3_Mumford1_GA_Mutations RESULTS EVALUATION:
\
HV:0.7343 | BM:0.7758

\
	Operator	Passenger
\
f1_ATT	29.9368		22.9980
\
f2_TRT	556		1791
\
d_0	24.8047		54.0165
\
d_1	50.2671		45.0490
\
d_2	22.5364		0.9345
\
d_un	2.3918		0.0000

\
Best Operator Route set:
\
[[26, 16, 10, 55, 20, 43, 50, 23, 69, 29],
[37, 65, 5, 54, 19, 22, 33, 43, 61, 60],
[52, 8, 56, 51, 35, 34, 45, 36, 54, 18, 39],
[0, 2, 50, 43, 20, 55, 10, 16, 26, 30, 24, 21],
[29, 48, 66, 19, 38, 36, 45, 34, 35, 51, 56],
[63, 21, 24, 30, 26, 16, 10, 17, 61, 60, 44],
[67, 37, 18, 54, 36, 45, 58, 64, 51, 8, 26, 62],
[22, 33, 20, 55, 10, 16, 26, 49, 15, 42],
[31, 11, 68, 9, 59, 17, 20, 33, 22, 38, 3],
[4, 25, 12, 41, 45, 22, 13, 50, 2, 14],
[12, 25, 27, 41, 36, 54, 18, 5, 37, 67],
[7, 4, 12, 25, 41, 34, 57, 35, 6, 47],
[32, 65, 39, 18, 54, 36, 45, 34, 57, 35, 51, 56],
[46, 40, 53, 47, 6, 56, 28, 8, 10, 59, 1],
[8, 56, 51, 35, 34, 45, 36, 54, 18, 39]]

\
Best Passenger Route set:
\
[[8, 10, 55, 20, 33, 43, 61, 60, 44, 14, 2, 0, 23, 69, 38, 36, 41, 25, 4, 7, 46, 40, 12, 27, 67, 37, 5, 65, 32, 54],
[69, 48, 39, 32, 54, 19, 36, 22, 33, 58, 41, 12, 25, 4, 53, 7, 47, 6, 56, 8, 55, 10, 59, 9, 68, 11, 1, 31],
[34, 51, 64, 52, 55, 16, 26, 49, 42, 24, 63, 6, 35, 58, 45, 36, 38, 19, 66, 48, 29, 69, 23, 0, 3],
[1, 26, 30, 42, 62, 21, 63, 6, 47, 53, 46, 7, 4, 25, 34, 51, 64, 52, 20, 17, 61, 60, 44, 14, 2, 23, 29, 3, 66, 38],
[30, 63, 6, 56, 8, 28, 10, 55, 16, 26, 1, 31, 11, 9, 68, 59, 17, 20, 33, 22, 38, 19, 66, 3, 69, 29, 48, 39, 65, 37],
[41, 12, 4, 53, 46, 7, 47, 6, 63, 21, 24, 62, 26, 8, 28, 56, 51, 35, 34, 45, 36, 54, 18, 65, 32, 5, 37, 67, 27, 25],
[56, 28, 10, 16, 9, 11, 15, 49, 26, 8, 51, 35, 34, 41, 36, 54, 18, 39, 48, 66, 69, 19, 22, 13, 20, 43, 17, 59, 1, 68],
[23, 50, 0, 69, 48, 39, 65, 32, 18, 67, 37, 5, 54, 19, 38, 22, 33, 20, 17, 9, 68, 59, 11, 49, 42, 30, 24, 21, 6, 35],
[35, 51, 8, 10, 59, 1, 31, 11, 68, 9, 17, 50, 23, 29, 48, 39, 32, 65, 37, 5, 54, 18, 38, 66, 3, 69, 19, 36, 41, 25],
[19, 29, 48, 39, 32, 5, 67, 65, 54, 18, 66, 3, 69, 23, 50, 43, 20, 10, 16, 26, 30, 24, 63, 6, 47, 7, 40, 4, 53, 46],
[12, 27, 25, 57, 35, 58, 33, 13, 50, 0, 2, 14, 44, 61, 17, 55, 10, 16, 26, 30, 21, 24, 62, 15, 49, 11, 68, 9, 1],
[67, 37, 32, 54, 5, 65, 18, 69, 23, 29, 3, 66, 19, 38, 22, 33, 20, 10, 16, 26, 49, 62, 42, 15, 11, 59, 17, 60, 44, 14],
[16, 26, 8, 28, 56, 51, 58, 64, 52, 55, 20, 43, 50, 0, 23, 29, 3, 66, 19, 36, 45, 34, 57, 35, 6, 47, 53, 40, 7, 46],
[0, 23, 2, 50, 17, 10, 52, 64, 58, 45, 36, 38, 19, 65, 37, 5, 67, 27, 41, 34, 35, 51, 8, 26, 1, 9, 68, 11, 31],
[55, 10, 8, 56, 6, 47, 53, 40, 46, 7, 4, 25, 12, 41, 45, 22, 13, 50, 2, 14, 61, 17, 43, 33, 58, 34, 57, 35, 64, 52]]

\
Best Operator Route set string:
\
26-16-10-55-20-43-50-23-69-29*37-65-5-54-19-22-33-43-61-60*52-8-56-51-35-34-45-36-54-18-39*0-2-50-43-20-55-10-16-26-30-24-21*29-48-66-19-38-36-45-34-35-51-56*63-21-24-30-26-16-10-17-61-60-44*67-37-18-54-36-45-58-64-51-8-26-62*22-33-20-55-10-16-26-49-15-42*31-11-68-9-59-17-20-33-22-38-3*4-25-12-41-45-22-13-50-2-14*12-25-27-41-36-54-18-5-37-67*7-4-12-25-41-34-57-35-6-47*32-65-39-18-54-36-45-34-57-35-51-56*46-40-53-47-6-56-28-8-10-59-1*8-56-51-35-34-45-36-54-18-39*

\
Best Passenger Route set sting:
\
8-10-55-20-33-43-61-60-44-14-2-0-23-69-38-36-41-25-4-7-46-40-12-27-67-37-5-65-32-54*69-48-39-32-54-19-36-22-33-58-41-12-25-4-53-7-47-6-56-8-55-10-59-9-68-11-1-31*34-51-64-52-55-16-26-49-42-24-63-6-35-58-45-36-38-19-66-48-29-69-23-0-3*1-26-30-42-62-21-63-6-47-53-46-7-4-25-34-51-64-52-20-17-61-60-44-14-2-23-29-3-66-38*30-63-6-56-8-28-10-55-16-26-1-31-11-9-68-59-17-20-33-22-38-19-66-3-69-29-48-39-65-37*41-12-4-53-46-7-47-6-63-21-24-62-26-8-28-56-51-35-34-45-36-54-18-65-32-5-37-67-27-25*56-28-10-16-9-11-15-49-26-8-51-35-34-41-36-54-18-39-48-66-69-19-22-13-20-43-17-59-1-68*23-50-0-69-48-39-65-32-18-67-37-5-54-19-38-22-33-20-17-9-68-59-11-49-42-30-24-21-6-35*35-51-8-10-59-1-31-11-68-9-17-50-23-29-48-39-32-65-37-5-54-18-38-66-3-69-19-36-41-25*19-29-48-39-32-5-67-65-54-18-66-3-69-23-50-43-20-10-16-26-30-24-63-6-47-7-40-4-53-46*12-27-25-57-35-58-33-13-50-0-2-14-44-61-17-55-10-16-26-30-21-24-62-15-49-11-68-9-1*67-37-32-54-5-65-18-69-23-29-3-66-19-38-22-33-20-10-16-26-49-62-42-15-11-59-17-60-44-14*16-26-8-28-56-51-58-64-52-55-20-43-50-0-23-29-3-66-19-36-45-34-57-35-6-47-53-40-7-46*0-23-2-50-17-10-52-64-58-45-36-38-19-65-37-5-67-27-41-34-35-51-8-26-1-9-68-11-31*55-10-8-56-6-47-53-40-46-7-4-25-12-41-45-22-13-50-2-14-61-17-43-33-58-34-57-35-64-52*