9_5_Mumford3_GA_Mut_prob RESULTS EVALUATION:
\
HV:0.5966 | BM:0.6385

\
	Operator	Passenger
\
f1_ATT	33.6581		28.7992
\
f2_TRT	2388		5946
\
d_0	19.7199		43.2555
\
d_1	57.1659		54.5555
\
d_2	20.9056		2.1889
\
d_un	2.2086		0.0000

\
Best Operator Route set:
\
[[32, 60, 73, 48, 2, 49, 124, 72, 9, 63, 58, 105],
[57, 30, 38, 31, 52, 122, 29, 80, 66, 14, 61, 106],
[6, 45, 73, 48, 97, 11, 1, 118, 52, 89, 113, 98, 28],
[16, 114, 74, 23, 124, 66, 53, 14, 100, 78, 96, 71],
[31, 52, 27, 81, 29, 80, 63, 105, 43, 90, 103, 4],
[6, 73, 48, 97, 79, 11, 1, 118, 52, 89, 113, 90],
[16, 114, 74, 23, 72, 66, 53, 14, 100, 78, 71, 96],
[32, 60, 73, 48, 2, 49, 66, 80, 36, 24, 86, 117, 10],
[102, 106, 61, 53, 66, 49, 2, 79, 0, 101, 88, 125, 35],
[71, 100, 14, 53, 23, 37, 79, 0, 120, 93, 44, 82],
[16, 114, 74, 23, 72, 66, 53, 14, 100, 78, 96, 71],
[83, 50, 92, 126, 73, 48, 2, 23, 53, 14, 61, 115],
[16, 114, 74, 23, 72, 66, 53, 14, 100, 78, 96, 71],
[15, 3, 71, 96, 78, 114, 2, 48, 73, 126, 92, 83],
[16, 114, 74, 23, 72, 66, 53, 14, 100, 78, 96, 71],
[34, 68, 110, 87, 24, 36, 5, 58, 105, 104, 59, 89],
[47, 51, 52, 118, 67, 1, 77, 0, 48, 73, 60, 75],
[54, 51, 52, 122, 94, 29, 80, 66, 14, 61, 108, 115],
[16, 114, 74, 23, 124, 66, 53, 14, 100, 78, 96, 71],
[76, 92, 126, 26, 11, 1, 118, 52, 89, 17, 64, 111],
[76, 83, 50, 92, 126, 48, 2, 23, 53, 61, 108, 102],
[16, 114, 74, 23, 72, 66, 53, 14, 100, 78, 71, 96],
[16, 114, 74, 23, 72, 66, 53, 14, 100, 78, 96, 71],
[16, 114, 74, 23, 72, 66, 53, 14, 100, 78, 96, 71],
[16, 114, 74, 23, 124, 66, 53, 14, 100, 78, 96, 71],
[50, 116, 82, 88, 39, 31, 89, 113, 90, 103, 69, 18],
[32, 60, 73, 48, 2, 49, 72, 70, 9, 80, 63, 36],
[82, 44, 93, 120, 0, 79, 37, 23, 53, 14, 108, 87],
[47, 51, 52, 118, 67, 1, 77, 0, 48, 73, 60, 75],
[83, 50, 92, 126, 48, 2, 23, 53, 14, 61, 108, 115],
[65, 44, 95, 82, 93, 88, 39, 31, 89, 113, 43, 109],
[13, 50, 40, 7, 11, 1, 27, 81, 29, 5, 24, 117],
[16, 114, 74, 23, 72, 66, 53, 14, 100, 78, 96, 71],
[90, 113, 42, 89, 52, 118, 1, 77, 11, 79, 48, 99],
[123, 91, 88, 101, 0, 79, 2, 49, 66, 53, 61, 102],
[32, 60, 73, 48, 2, 49, 72, 70, 9, 80, 63, 36],
[16, 114, 74, 23, 72, 66, 53, 14, 100, 78, 71, 96],
[54, 51, 52, 118, 1, 77, 11, 79, 48, 73, 6, 32],
[16, 114, 74, 23, 72, 66, 53, 14, 100, 78, 71, 96],
[35, 125, 91, 88, 39, 31, 89, 42, 113, 43, 4, 109],
[114, 74, 23, 72, 66, 53, 14, 100, 78, 71, 96, 3],
[16, 114, 74, 23, 72, 66, 53, 14, 100, 78, 71, 96],
[57, 8, 41, 25, 88, 101, 26, 48, 73, 45, 6, 112],
[31, 51, 52, 27, 81, 29, 80, 63, 105, 104, 59, 89],
[16, 114, 74, 23, 72, 66, 53, 14, 100, 78, 71, 96],
[16, 114, 74, 23, 72, 66, 53, 14, 100, 78, 71, 96],
[71, 96, 78, 114, 16, 55, 45, 6, 60, 32, 20, 85, 19],
[59, 89, 52, 118, 67, 1, 11, 79, 48, 73, 60, 75],
[62, 16, 114, 2, 11, 46, 39, 33, 30, 22, 21, 119],
[16, 114, 74, 23, 72, 66, 53, 14, 100, 78, 96, 71],
[59, 89, 51, 52, 118, 1, 77, 11, 0, 48, 73, 60],
[16, 114, 74, 23, 72, 66, 53, 14, 100, 78, 71, 96],
[56, 3, 12, 100, 78, 114, 2, 79, 0, 7, 93, 116],
[16, 114, 74, 23, 72, 66, 53, 14, 100, 78, 71, 96],
[121, 88, 101, 0, 79, 2, 114, 78, 96, 3, 107, 15],
[71, 96, 100, 14, 53, 66, 80, 63, 58, 104, 43, 90],
[56, 12, 100, 78, 114, 2, 79, 0, 7, 120, 93, 116],
[99, 48, 79, 11, 77, 1, 118, 52, 89, 42, 113, 90],
[16, 114, 74, 23, 72, 66, 53, 14, 100, 78, 71, 96],
[34, 68, 84, 110, 87, 24, 36, 5, 58, 104, 59, 89]]

\
Best Passenger Route set:
\
[[101, 93, 88, 82, 65, 116, 44, 120, 0, 79, 2, 23, 72, 14, 61, 87, 110, 84, 68, 34, 56, 12, 3, 71, 96],
[15, 56, 12, 107, 3, 78, 114, 2, 79, 0, 101, 88, 125, 21, 41, 8, 22, 57, 30, 39, 25, 33, 31],
[113, 17, 28, 64, 4, 43, 42, 89, 52, 118, 1, 11, 97, 48, 73, 6, 45, 112, 60, 75, 20, 50, 83, 76, 92],
[87, 110, 68, 34, 56, 12, 3, 71, 78, 114, 2, 79, 0, 101, 88, 121, 91, 82, 116],
[57, 30, 38, 31, 52, 122, 29, 80, 66, 14, 61, 115, 108, 106, 102, 24, 5, 58, 104, 42, 43, 69, 103, 64],
[36, 24, 117, 86, 10, 18, 4, 64, 17, 42, 89, 52, 118, 1, 11, 79, 48, 99, 55, 112, 60, 6, 32, 45],
[91, 88, 39, 38, 47, 54, 30, 41, 33, 31, 51, 52, 122, 94, 29, 80, 66, 14, 100, 12, 56, 68, 34],
[102, 87, 108, 61, 106, 115, 3, 12, 78, 71, 100, 14, 53, 66, 80, 63, 105, 104, 43, 64, 111, 103, 69, 109, 4],
[19, 85, 20, 76, 13, 50, 83, 92, 126, 73, 48, 2, 23, 53, 61, 87, 106, 108, 14, 72, 124, 49, 74, 37],
[74, 114, 78, 12, 56, 34, 68, 84, 87, 106, 61, 53, 23, 37, 2, 11, 46, 39, 33, 30, 22, 21, 41, 8, 119],
[106, 61, 87, 110, 84, 56, 34, 68, 3, 71, 78, 114, 2, 79, 0, 101, 88, 91, 125, 35, 21, 119, 8, 22, 57],
[71, 96, 100, 14, 53, 66, 80, 63, 58, 105, 104, 43, 90, 113, 17, 42, 98],
[32, 20, 92, 83, 13, 50, 40, 7, 11, 1, 27, 29, 5, 36, 24, 86, 18, 104, 59, 113, 43, 90, 42, 17],
[88, 25, 33, 54, 47, 38, 31, 51, 52, 27, 81, 29, 80, 63, 105, 104, 59, 89, 42, 17, 64, 103, 69, 43],
[47, 54, 31, 51, 52, 122, 29, 80, 66, 53, 14, 100, 12, 107, 3, 15, 56, 68, 84, 110, 87, 108, 61, 106, 115],
[102, 108, 115, 106, 87, 61, 53, 23, 37, 2, 79, 0, 101, 88, 91, 125, 22, 21, 35, 123, 95, 82, 65, 116, 40],
[110, 68, 34, 56, 12, 3, 96, 78, 114, 16, 55, 60, 32, 20, 85, 19, 13, 95, 44, 116, 120, 26, 93, 101, 65],
[87, 24, 117, 10, 69, 43, 113, 42, 89, 31, 33, 30, 22, 119],
[20, 76, 85, 19, 32, 60, 73, 48, 2, 49, 124, 70, 80, 5, 24, 86, 117, 10, 18, 69, 4, 109, 103, 28],
[36, 24, 86, 117, 10, 109, 69, 43, 90, 113, 89, 31, 39, 88, 82, 44, 116, 120, 26, 40, 7, 0, 101, 65, 95],
[22, 8, 21, 57, 30, 54, 51, 52, 118, 1, 77, 11, 2, 74, 114, 16, 62, 112, 55, 60, 32, 126, 73, 99],
[17, 90, 103, 109, 18, 69, 43, 113, 42, 89, 51, 31, 39, 88, 82, 95, 44, 40, 65, 116, 93, 120, 101, 7, 26],
[27, 118, 46, 39, 25, 38, 51, 52, 122, 94, 81, 9, 80, 63, 105, 104, 59, 89, 17, 113, 90, 43, 103, 4],
[8, 22, 41, 57, 30, 39, 46, 11, 2, 23, 53, 14, 108, 61, 115, 3, 12, 78, 114, 74, 37, 97, 79, 48],
[117, 10, 86, 24, 36, 5, 80, 66, 49, 2, 48, 126, 92, 85, 76, 83, 50, 40, 116, 101, 7, 0, 97, 11, 79],
[119, 21, 22, 8, 41, 30, 33, 39, 46, 11, 79, 2, 49, 72, 66, 80, 5, 24, 117, 86, 10, 69, 103, 64, 28],
[103, 69, 109, 18, 4, 43, 105, 63, 80, 66, 49, 2, 48, 73, 60, 75, 20, 85, 76, 92, 50, 83, 13],
[8, 35, 91, 82, 93, 120, 0, 79, 2, 23, 53, 14, 61, 87, 110],
[107, 15, 12, 3, 115, 106, 102, 87, 108, 61, 53, 23, 2, 11, 1, 118, 52, 89, 17, 43, 69, 4, 103, 109, 18],
[121, 91, 125, 123, 35, 21, 8, 41, 25, 88, 101, 26, 48, 73, 99, 55, 16, 62, 112, 60, 32, 45, 6],
[110, 84, 68, 34, 56, 12, 100, 78, 114, 2, 79, 11, 46, 39, 30, 22, 119, 21, 57, 8, 41, 33, 38, 54, 47],
[75, 85, 92, 40, 50, 19, 32, 60, 73, 48, 2, 23, 53, 14, 61, 108, 106, 102, 87, 84, 56, 107],
[119, 8, 41, 21, 22, 30, 38, 52, 122, 29, 80, 66, 53, 14, 61, 115, 108, 106, 87, 24, 5, 36, 63, 105, 104],
[81, 67, 77, 0, 11, 97, 37, 2, 114, 16, 112, 6, 73, 48, 26, 101, 88, 39, 31, 89, 17, 98, 64, 111],
[3, 15, 107, 12, 78, 114, 16, 112, 6, 45, 73, 48, 97, 11, 46, 39, 30, 22, 8, 119, 21, 125, 91, 123, 35],
[85, 20, 76, 13, 83, 50, 92, 126, 32, 112, 6, 45, 73, 48, 26, 101, 88, 25, 41, 8, 119, 21, 125, 121],
[75, 19, 92, 83, 50, 40, 116, 93, 88, 39, 31, 89, 17, 64, 111, 28, 42, 59, 113, 98, 43, 4, 10, 86, 18],
[47, 54, 38, 31, 51, 52, 27, 94, 81, 29, 80, 63, 105, 104, 59, 89, 113, 90, 42, 28, 17, 43, 98, 103, 64],
[117, 86, 18, 109, 69, 103, 111, 64, 43, 104, 105, 58, 63, 80, 66, 74, 114, 16, 112, 6, 45, 73, 48, 26],
[94, 29, 36, 5, 24, 117, 10, 18, 69, 103, 4, 43, 105, 63, 80, 9, 72, 49, 2, 48, 73, 6, 45, 55, 99],
[107, 15, 12, 3, 56, 84, 110, 87, 24, 5, 29, 122, 52, 38, 33, 30, 22, 119, 21, 8, 57, 41, 25, 91, 88],
[61, 108, 102, 87, 84, 110, 68, 56, 3, 100, 96, 71, 78, 114, 2, 79, 0, 101, 88, 91, 123, 95, 50, 83, 92],
[122, 81, 27, 67, 11, 26, 126, 92, 76, 20, 19, 13, 83, 50, 40, 82, 88, 25, 41, 8, 119, 21, 22],
[69, 4, 109, 18, 104, 43, 98, 28, 64, 17, 42, 89, 51, 31, 39, 88, 82, 65, 50, 83, 76, 20, 85, 75, 19],
[16, 114, 23, 74, 72, 124, 70, 80, 63, 105, 42, 89, 52, 118, 1, 11, 0, 26, 126, 92, 76, 85, 19, 50, 20],
[91, 125, 35, 123, 95, 13, 83, 50, 92, 126, 48, 2, 114, 78, 100, 96, 3, 56, 34, 68, 84, 110, 87, 61, 115],
[61, 108, 87, 24, 117, 86, 18, 104, 43, 113, 98, 64, 28, 17, 42, 89, 52, 118, 1, 77, 11, 0, 48, 73, 99],
[120, 116, 50, 19, 75, 60, 73, 45, 55, 16, 114, 74, 66, 80, 63, 105, 104, 18, 109, 69, 4, 10, 117, 86, 24],
[88, 91, 125, 121, 25, 39, 38, 54, 31, 51, 52, 122, 29, 80, 66, 72, 14, 100, 96, 78, 3, 68, 56, 15, 107],
[68, 56, 12, 107, 15, 3, 71, 100, 14, 66, 80, 29, 94, 122, 52, 51, 47, 54, 31, 33, 39, 46, 67, 1, 118],
[24, 86, 10, 117, 18, 69, 103, 43, 90, 113, 89, 52, 118, 1, 11, 0, 26, 126, 48, 99, 55, 16, 112, 60, 75],
[34, 68, 110, 87, 24, 36, 5, 63, 58, 104, 59, 89, 52, 51, 38, 54, 31, 33, 30, 25, 39, 46, 67, 81, 80],
[75, 20, 76, 85, 92, 83, 50, 116, 65, 82, 88, 39, 31, 89, 113, 90, 103, 69, 4, 64, 28, 17, 98, 43, 42],
[12, 56, 34, 68, 84, 110, 87, 24, 36, 5, 58, 104, 59, 89, 113, 42, 17, 64, 111, 4, 69, 10, 18, 117, 86],
[105, 43, 64, 4, 103, 69, 109, 86, 18, 104, 58, 63, 9, 124, 72, 49, 2, 48, 73, 126, 92, 76, 83, 50, 19],
[41, 30, 33, 39, 38, 47, 54, 51, 52, 122, 29, 9, 70, 66, 14, 100, 12, 56, 15, 107, 3, 96, 78, 71],
[116, 95, 50, 83, 92, 40, 65, 44, 82, 88, 39, 31, 51, 89, 42, 113, 43, 69, 109, 4, 18, 10, 86, 117, 24],
[97, 2, 79, 48, 126, 92, 83, 13, 50, 40, 7, 11, 1, 27, 81, 29, 5, 24, 86, 10, 69, 103, 4, 18, 117],
[124, 23, 114, 78, 12, 107, 15, 3, 100, 14, 53, 66, 80, 63, 58, 105, 104, 59, 17, 64, 4, 69, 109, 103, 111],
[122, 52, 38, 30, 41, 8, 119, 21, 35, 125, 121, 88, 39, 46, 118, 27, 29, 5, 24, 87, 110, 84, 68, 56, 34]]

\
Best Operator Route set string:
\
32-60-73-48-2-49-124-72-9-63-58-105*57-30-38-31-52-122-29-80-66-14-61-106*6-45-73-48-97-11-1-118-52-89-113-98-28*16-114-74-23-124-66-53-14-100-78-96-71*31-52-27-81-29-80-63-105-43-90-103-4*6-73-48-97-79-11-1-118-52-89-113-90*16-114-74-23-72-66-53-14-100-78-71-96*32-60-73-48-2-49-66-80-36-24-86-117-10*102-106-61-53-66-49-2-79-0-101-88-125-35*71-100-14-53-23-37-79-0-120-93-44-82*16-114-74-23-72-66-53-14-100-78-96-71*83-50-92-126-73-48-2-23-53-14-61-115*16-114-74-23-72-66-53-14-100-78-96-71*15-3-71-96-78-114-2-48-73-126-92-83*16-114-74-23-72-66-53-14-100-78-96-71*34-68-110-87-24-36-5-58-105-104-59-89*47-51-52-118-67-1-77-0-48-73-60-75*54-51-52-122-94-29-80-66-14-61-108-115*16-114-74-23-124-66-53-14-100-78-96-71*76-92-126-26-11-1-118-52-89-17-64-111*76-83-50-92-126-48-2-23-53-61-108-102*16-114-74-23-72-66-53-14-100-78-71-96*16-114-74-23-72-66-53-14-100-78-96-71*16-114-74-23-72-66-53-14-100-78-96-71*16-114-74-23-124-66-53-14-100-78-96-71*50-116-82-88-39-31-89-113-90-103-69-18*32-60-73-48-2-49-72-70-9-80-63-36*82-44-93-120-0-79-37-23-53-14-108-87*47-51-52-118-67-1-77-0-48-73-60-75*83-50-92-126-48-2-23-53-14-61-108-115*65-44-95-82-93-88-39-31-89-113-43-109*13-50-40-7-11-1-27-81-29-5-24-117*16-114-74-23-72-66-53-14-100-78-96-71*90-113-42-89-52-118-1-77-11-79-48-99*123-91-88-101-0-79-2-49-66-53-61-102*32-60-73-48-2-49-72-70-9-80-63-36*16-114-74-23-72-66-53-14-100-78-71-96*54-51-52-118-1-77-11-79-48-73-6-32*16-114-74-23-72-66-53-14-100-78-71-96*35-125-91-88-39-31-89-42-113-43-4-109*114-74-23-72-66-53-14-100-78-71-96-3*16-114-74-23-72-66-53-14-100-78-71-96*57-8-41-25-88-101-26-48-73-45-6-112*31-51-52-27-81-29-80-63-105-104-59-89*16-114-74-23-72-66-53-14-100-78-71-96*16-114-74-23-72-66-53-14-100-78-71-96*71-96-78-114-16-55-45-6-60-32-20-85-19*59-89-52-118-67-1-11-79-48-73-60-75*62-16-114-2-11-46-39-33-30-22-21-119*16-114-74-23-72-66-53-14-100-78-96-71*59-89-51-52-118-1-77-11-0-48-73-60*16-114-74-23-72-66-53-14-100-78-71-96*56-3-12-100-78-114-2-79-0-7-93-116*16-114-74-23-72-66-53-14-100-78-71-96*121-88-101-0-79-2-114-78-96-3-107-15*71-96-100-14-53-66-80-63-58-104-43-90*56-12-100-78-114-2-79-0-7-120-93-116*99-48-79-11-77-1-118-52-89-42-113-90*16-114-74-23-72-66-53-14-100-78-71-96*34-68-84-110-87-24-36-5-58-104-59-89*

\
Best Passenger Route set sting:
\
101-93-88-82-65-116-44-120-0-79-2-23-72-14-61-87-110-84-68-34-56-12-3-71-96*15-56-12-107-3-78-114-2-79-0-101-88-125-21-41-8-22-57-30-39-25-33-31*113-17-28-64-4-43-42-89-52-118-1-11-97-48-73-6-45-112-60-75-20-50-83-76-92*87-110-68-34-56-12-3-71-78-114-2-79-0-101-88-121-91-82-116*57-30-38-31-52-122-29-80-66-14-61-115-108-106-102-24-5-58-104-42-43-69-103-64*36-24-117-86-10-18-4-64-17-42-89-52-118-1-11-79-48-99-55-112-60-6-32-45*91-88-39-38-47-54-30-41-33-31-51-52-122-94-29-80-66-14-100-12-56-68-34*102-87-108-61-106-115-3-12-78-71-100-14-53-66-80-63-105-104-43-64-111-103-69-109-4*19-85-20-76-13-50-83-92-126-73-48-2-23-53-61-87-106-108-14-72-124-49-74-37*74-114-78-12-56-34-68-84-87-106-61-53-23-37-2-11-46-39-33-30-22-21-41-8-119*106-61-87-110-84-56-34-68-3-71-78-114-2-79-0-101-88-91-125-35-21-119-8-22-57*71-96-100-14-53-66-80-63-58-105-104-43-90-113-17-42-98*32-20-92-83-13-50-40-7-11-1-27-29-5-36-24-86-18-104-59-113-43-90-42-17*88-25-33-54-47-38-31-51-52-27-81-29-80-63-105-104-59-89-42-17-64-103-69-43*47-54-31-51-52-122-29-80-66-53-14-100-12-107-3-15-56-68-84-110-87-108-61-106-115*102-108-115-106-87-61-53-23-37-2-79-0-101-88-91-125-22-21-35-123-95-82-65-116-40*110-68-34-56-12-3-96-78-114-16-55-60-32-20-85-19-13-95-44-116-120-26-93-101-65*87-24-117-10-69-43-113-42-89-31-33-30-22-119*20-76-85-19-32-60-73-48-2-49-124-70-80-5-24-86-117-10-18-69-4-109-103-28*36-24-86-117-10-109-69-43-90-113-89-31-39-88-82-44-116-120-26-40-7-0-101-65-95*22-8-21-57-30-54-51-52-118-1-77-11-2-74-114-16-62-112-55-60-32-126-73-99*17-90-103-109-18-69-43-113-42-89-51-31-39-88-82-95-44-40-65-116-93-120-101-7-26*27-118-46-39-25-38-51-52-122-94-81-9-80-63-105-104-59-89-17-113-90-43-103-4*8-22-41-57-30-39-46-11-2-23-53-14-108-61-115-3-12-78-114-74-37-97-79-48*117-10-86-24-36-5-80-66-49-2-48-126-92-85-76-83-50-40-116-101-7-0-97-11-79*119-21-22-8-41-30-33-39-46-11-79-2-49-72-66-80-5-24-117-86-10-69-103-64-28*103-69-109-18-4-43-105-63-80-66-49-2-48-73-60-75-20-85-76-92-50-83-13*8-35-91-82-93-120-0-79-2-23-53-14-61-87-110*107-15-12-3-115-106-102-87-108-61-53-23-2-11-1-118-52-89-17-43-69-4-103-109-18*121-91-125-123-35-21-8-41-25-88-101-26-48-73-99-55-16-62-112-60-32-45-6*110-84-68-34-56-12-100-78-114-2-79-11-46-39-30-22-119-21-57-8-41-33-38-54-47*75-85-92-40-50-19-32-60-73-48-2-23-53-14-61-108-106-102-87-84-56-107*119-8-41-21-22-30-38-52-122-29-80-66-53-14-61-115-108-106-87-24-5-36-63-105-104*81-67-77-0-11-97-37-2-114-16-112-6-73-48-26-101-88-39-31-89-17-98-64-111*3-15-107-12-78-114-16-112-6-45-73-48-97-11-46-39-30-22-8-119-21-125-91-123-35*85-20-76-13-83-50-92-126-32-112-6-45-73-48-26-101-88-25-41-8-119-21-125-121*75-19-92-83-50-40-116-93-88-39-31-89-17-64-111-28-42-59-113-98-43-4-10-86-18*47-54-38-31-51-52-27-94-81-29-80-63-105-104-59-89-113-90-42-28-17-43-98-103-64*117-86-18-109-69-103-111-64-43-104-105-58-63-80-66-74-114-16-112-6-45-73-48-26*94-29-36-5-24-117-10-18-69-103-4-43-105-63-80-9-72-49-2-48-73-6-45-55-99*107-15-12-3-56-84-110-87-24-5-29-122-52-38-33-30-22-119-21-8-57-41-25-91-88*61-108-102-87-84-110-68-56-3-100-96-71-78-114-2-79-0-101-88-91-123-95-50-83-92*122-81-27-67-11-26-126-92-76-20-19-13-83-50-40-82-88-25-41-8-119-21-22*69-4-109-18-104-43-98-28-64-17-42-89-51-31-39-88-82-65-50-83-76-20-85-75-19*16-114-23-74-72-124-70-80-63-105-42-89-52-118-1-11-0-26-126-92-76-85-19-50-20*91-125-35-123-95-13-83-50-92-126-48-2-114-78-100-96-3-56-34-68-84-110-87-61-115*61-108-87-24-117-86-18-104-43-113-98-64-28-17-42-89-52-118-1-77-11-0-48-73-99*120-116-50-19-75-60-73-45-55-16-114-74-66-80-63-105-104-18-109-69-4-10-117-86-24*88-91-125-121-25-39-38-54-31-51-52-122-29-80-66-72-14-100-96-78-3-68-56-15-107*68-56-12-107-15-3-71-100-14-66-80-29-94-122-52-51-47-54-31-33-39-46-67-1-118*24-86-10-117-18-69-103-43-90-113-89-52-118-1-11-0-26-126-48-99-55-16-112-60-75*34-68-110-87-24-36-5-63-58-104-59-89-52-51-38-54-31-33-30-25-39-46-67-81-80*75-20-76-85-92-83-50-116-65-82-88-39-31-89-113-90-103-69-4-64-28-17-98-43-42*12-56-34-68-84-110-87-24-36-5-58-104-59-89-113-42-17-64-111-4-69-10-18-117-86*105-43-64-4-103-69-109-86-18-104-58-63-9-124-72-49-2-48-73-126-92-76-83-50-19*41-30-33-39-38-47-54-51-52-122-29-9-70-66-14-100-12-56-15-107-3-96-78-71*116-95-50-83-92-40-65-44-82-88-39-31-51-89-42-113-43-69-109-4-18-10-86-117-24*97-2-79-48-126-92-83-13-50-40-7-11-1-27-81-29-5-24-86-10-69-103-4-18-117*124-23-114-78-12-107-15-3-100-14-53-66-80-63-58-105-104-59-17-64-4-69-109-103-111*122-52-38-30-41-8-119-21-35-125-121-88-39-46-118-27-29-5-24-87-110-84-68-56-34*