33_3_Mumford1__ALL_param RESULTS EVALUATION:
\
HV:0.7601 | BM:0.7758

\
	Operator	Passenger
\
f1_ATT	29.5789		22.9700
\
f2_TRT	530		1733
\
d_0	23.5431		51.2582
\
d_1	55.6924		47.1090
\
d_2	18.9246		1.6328
\
d_un	1.8399		0.0000

\
Best Operator Route set:
\
[[27, 41, 34, 58, 64, 52, 20, 17, 61, 60],
[46, 40, 53, 47, 6, 56, 28, 8, 10, 59],
[39, 32, 18, 54, 36, 45, 58, 51, 35, 6],
[23, 2, 0, 69, 3, 66, 54, 38, 22, 33],
[29, 48, 66, 19, 36, 45, 34, 57, 35, 6],
[4, 25, 41, 36, 54, 18, 5, 65, 37, 67],
[7, 4, 12, 25, 41, 34, 51, 8, 26, 49],
[50, 43, 20, 55, 10, 16, 26, 30, 63, 21],
[21, 24, 30, 26, 16, 10, 17, 61, 60, 44],
[5, 18, 54, 36, 45, 58, 64, 52, 10, 16],
[68, 9, 11, 31, 1, 26, 8, 51, 41, 45],
[66, 19, 22, 33, 20, 55, 10, 16, 26, 62],
[37, 65, 5, 54, 19, 22, 33, 43, 61, 60],
[22, 33, 20, 55, 10, 16, 26, 49, 15, 42],
[12, 25, 27, 41, 45, 22, 13, 50, 2, 14]]

\
Best Passenger Route set:
\
[[31, 11, 1, 49, 62, 24, 21, 63, 6, 56, 51, 58, 33, 22, 38, 18, 65, 37, 5, 54, 19, 66, 69, 48, 39, 32],
[6, 63, 30, 24, 62, 42, 15, 49, 26, 8, 51, 41, 27, 67, 37, 5, 65, 19, 36, 38, 66, 29, 48, 3, 0, 2, 14, 44, 17, 55],
[2, 23, 69, 48, 3, 0, 50, 43, 20, 55, 10, 16, 26, 30, 21],
[68, 59, 10, 52, 64, 58, 33, 13, 43, 50, 23, 29, 48, 66, 19, 36, 41, 25, 4, 53, 46, 7, 40, 47, 6, 63, 21, 30, 15, 42],
[46, 40, 7, 4, 12, 27, 67, 5, 37, 65, 32, 54, 36, 45, 58, 64, 52, 8, 28, 10, 59, 1, 31, 9, 68, 11, 49, 62, 30, 24],
[12, 27, 67, 5, 54, 66, 29, 19, 3, 69, 38, 36, 45, 34, 35, 6, 63, 24, 30, 26, 1, 16, 55, 8, 28, 56, 51, 58],
[44, 14, 2, 0, 69, 38, 22, 13, 43, 17, 9, 11, 31, 1, 26, 8, 51, 34, 25, 27, 67, 5, 54, 18, 37, 32, 39, 65],
[46, 40, 47, 6, 56, 28, 8, 52, 20, 43, 13, 33, 22, 36, 38, 18, 67, 37, 65, 5, 54, 66, 3, 69, 23, 50, 17, 61, 44],
[45, 22, 13, 20, 52, 8, 28, 56, 51, 57, 34, 35, 6, 21, 62, 15, 49, 1, 59, 17, 61, 44, 60, 14, 2, 50, 23, 29, 19, 18],
[48, 66, 19, 22, 13, 50, 43, 61, 14, 44, 60, 17, 20, 52, 64, 51, 35, 57, 25, 12, 4, 7, 47, 6, 63, 21, 24, 42, 30, 62],
[24, 62, 26, 1, 68, 9, 17, 10, 8, 56, 6, 47, 53, 46, 40, 7, 4, 12, 41, 45, 22, 13, 43, 61, 44, 14, 2, 23, 3, 66],
[27, 67, 37, 18, 38, 19, 3, 69, 0, 2, 50, 33, 58, 34, 41, 12, 40, 47, 6, 35, 51, 56, 28, 8, 26, 49, 15, 30, 24],
[46, 40, 12, 25, 27, 67, 65, 32, 39, 18, 54, 19, 22, 33, 20, 10, 16, 26, 8, 56, 6, 47, 53, 7, 4],
[63, 6, 56, 28, 10, 59, 68, 9, 16, 55, 52, 64, 58, 41, 12, 40, 46, 7, 4, 25],
[3, 66, 19, 36, 41, 58, 33, 50, 0, 23, 69, 29, 48, 39, 18, 54, 38, 22, 13, 43, 61, 60, 44, 17, 59, 68, 11, 1, 26, 8]]

\
Best Operator Route set string:
\
27-41-34-58-64-52-20-17-61-60*46-40-53-47-6-56-28-8-10-59*39-32-18-54-36-45-58-51-35-6*23-2-0-69-3-66-54-38-22-33*29-48-66-19-36-45-34-57-35-6*4-25-41-36-54-18-5-65-37-67*7-4-12-25-41-34-51-8-26-49*50-43-20-55-10-16-26-30-63-21*21-24-30-26-16-10-17-61-60-44*5-18-54-36-45-58-64-52-10-16*68-9-11-31-1-26-8-51-41-45*66-19-22-33-20-55-10-16-26-62*37-65-5-54-19-22-33-43-61-60*22-33-20-55-10-16-26-49-15-42*12-25-27-41-45-22-13-50-2-14*

\
Best Passenger Route set sting:
\
31-11-1-49-62-24-21-63-6-56-51-58-33-22-38-18-65-37-5-54-19-66-69-48-39-32*6-63-30-24-62-42-15-49-26-8-51-41-27-67-37-5-65-19-36-38-66-29-48-3-0-2-14-44-17-55*2-23-69-48-3-0-50-43-20-55-10-16-26-30-21*68-59-10-52-64-58-33-13-43-50-23-29-48-66-19-36-41-25-4-53-46-7-40-47-6-63-21-30-15-42*46-40-7-4-12-27-67-5-37-65-32-54-36-45-58-64-52-8-28-10-59-1-31-9-68-11-49-62-30-24*12-27-67-5-54-66-29-19-3-69-38-36-45-34-35-6-63-24-30-26-1-16-55-8-28-56-51-58*44-14-2-0-69-38-22-13-43-17-9-11-31-1-26-8-51-34-25-27-67-5-54-18-37-32-39-65*46-40-47-6-56-28-8-52-20-43-13-33-22-36-38-18-67-37-65-5-54-66-3-69-23-50-17-61-44*45-22-13-20-52-8-28-56-51-57-34-35-6-21-62-15-49-1-59-17-61-44-60-14-2-50-23-29-19-18*48-66-19-22-13-50-43-61-14-44-60-17-20-52-64-51-35-57-25-12-4-7-47-6-63-21-24-42-30-62*24-62-26-1-68-9-17-10-8-56-6-47-53-46-40-7-4-12-41-45-22-13-43-61-44-14-2-23-3-66*27-67-37-18-38-19-3-69-0-2-50-33-58-34-41-12-40-47-6-35-51-56-28-8-26-49-15-30-24*46-40-12-25-27-67-65-32-39-18-54-19-22-33-20-10-16-26-8-56-6-47-53-7-4*63-6-56-28-10-59-68-9-16-55-52-64-58-41-12-40-46-7-4-25*3-66-19-36-41-58-33-50-0-23-69-29-48-39-18-54-38-22-13-43-61-60-44-17-59-68-11-1-26-8*