33_3_Mumford1__ALL_param RESULTS EVALUATION:
\
HV:0.7588 | BM:0.7758

\
	Operator	Passenger
\
f1_ATT	26.6078		23.0882
\
f2_TRT	521		1707
\
d_0	24.8213		51.8012
\
d_1	58.5545		46.2929
\
d_2	16.0152		1.9059
\
d_un	0.6090		0.0000

\
Best Operator Route set:
\
[[49, 26, 8, 51, 34, 41, 27, 67, 37, 65],
[55, 10, 17, 61, 14, 2, 0, 69, 38, 19],
[57, 35, 51, 64, 52, 20, 17, 61, 60, 44],
[53, 4, 25, 27, 67, 5, 54, 66, 69, 23],
[46, 40, 7, 4, 12, 41, 45, 22, 33, 43],
[17, 59, 1, 49, 15, 42, 62, 26, 16, 10],
[63, 6, 35, 34, 45, 36, 38, 66, 3, 48],
[39, 18, 54, 19, 38, 22, 33, 58, 51, 56],
[52, 64, 58, 45, 36, 54, 18, 65, 37, 5],
[9, 68, 11, 49, 1, 26, 30, 24, 21, 63],
[26, 16, 10, 20, 43, 50, 23, 69, 3, 29],
[7, 53, 47, 6, 56, 8, 10, 59, 68, 9],
[68, 9, 11, 31, 1, 26, 8, 28, 10, 55],
[26, 49, 1, 16, 10, 55, 52, 64, 58, 41],
[11, 68, 9, 17, 43, 13, 22, 38, 54, 32]]

\
Best Passenger Route set:
\
[[53, 47, 6, 63, 21, 24, 30, 26, 16, 1, 11, 68, 9, 17, 43, 13, 22, 45, 41, 12, 40, 46, 7, 4, 25, 57, 34, 51, 56, 28],
[0, 2, 50, 13, 20, 55, 10, 16, 26, 1, 31, 11, 9, 59, 17, 43, 33, 22, 38, 54, 32, 65, 37, 18, 67, 27, 25, 12, 4, 53],
[7, 53, 46, 40, 47, 6, 56, 8, 55, 17, 44, 14, 2, 23, 69, 18, 65, 67, 5, 32],
[13, 33, 43, 50, 17, 20, 10, 28, 8, 52, 64, 58, 45, 36, 54, 18, 39, 48, 66, 38, 3, 69, 0, 2, 14],
[62, 42, 15, 49, 26, 16, 55, 20, 17, 61, 14, 2, 0, 3, 19, 54, 5, 67, 27, 41, 35, 51, 58, 33, 22, 45, 34, 25, 4, 7],
[61, 43, 13, 20, 55, 52, 64, 35, 6, 63, 24, 30, 26, 16, 10, 17, 50, 23, 69, 66, 19, 36, 41, 25, 4, 7, 40, 46],
[7, 47, 53, 4, 12, 25, 57, 35, 64, 52, 10, 16, 1, 49, 15, 62, 24, 63, 6, 56, 51],
[56, 28, 8, 26, 30, 63, 6, 47, 53, 4, 25, 41, 51, 64, 52, 20, 13, 22, 19, 66, 29, 69, 38, 3, 48, 39, 65, 37, 67, 27],
[57, 35, 34, 45, 36, 54, 66, 69, 0, 50, 33, 58, 64, 51, 41, 25, 27, 67, 37, 65, 5, 32, 39, 18, 38, 19, 22, 13],
[29, 23, 0, 69, 48, 3, 66, 19, 36, 41, 57, 51, 56, 8, 10, 59, 68, 9, 16, 26, 62, 30, 42, 24, 21, 63],
[44, 60, 61, 17, 50, 23, 3, 29, 48, 39, 32, 5, 37, 65, 54, 36, 41, 27],
[34, 57, 25, 27, 67, 5, 54, 18, 66, 19, 38, 36, 45, 58, 35, 6, 63, 21, 24, 62, 42, 49, 11, 31, 9, 59, 10, 55, 52, 64],
[39, 32, 54, 36, 41, 35, 6, 21, 30, 15, 42, 49, 26, 16, 10, 20, 33, 22, 19, 18, 65, 37, 67, 27, 25, 57, 51, 8, 52, 55],
[47, 53, 46, 40, 7, 4, 12, 27, 25, 41, 34, 35, 51, 64, 52, 20, 17, 60, 14, 2, 50, 13, 22, 38, 54, 18, 5, 37, 32],
[67, 18, 38, 22, 33, 43, 61, 60, 14, 44, 17, 59, 11, 1, 9, 49, 26, 8, 51, 34, 25, 12, 27, 41, 58, 64, 52, 55, 10, 16]]

\
Best Operator Route set string:
\
49-26-8-51-34-41-27-67-37-65*55-10-17-61-14-2-0-69-38-19*57-35-51-64-52-20-17-61-60-44*53-4-25-27-67-5-54-66-69-23*46-40-7-4-12-41-45-22-33-43*17-59-1-49-15-42-62-26-16-10*63-6-35-34-45-36-38-66-3-48*39-18-54-19-38-22-33-58-51-56*52-64-58-45-36-54-18-65-37-5*9-68-11-49-1-26-30-24-21-63*26-16-10-20-43-50-23-69-3-29*7-53-47-6-56-8-10-59-68-9*68-9-11-31-1-26-8-28-10-55*26-49-1-16-10-55-52-64-58-41*11-68-9-17-43-13-22-38-54-32*

\
Best Passenger Route set sting:
\
53-47-6-63-21-24-30-26-16-1-11-68-9-17-43-13-22-45-41-12-40-46-7-4-25-57-34-51-56-28*0-2-50-13-20-55-10-16-26-1-31-11-9-59-17-43-33-22-38-54-32-65-37-18-67-27-25-12-4-53*7-53-46-40-47-6-56-8-55-17-44-14-2-23-69-18-65-67-5-32*13-33-43-50-17-20-10-28-8-52-64-58-45-36-54-18-39-48-66-38-3-69-0-2-14*62-42-15-49-26-16-55-20-17-61-14-2-0-3-19-54-5-67-27-41-35-51-58-33-22-45-34-25-4-7*61-43-13-20-55-52-64-35-6-63-24-30-26-16-10-17-50-23-69-66-19-36-41-25-4-7-40-46*7-47-53-4-12-25-57-35-64-52-10-16-1-49-15-62-24-63-6-56-51*56-28-8-26-30-63-6-47-53-4-25-41-51-64-52-20-13-22-19-66-29-69-38-3-48-39-65-37-67-27*57-35-34-45-36-54-66-69-0-50-33-58-64-51-41-25-27-67-37-65-5-32-39-18-38-19-22-13*29-23-0-69-48-3-66-19-36-41-57-51-56-8-10-59-68-9-16-26-62-30-42-24-21-63*44-60-61-17-50-23-3-29-48-39-32-5-37-65-54-36-41-27*34-57-25-27-67-5-54-18-66-19-38-36-45-58-35-6-63-21-24-62-42-49-11-31-9-59-10-55-52-64*39-32-54-36-41-35-6-21-30-15-42-49-26-16-10-20-33-22-19-18-65-37-67-27-25-57-51-8-52-55*47-53-46-40-7-4-12-27-25-41-34-35-51-64-52-20-17-60-14-2-50-13-22-38-54-18-5-37-32*67-18-38-22-33-43-61-60-14-44-17-59-11-1-9-49-26-8-51-34-25-12-27-41-58-64-52-55-10-16*