23_2_Mumford0_SA_Mutations RESULTS EVALUATION:
\
HV:0.8019 | BM:0.8087

\
	Operator	Passenger
\
f1_ATT	34.8767		15.8266
\
f2_TRT	98		436
\
d_0	14.7767		62.0704
\
d_1	28.6942		37.1054
\
d_2	27.4112		0.8242
\
d_un	29.1180		0.0000

\
Best Operator Route set:
\
[[6, 15, 10],
[13, 18, 0, 22, 17],
[17, 12, 8],
[4, 24],
[22, 25, 28],
[2, 27, 7, 20, 24, 1],
[1, 9, 23, 14, 11, 17],
[5, 21, 10, 2, 29],
[0, 26],
[16, 27],
[3, 1],
[12, 19]]

\
Best Passenger Route set:
\
[[23, 3, 11, 17, 0, 22],
[14, 4, 1, 3, 23, 20, 7, 16, 6, 21, 5],
[9, 1, 24, 4, 7, 28, 0, 26, 8],
[24, 23, 14, 11, 25, 28, 17],
[8, 12, 19, 17, 28, 16, 15, 10, 2, 29, 27, 7, 14, 23, 9],
[13, 18, 22, 25, 7, 24, 14, 11, 17, 12, 8, 26],
[28, 7, 10, 21, 5],
[12, 0, 19, 22, 25, 28, 16, 15, 21],
[3, 14, 7, 20, 24, 4, 23],
[22, 25, 7, 2, 16, 27, 10, 6, 15],
[3, 4, 23, 20, 7, 25, 0, 18, 12, 8, 19, 22],
[14, 9, 1, 3, 11, 17, 22, 18, 0, 13, 6, 5, 21]]

\
Best Operator Route set string:
\
6-15-10*13-18-0-22-17*17-12-8*4-24*22-25-28*2-27-7-20-24-1*1-9-23-14-11-17*5-21-10-2-29*0-26*16-27*3-1*12-19*

\
Best Passenger Route set sting:
\
23-3-11-17-0-22*14-4-1-3-23-20-7-16-6-21-5*9-1-24-4-7-28-0-26-8*24-23-14-11-25-28-17*8-12-19-17-28-16-15-10-2-29-27-7-14-23-9*13-18-22-25-7-24-14-11-17-12-8-26*28-7-10-21-5*12-0-19-22-25-28-16-15-21*3-14-7-20-24-4-23*22-25-7-2-16-27-10-6-15*3-4-23-20-7-25-0-18-12-8-19-22*14-9-1-3-11-17-22-18-0-13-6-5-21*