33_2_Mumford0__ALL_param RESULTS EVALUATION:
\
HV:0.8002 | BM:0.8087

\
	Operator	Passenger
\
f1_ATT	34.8767		15.5366
\
f2_TRT	98		623
\
d_0	14.7767		69.4295
\
d_1	28.6942		30.5705
\
d_2	27.4112		0.0000
\
d_un	29.1180		0.0000

\
Best Operator Route set:
\
[[6, 15, 10],
[13, 18, 0, 22, 17],
[17, 12, 8],
[4, 24],
[22, 25, 28],
[2, 27, 7, 20, 24, 1],
[1, 9, 23, 14, 11, 17],
[5, 21, 10, 2, 29],
[0, 26],
[16, 27],
[3, 1],
[12, 19]]

\
Best Passenger Route set:
\
[[22, 17, 18, 0, 25, 11, 3, 4, 24, 7, 16],
[6, 21, 15, 29, 27, 16, 2, 7, 20, 23, 3, 9],
[26, 0, 22, 19, 12, 17, 28, 7, 20, 4, 3, 1, 9, 14],
[23, 9, 1, 24, 20, 7, 28, 0, 13, 6, 16, 27, 29],
[6, 10, 7, 2, 29, 27, 16, 28, 17, 19, 12, 8, 26],
[10, 15, 27, 7, 14, 11, 17, 22, 0, 13, 6, 2, 29],
[17, 11, 3, 23, 14, 20, 4, 7, 25, 0, 18, 12, 8, 19],
[21, 10, 7, 27, 15, 5, 6, 13, 18, 22, 17, 0, 25, 28, 16],
[21, 6, 16, 28, 25, 22, 18, 12, 19, 17, 11, 14, 23, 1],
[9, 1, 3, 11, 17, 22, 19, 12, 8, 26, 0, 18, 13, 6, 2],
[29, 2, 21, 5, 6, 16, 7, 14, 23, 9, 3, 4, 20],
[8, 12, 0, 13, 6, 10, 16, 27, 2, 15, 5]]

\
Best Operator Route set string:
\
6-15-10*13-18-0-22-17*17-12-8*4-24*22-25-28*2-27-7-20-24-1*1-9-23-14-11-17*5-21-10-2-29*0-26*16-27*3-1*12-19*

\
Best Passenger Route set sting:
\
22-17-18-0-25-11-3-4-24-7-16*6-21-15-29-27-16-2-7-20-23-3-9*26-0-22-19-12-17-28-7-20-4-3-1-9-14*23-9-1-24-20-7-28-0-13-6-16-27-29*6-10-7-2-29-27-16-28-17-19-12-8-26*10-15-27-7-14-11-17-22-0-13-6-2-29*17-11-3-23-14-20-4-7-25-0-18-12-8-19*21-10-7-27-15-5-6-13-18-22-17-0-25-28-16*21-6-16-28-25-22-18-12-19-17-11-14-23-1*9-1-3-11-17-22-19-12-8-26-0-18-13-6-2*29-2-21-5-6-16-7-14-23-9-3-4-20*8-12-0-13-6-10-16-27-2-15-5*