9_2_Mumford0_GA_Mut_prob RESULTS EVALUATION:
\
HV:0.8275 | BM:0.8087

\
	Operator	Passenger
\
f1_ATT	28.6447		14.9969
\
f2_TRT	95		590
\
d_0	18.4884		78.8315
\
d_1	39.1367		21.1685
\
d_2	32.3445		0.0000
\
d_un	10.0304		0.0000

\
Best Operator Route set:
\
[[6, 10, 15],
[13, 18, 0, 22, 17],
[17, 19, 12],
[4, 24],
[0, 25, 28],
[2, 29],
[1, 3],
[5, 21, 10, 2, 27, 7, 20, 24, 14, 11, 17],
[0, 26],
[16, 27],
[9, 1, 23, 14],
[12, 8]]

\
Best Passenger Route set:
\
[[6, 15, 16, 7, 20, 4, 1, 9, 3, 11, 17, 22, 18, 0, 26],
[12, 19, 22, 0, 13, 6, 5, 21, 10, 27, 7, 14, 1, 3, 9],
[25, 28, 7, 4, 24, 23, 9, 1, 3, 11, 17, 0, 13, 6, 5],
[26, 8, 19, 18, 13, 6, 10, 29, 2, 7, 14, 23, 9],
[3, 1, 23, 14, 11, 17, 19, 12, 8, 26, 0, 13, 6, 21],
[23, 9, 1, 3, 11, 17, 22, 25, 7, 20, 24],
[8, 12, 19, 22, 25, 28, 16, 15, 10, 27, 7, 20, 14, 11],
[26, 8, 12, 17, 28, 16, 27, 2, 29, 15, 21],
[8, 12, 0, 18, 13, 6, 15, 2, 29],
[2, 29, 27, 7, 24, 3, 1, 9, 23, 14, 11, 17, 22, 18, 0],
[13, 18, 0, 25, 28, 16, 6, 5, 21, 2, 7, 24, 3, 23],
[14, 24, 4, 1, 3, 9, 23, 20, 7, 16, 6, 5, 21, 15, 10]]

\
Best Operator Route set string:
\
6-10-15*13-18-0-22-17*17-19-12*4-24*0-25-28*2-29*1-3*5-21-10-2-27-7-20-24-14-11-17*0-26*16-27*9-1-23-14*12-8*

\
Best Passenger Route set sting:
\
6-15-16-7-20-4-1-9-3-11-17-22-18-0-26*12-19-22-0-13-6-5-21-10-27-7-14-1-3-9*25-28-7-4-24-23-9-1-3-11-17-0-13-6-5*26-8-19-18-13-6-10-29-2-7-14-23-9*3-1-23-14-11-17-19-12-8-26-0-13-6-21*23-9-1-3-11-17-22-25-7-20-24*8-12-19-22-25-28-16-15-10-27-7-20-14-11*26-8-12-17-28-16-27-2-29-15-21*8-12-0-18-13-6-15-2-29*2-29-27-7-24-3-1-9-23-14-11-17-22-18-0*13-18-0-25-28-16-6-5-21-2-7-24-3-23*14-24-4-1-3-9-23-20-7-16-6-5-21-15-10*