13_2_Mumford0_GA_Stat_long_run RESULTS EVALUATION:
\
HV:0.8557 | BM:0.8087

\
	Operator	Passenger
\
f1_ATT	27.3466		14.3239
\
f2_TRT	94		617
\
d_0	21.5279		84.9719
\
d_1	38.8327		15.0281
\
d_2	27.7326		0.0000
\
d_un	11.9067		0.0000

\
Best Operator Route set:
\
[[13, 6, 10, 15],
[0, 22, 17, 11, 14, 20, 7, 27, 2, 10, 21, 5],
[17, 19],
[4, 24],
[22, 25, 28],
[2, 29],
[9, 3, 23, 14, 24],
[18, 0],
[0, 26],
[16, 27],
[3, 1],
[8, 12, 19]]

\
Best Passenger Route set:
\
[[9, 1, 3, 11, 17, 22, 0, 13, 6, 5, 21, 2, 29, 10, 16],
[5, 15, 27, 7, 24, 1, 3, 9],
[23, 24, 4, 20, 7, 25, 0, 18, 12, 19, 17, 28, 16, 15, 10],
[1, 3, 23, 20, 24, 14, 11, 17, 12, 8, 19, 0],
[21, 15, 16, 28, 25, 11, 14, 7, 27, 29, 2, 6],
[29, 2, 27, 7, 25, 22, 19, 12, 18, 13, 6, 21, 5],
[5, 6, 16, 7, 4, 3, 1, 23, 14, 11, 17, 22, 18, 0, 26],
[15, 6, 13, 18, 0, 28, 16, 27, 29, 2, 7, 24, 3, 1, 9],
[13, 6, 16, 7, 14, 23, 9, 3, 11, 17, 19, 18, 0, 26],
[8, 12, 18, 13, 6, 10, 2, 29, 27, 16, 28, 17, 22, 25, 7],
[29, 2, 15, 10, 27, 7, 28, 0, 26, 8, 12, 22, 25],
[1, 3, 11, 25, 28, 16, 6, 5, 21, 10, 7, 20, 14, 23, 9]]

\
Best Operator Route set string:
\
13-6-10-15*0-22-17-11-14-20-7-27-2-10-21-5*17-19*4-24*22-25-28*2-29*9-3-23-14-24*18-0*0-26*16-27*3-1*8-12-19*

\
Best Passenger Route set sting:
\
9-1-3-11-17-22-0-13-6-5-21-2-29-10-16*5-15-27-7-24-1-3-9*23-24-4-20-7-25-0-18-12-19-17-28-16-15-10*1-3-23-20-24-14-11-17-12-8-19-0*21-15-16-28-25-11-14-7-27-29-2-6*29-2-27-7-25-22-19-12-18-13-6-21-5*5-6-16-7-4-3-1-23-14-11-17-22-18-0-26*15-6-13-18-0-28-16-27-29-2-7-24-3-1-9*13-6-16-7-14-23-9-3-11-17-19-18-0-26*8-12-18-13-6-10-2-29-27-16-28-17-22-25-7*29-2-15-10-27-7-28-0-26-8-12-22-25*1-3-11-25-28-16-6-5-21-10-7-20-14-23-9*