3_3_Mumford1_GA_Mutations RESULTS EVALUATION:
\
HV:0.7184 | BM:0.7758

\
	Operator	Passenger
\
f1_ATT	34.8416		25.8291
\
f2_TRT	463		675
\
d_0	17.5488		32.9576
\
d_1	40.8323		56.1596
\
d_2	28.8318		10.7696
\
d_un	12.7870		0.1132

\
Best Operator Route set:
\
[[57, 35, 51, 8, 26, 1, 68, 9, 11, 31],
[35, 57, 34, 41, 45, 36, 54, 18, 39, 32],
[2, 0, 23, 69, 38, 36, 45, 41, 25, 12],
[37, 65, 5, 67, 27, 25, 4, 7, 40, 46],
[34, 58, 64, 52, 20, 17, 61, 60, 44, 14],
[50, 13, 22, 33, 20, 55, 10, 16, 26, 49],
[62, 42, 15, 49, 26, 16, 10, 55, 52, 64],
[62, 42, 15, 49, 26, 16, 10, 55, 52, 64],
[62, 42, 15, 49, 26, 16, 10, 55, 52, 64],
[62, 42, 15, 49, 26, 16, 10, 55, 52, 64],
[35, 57, 34, 41, 45, 36, 54, 18, 39, 32],
[19, 66, 48, 29, 3, 69, 23, 50, 43, 20],
[46, 40, 53, 47, 6, 56, 28, 8, 10, 59],
[63, 21, 24, 30, 26, 16, 10, 55, 20, 17],
[62, 42, 15, 49, 26, 16, 10, 55, 52, 64]]

\
Best Passenger Route set:
\
[[31, 11, 1, 26, 30, 24, 63, 6, 47, 53],
[26, 8, 51, 58, 45, 36, 38, 19, 66, 48],
[1, 26, 16, 10, 55, 20, 33, 22, 38, 19, 29],
[15, 30, 26, 16, 10, 20, 43, 50, 23, 69, 29, 48, 39, 32],
[14, 2, 50, 13, 22, 45, 41, 12, 4, 40, 46, 53],
[13, 43, 61, 44, 60, 17, 20, 52, 64, 51, 34, 25, 4, 7, 40, 46],
[65, 37, 5, 54, 36, 45, 58, 64, 52, 8, 26, 49, 62],
[14, 44, 17, 10, 8, 28, 56, 6, 47, 53, 40, 46],
[3, 66, 19, 36, 45, 34, 35, 6, 63, 21],
[31, 11, 1, 26, 30, 24, 63, 6, 47, 53],
[0, 23, 69, 38, 36, 45, 41, 12, 4, 53],
[66, 48, 3, 69, 23, 50, 43, 17, 59, 1, 49, 15, 42],
[68, 9, 16, 26, 8, 51, 35, 57, 34, 41, 27, 67],
[68, 59, 11, 1, 16, 55, 52, 64, 58, 45, 36, 54, 18, 32, 39],
[31, 11, 9, 59, 17, 20, 33, 22, 19, 54, 32, 39]]

\
Best Operator Route set string:
\
57-35-51-8-26-1-68-9-11-31*35-57-34-41-45-36-54-18-39-32*2-0-23-69-38-36-45-41-25-12*37-65-5-67-27-25-4-7-40-46*34-58-64-52-20-17-61-60-44-14*50-13-22-33-20-55-10-16-26-49*62-42-15-49-26-16-10-55-52-64*62-42-15-49-26-16-10-55-52-64*62-42-15-49-26-16-10-55-52-64*62-42-15-49-26-16-10-55-52-64*35-57-34-41-45-36-54-18-39-32*19-66-48-29-3-69-23-50-43-20*46-40-53-47-6-56-28-8-10-59*63-21-24-30-26-16-10-55-20-17*62-42-15-49-26-16-10-55-52-64*

\
Best Passenger Route set sting:
\
31-11-1-26-30-24-63-6-47-53*26-8-51-58-45-36-38-19-66-48*1-26-16-10-55-20-33-22-38-19-29*15-30-26-16-10-20-43-50-23-69-29-48-39-32*14-2-50-13-22-45-41-12-4-40-46-53*13-43-61-44-60-17-20-52-64-51-34-25-4-7-40-46*65-37-5-54-36-45-58-64-52-8-26-49-62*14-44-17-10-8-28-56-6-47-53-40-46*3-66-19-36-45-34-35-6-63-21*31-11-1-26-30-24-63-6-47-53*0-23-69-38-36-45-41-12-4-53*66-48-3-69-23-50-43-17-59-1-49-15-42*68-9-16-26-8-51-35-57-34-41-27-67*68-59-11-1-16-55-52-64-58-45-36-54-18-32-39*31-11-9-59-17-20-33-22-19-54-32-39*