23_2_Mumford0_SA_Mutations RESULTS EVALUATION:
\
HV:0.8046 | BM:0.8087

\
	Operator	Passenger
\
f1_ATT	25.8033		15.7262
\
f2_TRT	98		594
\
d_0	20.9054		68.3394
\
d_1	38.8210		30.9943
\
d_2	25.9528		0.6664
\
d_un	14.3208		0.0000

\
Best Operator Route set:
\
[[25, 28],
[29, 2, 10, 21, 5],
[9, 1, 3, 23, 14, 7],
[4, 24],
[16, 7],
[8, 19],
[13, 6, 15, 10, 27, 7, 25, 22, 17, 19, 12],
[24, 14, 20],
[18, 0],
[0, 22],
[26, 0],
[17, 11]]

\
Best Passenger Route set:
\
[[22, 17, 18, 0, 25, 11, 3, 1, 4, 24, 20, 14],
[13, 6, 16, 28, 25, 22, 18, 0, 17, 11, 3, 1, 9],
[22, 19, 12, 17, 28, 25, 7, 16, 27, 10, 15, 6],
[4, 1, 24, 23, 20, 7, 25, 0, 18, 13, 6, 5],
[14, 9, 1, 3, 23, 20, 7, 27, 2, 29, 15, 21, 10, 6],
[6, 13, 18, 0, 22, 17, 11, 14, 7, 27, 10, 15, 21, 2],
[11, 3, 23, 14, 24, 4, 7, 25, 0, 12, 8, 19],
[10, 15, 5, 6, 16, 7, 14, 23, 1, 9, 3, 4, 20],
[5, 6, 2, 15, 21, 10, 29, 27, 16, 28, 17, 19, 8],
[21, 6, 13, 18, 0, 26, 8, 12, 19, 22, 17, 11, 14, 3, 1],
[28, 0, 19, 17, 22, 18, 13, 6, 5, 21, 15, 10, 29, 2, 27],
[12, 19, 18, 0, 13, 6, 21, 10, 7, 16, 2, 15]]

\
Best Operator Route set string:
\
25-28*29-2-10-21-5*9-1-3-23-14-7*4-24*16-7*8-19*13-6-15-10-27-7-25-22-17-19-12*24-14-20*18-0*0-22*26-0*17-11*

\
Best Passenger Route set sting:
\
22-17-18-0-25-11-3-1-4-24-20-14*13-6-16-28-25-22-18-0-17-11-3-1-9*22-19-12-17-28-25-7-16-27-10-15-6*4-1-24-23-20-7-25-0-18-13-6-5*14-9-1-3-23-20-7-27-2-29-15-21-10-6*6-13-18-0-22-17-11-14-7-27-10-15-21-2*11-3-23-14-24-4-7-25-0-12-8-19*10-15-5-6-16-7-14-23-1-9-3-4-20*5-6-2-15-21-10-29-27-16-28-17-19-8*21-6-13-18-0-26-8-12-19-22-17-11-14-3-1*28-0-19-17-22-18-13-6-5-21-15-10-29-2-27*12-19-18-0-13-6-21-10-7-16-2-15*