7_4_Mumford2_GA_Pop_size RESULTS EVALUATION:
\
HV:0.6523 | BM:0.6490

\
	Operator	Passenger
\
f1_ATT	32.3927		26.1496
\
f2_TRT	1819		4485
\
d_0	17.3919		45.1010
\
d_1	55.0098		53.2381
\
d_2	25.6447		1.6609
\
d_un	1.9536		0.0000

\
Best Operator Route set:
\
[[69, 99, 33, 31, 22, 85, 6, 81, 94, 105],
[5, 108, 36, 48, 44, 82, 19, 102, 88, 71],
[30, 26, 82, 19, 22, 85, 6, 81, 94, 105],
[69, 99, 33, 31, 22, 85, 6, 81, 94, 105],
[53, 8, 90, 49, 52, 89, 96, 42, 5, 77],
[72, 92, 67, 93, 35, 8, 62, 103, 16, 47],
[87, 55, 63, 12, 8, 90, 91, 52, 7, 25],
[75, 17, 65, 39, 55, 101, 94, 105, 81, 6],
[80, 38, 63, 53, 8, 90, 49, 52, 89, 109],
[45, 63, 53, 8, 90, 49, 91, 52, 89, 109],
[32, 59, 27, 94, 105, 83, 15, 34, 93, 98],
[1, 0, 87, 55, 101, 94, 105, 81, 6, 24],
[58, 38, 63, 53, 90, 49, 91, 52, 89, 73],
[78, 39, 55, 45, 63, 12, 103, 70, 84, 104],
[78, 39, 55, 45, 63, 12, 103, 70, 84, 104],
[80, 38, 63, 53, 8, 90, 91, 52, 89, 109],
[67, 93, 35, 8, 62, 103, 16, 47, 74, 60],
[57, 106, 73, 96, 64, 92, 9, 23, 33, 102],
[46, 86, 6, 85, 54, 66, 9, 92, 64, 109],
[45, 63, 53, 8, 90, 49, 91, 52, 89, 109],
[29, 43, 30, 26, 82, 19, 22, 85, 6, 81],
[30, 43, 72, 79, 64, 11, 73, 106, 57, 40],
[45, 63, 53, 8, 90, 49, 91, 52, 89, 109],
[58, 38, 63, 53, 90, 49, 91, 52, 89, 73],
[13, 32, 68, 95, 17, 65, 39, 55, 63, 12],
[49, 90, 8, 63, 55, 39, 56, 17, 95, 50],
[6, 85, 54, 3, 93, 100, 52, 10, 40, 37],
[20, 75, 50, 95, 27, 105, 94, 85, 19, 33],
[63, 53, 90, 49, 52, 89, 64, 36, 107, 4],
[61, 1, 0, 87, 55, 45, 63, 53, 90, 91],
[13, 32, 59, 27, 94, 105, 83, 15, 34, 93],
[32, 68, 95, 17, 39, 55, 63, 12, 16, 41],
[38, 63, 53, 8, 90, 49, 91, 52, 89, 109],
[45, 63, 53, 8, 90, 49, 91, 52, 89, 109],
[80, 38, 63, 53, 8, 90, 91, 52, 89, 109],
[13, 32, 68, 95, 17, 39, 55, 87, 0, 1],
[13, 32, 59, 27, 94, 83, 15, 35, 49, 90],
[30, 26, 82, 19, 22, 85, 6, 81, 94, 105],
[69, 99, 33, 19, 22, 85, 6, 81, 94, 101],
[24, 19, 23, 82, 44, 72, 108, 36, 107, 77],
[30, 43, 72, 79, 64, 11, 73, 106, 57, 40],
[1, 0, 87, 55, 101, 94, 105, 81, 6, 24],
[1, 0, 87, 55, 101, 94, 105, 81, 6, 24],
[32, 59, 27, 94, 105, 83, 15, 34, 93, 98],
[42, 5, 36, 108, 72, 44, 82, 99, 14, 76],
[63, 53, 90, 49, 52, 89, 64, 36, 107, 4],
[89, 52, 91, 49, 90, 8, 63, 38, 80, 97],
[97, 0, 78, 95, 59, 21, 28, 86, 51, 88],
[75, 17, 65, 39, 55, 45, 63, 53, 90, 91],
[30, 43, 26, 44, 92, 18, 15, 2, 63, 45],
[13, 32, 68, 95, 17, 39, 55, 87, 0, 1],
[42, 5, 36, 108, 72, 44, 82, 99, 14, 76],
[97, 0, 78, 95, 59, 21, 28, 86, 51, 88],
[38, 63, 53, 8, 90, 49, 91, 52, 89, 109],
[20, 68, 17, 39, 55, 101, 94, 105, 81, 85],
[29, 43, 30, 26, 82, 19, 22, 85, 6, 81]]

\
Best Passenger Route set:
\
[[57, 40, 104, 84, 7, 52, 89, 11, 64, 79, 72, 44, 82, 23, 9, 3, 66, 54, 22, 6, 85],
[57, 37, 40, 7, 103, 62, 53, 45, 55, 39, 17, 95, 50, 20, 68, 59, 27, 94, 85, 54, 6, 81],
[28, 46, 86, 21, 59, 68, 32, 20, 95, 27, 105, 94, 83, 15, 34, 18, 92, 44, 30, 43, 29],
[48, 79, 108, 4, 36, 64, 89, 52, 49, 90, 8, 63, 38, 80, 58, 74, 12, 60, 47, 41, 103, 70],
[108, 79, 48, 72, 44, 30, 26, 82, 19, 22, 85, 6, 81, 94, 101, 55, 39, 56, 65, 17, 78],
[32, 50, 68, 21, 28, 86, 6, 85, 54, 3, 9, 92, 64, 96, 42, 5, 77, 107, 108, 36, 48],
[98, 3, 81, 94, 101, 55, 63, 38, 80, 97, 87, 1, 56, 65, 17, 95, 59, 21, 86, 51, 88, 71],
[78, 39, 65, 61, 56, 87, 45, 2, 15, 34, 93, 18, 92, 72, 48, 44, 82, 19, 23, 33, 31, 22],
[85, 24, 86, 46, 28, 21, 27, 101, 55, 63, 53, 62, 103, 70, 25, 84, 104, 37, 40, 7, 52, 10],
[49, 91, 35, 93, 34, 83, 3, 67, 92, 44, 26, 43],
[61, 65, 17, 50, 13, 32, 59, 27, 94, 105, 83, 35, 49, 91, 8, 90, 53, 12, 47, 74, 38],
[10, 57, 40, 104, 84, 7, 52, 89, 11, 64, 79, 72, 44, 82, 99, 76, 31, 102, 24, 86, 51, 88],
[89, 52, 7, 37, 57, 106, 73, 11, 64, 92, 18, 3, 6, 86, 71, 31, 88, 102, 24, 19, 85],
[40, 37, 10, 52, 100, 93, 3, 19, 33, 76],
[20, 68, 50, 95, 27, 59, 28, 21, 86, 6, 85, 54, 3, 93, 100, 52, 10, 104, 41, 60, 58],
[53, 38, 58, 60, 74, 16, 103, 41, 47, 12, 63, 2, 15, 54, 85, 24, 102, 88, 51, 31, 22, 3],
[102, 88, 71, 86, 28, 21, 27, 101, 55, 80, 58, 47, 103, 41, 7, 57],
[1, 87, 55, 101, 94, 81, 6, 22, 19, 33, 99],
[46, 28, 59, 95, 17, 65, 56, 87, 39, 55, 45, 2, 15, 18, 92, 64, 36, 108, 107, 77],
[105, 27, 32, 21, 28, 46, 86, 6, 85, 54, 15, 35, 91, 49, 7, 84, 104, 25, 40, 10, 52, 89],
[56, 39, 65, 17, 75, 50, 13, 32, 59, 27, 94, 85, 22, 19, 82, 44, 72, 43, 30, 69],
[65, 78, 95, 17, 56, 87, 80, 58, 38, 63, 53, 90, 49, 91, 52, 89, 109, 11, 106, 57, 37, 84],
[39, 17, 27, 59, 32, 21, 28, 86, 71, 88, 51, 31, 19, 9, 18, 100, 52, 7, 84, 104, 25, 37],
[65, 39, 55, 63, 8, 90, 49, 52, 89, 106, 73, 42, 5, 77],
[58, 60, 74, 16, 103, 41, 47, 12, 63, 2, 15, 54, 85, 24, 102, 88, 71, 51],
[5, 108, 48, 92, 18, 15, 83, 105, 27, 95, 50, 68, 20, 17, 78],
[88, 71, 51, 86, 28, 59, 27, 101, 55, 38, 74, 47, 103, 62, 90, 35, 93, 100, 67, 98, 18],
[18, 66, 93, 100, 91, 8, 63, 45, 87, 38, 53, 90, 49, 52, 89, 11, 64, 79, 108, 5, 107, 77],
[91, 49, 35, 2, 94, 105, 81, 86, 28, 21, 59, 27, 101, 55, 63, 53, 62, 103, 70, 10, 57],
[69, 43, 72, 36, 108, 5, 42, 57, 40, 104],
[109, 64, 79, 36, 107, 5, 42, 73, 89, 52, 49, 90, 8, 53, 63, 45, 2, 94, 83, 105, 81],
[13, 50, 65, 78, 95, 68, 21, 28, 59, 32, 27, 101, 55, 45, 63, 12, 103, 70, 84, 104, 41, 7],
[29, 43, 26, 82, 19, 22, 85, 94, 105, 27, 59, 68, 20, 75, 50, 95, 17],
[39, 87, 0, 56, 65, 78, 17, 27, 94, 85, 19, 33, 99, 69],
[31, 14, 76, 69, 99, 33, 19, 9, 18, 100, 91, 49, 90, 35],
[12, 38, 80, 0, 97, 1, 87, 55, 45, 2, 15, 18, 92, 44, 26, 29, 43, 30],
[54, 6, 24, 31, 33, 14, 76, 102, 51, 86, 28, 21, 68, 20, 75, 50, 95, 78, 39, 65, 56, 1],
[51, 46, 86, 6, 54, 3, 93, 100, 52, 7, 84, 104, 70, 103, 16, 74],
[104, 25, 70, 41, 16, 12, 62, 8, 35, 93, 18, 9, 23, 33, 31, 19, 22, 54, 15, 3, 67, 98],
[88, 102, 14, 76, 69, 99, 33, 19, 22, 54, 15, 2, 45, 38, 80, 97, 87, 56, 61, 0, 1],
[19, 22, 66, 3, 9, 92, 64, 79, 73, 89, 52, 49, 91, 90, 8, 63, 38, 87, 55, 45, 80, 58],
[39, 65, 17, 27, 94, 85, 22, 19, 82, 26, 30, 43, 72, 79, 73, 89, 52, 7, 25, 104],
[29, 30, 43, 26, 44, 92, 67, 93, 35, 8, 53, 12, 62, 103, 41, 70, 16, 74, 58, 97, 1],
[89, 96, 64, 79, 108, 36, 4, 107, 48, 72, 44, 82, 19, 24, 86, 28, 21, 59, 27, 94, 105, 83],
[42, 11, 96, 89, 64, 79, 48, 107, 4, 77, 5, 36, 108, 72, 44, 82, 33, 31, 102, 88],
[87, 56, 39, 17, 50, 13, 32, 59, 27, 101, 94, 105, 83, 35, 49, 52, 91, 90],
[35, 90, 91, 49, 52, 10, 25, 84, 37, 7, 103, 62, 53, 63, 55, 39, 17, 95, 68, 50, 20, 75],
[4, 108, 36, 72, 44, 82, 33, 31, 102, 71, 51, 88],
[10, 25, 84, 104, 7, 70, 41, 16, 12, 62, 8, 35, 34, 3, 19, 33, 99, 76, 14, 69, 30, 43],
[61, 56, 0, 1, 87, 55, 63, 2, 15, 34, 18, 92, 44, 82, 99, 76, 31, 102, 24, 86, 51, 88],
[56, 87, 38, 63, 12, 103, 7, 41, 47, 60, 74, 58, 80, 55, 39, 17, 50, 20, 75, 68, 32, 13],
[41, 104, 70, 25, 7, 10, 52, 100, 18, 9, 19, 102, 88, 71, 86, 51, 31, 33, 99, 69, 76],
[41, 47, 58, 60, 12, 8, 90, 49, 52, 89, 11, 64, 36, 108, 107, 5, 42, 96, 73, 79, 72],
[15, 3, 66, 93, 18, 92, 64, 11, 73, 89, 52, 49, 90, 8, 63, 55, 39, 78, 65, 56, 0, 1],
[75, 50, 20, 95, 17, 65, 61, 56, 87, 38, 63, 53, 90, 49, 52, 89, 11, 5, 77, 4, 107, 36],
[44, 43, 26, 72, 48, 79, 64, 11, 89, 52, 10, 70, 41, 16, 12, 74, 47, 62, 90, 8]]

\
Best Operator Route set string:
\
69-99-33-31-22-85-6-81-94-105*5-108-36-48-44-82-19-102-88-71*30-26-82-19-22-85-6-81-94-105*69-99-33-31-22-85-6-81-94-105*53-8-90-49-52-89-96-42-5-77*72-92-67-93-35-8-62-103-16-47*87-55-63-12-8-90-91-52-7-25*75-17-65-39-55-101-94-105-81-6*80-38-63-53-8-90-49-52-89-109*45-63-53-8-90-49-91-52-89-109*32-59-27-94-105-83-15-34-93-98*1-0-87-55-101-94-105-81-6-24*58-38-63-53-90-49-91-52-89-73*78-39-55-45-63-12-103-70-84-104*78-39-55-45-63-12-103-70-84-104*80-38-63-53-8-90-91-52-89-109*67-93-35-8-62-103-16-47-74-60*57-106-73-96-64-92-9-23-33-102*46-86-6-85-54-66-9-92-64-109*45-63-53-8-90-49-91-52-89-109*29-43-30-26-82-19-22-85-6-81*30-43-72-79-64-11-73-106-57-40*45-63-53-8-90-49-91-52-89-109*58-38-63-53-90-49-91-52-89-73*13-32-68-95-17-65-39-55-63-12*49-90-8-63-55-39-56-17-95-50*6-85-54-3-93-100-52-10-40-37*20-75-50-95-27-105-94-85-19-33*63-53-90-49-52-89-64-36-107-4*61-1-0-87-55-45-63-53-90-91*13-32-59-27-94-105-83-15-34-93*32-68-95-17-39-55-63-12-16-41*38-63-53-8-90-49-91-52-89-109*45-63-53-8-90-49-91-52-89-109*80-38-63-53-8-90-91-52-89-109*13-32-68-95-17-39-55-87-0-1*13-32-59-27-94-83-15-35-49-90*30-26-82-19-22-85-6-81-94-105*69-99-33-19-22-85-6-81-94-101*24-19-23-82-44-72-108-36-107-77*30-43-72-79-64-11-73-106-57-40*1-0-87-55-101-94-105-81-6-24*1-0-87-55-101-94-105-81-6-24*32-59-27-94-105-83-15-34-93-98*42-5-36-108-72-44-82-99-14-76*63-53-90-49-52-89-64-36-107-4*89-52-91-49-90-8-63-38-80-97*97-0-78-95-59-21-28-86-51-88*75-17-65-39-55-45-63-53-90-91*30-43-26-44-92-18-15-2-63-45*13-32-68-95-17-39-55-87-0-1*42-5-36-108-72-44-82-99-14-76*97-0-78-95-59-21-28-86-51-88*38-63-53-8-90-49-91-52-89-109*20-68-17-39-55-101-94-105-81-85*29-43-30-26-82-19-22-85-6-81*

\
Best Passenger Route set sting:
\
57-40-104-84-7-52-89-11-64-79-72-44-82-23-9-3-66-54-22-6-85*57-37-40-7-103-62-53-45-55-39-17-95-50-20-68-59-27-94-85-54-6-81*28-46-86-21-59-68-32-20-95-27-105-94-83-15-34-18-92-44-30-43-29*48-79-108-4-36-64-89-52-49-90-8-63-38-80-58-74-12-60-47-41-103-70*108-79-48-72-44-30-26-82-19-22-85-6-81-94-101-55-39-56-65-17-78*32-50-68-21-28-86-6-85-54-3-9-92-64-96-42-5-77-107-108-36-48*98-3-81-94-101-55-63-38-80-97-87-1-56-65-17-95-59-21-86-51-88-71*78-39-65-61-56-87-45-2-15-34-93-18-92-72-48-44-82-19-23-33-31-22*85-24-86-46-28-21-27-101-55-63-53-62-103-70-25-84-104-37-40-7-52-10*49-91-35-93-34-83-3-67-92-44-26-43*61-65-17-50-13-32-59-27-94-105-83-35-49-91-8-90-53-12-47-74-38*10-57-40-104-84-7-52-89-11-64-79-72-44-82-99-76-31-102-24-86-51-88*89-52-7-37-57-106-73-11-64-92-18-3-6-86-71-31-88-102-24-19-85*40-37-10-52-100-93-3-19-33-76*20-68-50-95-27-59-28-21-86-6-85-54-3-93-100-52-10-104-41-60-58*53-38-58-60-74-16-103-41-47-12-63-2-15-54-85-24-102-88-51-31-22-3*102-88-71-86-28-21-27-101-55-80-58-47-103-41-7-57*1-87-55-101-94-81-6-22-19-33-99*46-28-59-95-17-65-56-87-39-55-45-2-15-18-92-64-36-108-107-77*105-27-32-21-28-46-86-6-85-54-15-35-91-49-7-84-104-25-40-10-52-89*56-39-65-17-75-50-13-32-59-27-94-85-22-19-82-44-72-43-30-69*65-78-95-17-56-87-80-58-38-63-53-90-49-91-52-89-109-11-106-57-37-84*39-17-27-59-32-21-28-86-71-88-51-31-19-9-18-100-52-7-84-104-25-37*65-39-55-63-8-90-49-52-89-106-73-42-5-77*58-60-74-16-103-41-47-12-63-2-15-54-85-24-102-88-71-51*5-108-48-92-18-15-83-105-27-95-50-68-20-17-78*88-71-51-86-28-59-27-101-55-38-74-47-103-62-90-35-93-100-67-98-18*18-66-93-100-91-8-63-45-87-38-53-90-49-52-89-11-64-79-108-5-107-77*91-49-35-2-94-105-81-86-28-21-59-27-101-55-63-53-62-103-70-10-57*69-43-72-36-108-5-42-57-40-104*109-64-79-36-107-5-42-73-89-52-49-90-8-53-63-45-2-94-83-105-81*13-50-65-78-95-68-21-28-59-32-27-101-55-45-63-12-103-70-84-104-41-7*29-43-26-82-19-22-85-94-105-27-59-68-20-75-50-95-17*39-87-0-56-65-78-17-27-94-85-19-33-99-69*31-14-76-69-99-33-19-9-18-100-91-49-90-35*12-38-80-0-97-1-87-55-45-2-15-18-92-44-26-29-43-30*54-6-24-31-33-14-76-102-51-86-28-21-68-20-75-50-95-78-39-65-56-1*51-46-86-6-54-3-93-100-52-7-84-104-70-103-16-74*104-25-70-41-16-12-62-8-35-93-18-9-23-33-31-19-22-54-15-3-67-98*88-102-14-76-69-99-33-19-22-54-15-2-45-38-80-97-87-56-61-0-1*19-22-66-3-9-92-64-79-73-89-52-49-91-90-8-63-38-87-55-45-80-58*39-65-17-27-94-85-22-19-82-26-30-43-72-79-73-89-52-7-25-104*29-30-43-26-44-92-67-93-35-8-53-12-62-103-41-70-16-74-58-97-1*89-96-64-79-108-36-4-107-48-72-44-82-19-24-86-28-21-59-27-94-105-83*42-11-96-89-64-79-48-107-4-77-5-36-108-72-44-82-33-31-102-88*87-56-39-17-50-13-32-59-27-101-94-105-83-35-49-52-91-90*35-90-91-49-52-10-25-84-37-7-103-62-53-63-55-39-17-95-68-50-20-75*4-108-36-72-44-82-33-31-102-71-51-88*10-25-84-104-7-70-41-16-12-62-8-35-34-3-19-33-99-76-14-69-30-43*61-56-0-1-87-55-63-2-15-34-18-92-44-82-99-76-31-102-24-86-51-88*56-87-38-63-12-103-7-41-47-60-74-58-80-55-39-17-50-20-75-68-32-13*41-104-70-25-7-10-52-100-18-9-19-102-88-71-86-51-31-33-99-69-76*41-47-58-60-12-8-90-49-52-89-11-64-36-108-107-5-42-96-73-79-72*15-3-66-93-18-92-64-11-73-89-52-49-90-8-63-55-39-78-65-56-0-1*75-50-20-95-17-65-61-56-87-38-63-53-90-49-52-89-11-5-77-4-107-36*44-43-26-72-48-79-64-11-89-52-10-70-41-16-12-74-47-62-90-8*