3_2_Mumford0_GA_Mutations RESULTS EVALUATION:
\
HV:0.7651 | BM:0.8087

\
	Operator	Passenger
\
f1_ATT	28.1646		16.8140
\
f2_TRT	98		257
\
d_0	21.4666		47.2118
\
d_1	33.8146		50.9966
\
d_2	21.3380		1.7916
\
d_un	23.3809		0.0000

\
Best Operator Route set:
\
[[24, 14],
[2, 29],
[9, 3, 1, 23, 14, 20, 7, 16, 6, 13],
[0, 18, 22, 17],
[4, 24],
[22, 19],
[10, 2],
[14, 11],
[19, 12, 8],
[4, 24],
[16, 27],
[26, 0, 25, 28, 16, 10, 15, 21, 5]]

\
Best Passenger Route set:
\
[[3, 1, 24, 20, 7, 27, 15, 5],
[5, 6, 13, 18, 0, 25, 28],
[10, 16, 28, 25, 11, 14, 24],
[10, 2, 29],
[2, 29, 27, 16, 28, 17, 19, 8],
[8, 12, 0, 18, 13, 6, 15, 10],
[26, 0, 18, 22, 17, 11, 3, 1, 9],
[4, 24, 14, 11, 17, 19, 12],
[21, 10, 27],
[18, 0, 25, 7, 4],
[9, 23, 14, 7, 16, 6, 21],
[1, 3, 23, 14, 7, 27, 2]]

\
Best Operator Route set string:
\
24-14*2-29*9-3-1-23-14-20-7-16-6-13*0-18-22-17*4-24*22-19*10-2*14-11*19-12-8*4-24*16-27*26-0-25-28-16-10-15-21-5*

\
Best Passenger Route set sting:
\
3-1-24-20-7-27-15-5*5-6-13-18-0-25-28*10-16-28-25-11-14-24*10-2-29*2-29-27-16-28-17-19-8*8-12-0-18-13-6-15-10*26-0-18-22-17-11-3-1-9*4-24-14-11-17-19-12*21-10-27*18-0-25-7-4*9-23-14-7-16-6-21*1-3-23-14-7-27-2*