5_2_Mumford0_GA_Mut_threshold RESULTS EVALUATION:
\
HV:0.8253 | BM:0.8087

\
	Operator	Passenger
\
f1_ATT	27.9189		15.0004
\
f2_TRT	96		570
\
d_0	16.8138		77.1072
\
d_1	34.6271		22.8928
\
d_2	31.2602		0.0000
\
d_un	17.2989		0.0000

\
Best Operator Route set:
\
[[6, 10, 15],
[13, 18, 0, 22, 17],
[17, 19, 8],
[4, 24],
[17, 28, 25],
[2, 29],
[9, 1, 23, 14, 11, 17],
[5, 21, 10, 2, 27, 7, 20, 14, 24],
[0, 26],
[16, 27],
[3, 1],
[12, 19]]

\
Best Passenger Route set:
\
[[9, 1, 3, 24, 20, 7, 16, 6, 5, 21, 15],
[26, 0, 25, 7, 27, 29, 2, 10, 15, 16, 28, 17, 12, 22],
[4, 23, 9, 1, 3, 11, 17, 22, 0, 13, 6, 10, 2],
[20, 23, 1, 3, 11, 17, 19, 12, 18, 13, 6, 10, 29, 2],
[8, 12, 19, 0, 13, 6, 5, 21, 15, 29, 2, 7, 4, 1, 3],
[1, 9, 23, 14, 11, 17, 18, 22, 25, 28, 16, 27, 2, 29, 10],
[20, 14, 1, 9, 3, 11, 25, 28, 16, 6, 5, 21],
[3, 9, 23, 14, 7, 27, 10, 21, 5, 15, 2, 29],
[26, 8, 12, 19, 22, 25, 7, 20, 4, 24, 14, 23, 1, 3, 9],
[23, 3, 1, 24, 4, 7, 27, 10, 15, 6, 16, 28, 25, 0, 18],
[26, 0, 13, 6, 21, 2, 29, 27, 16, 28, 17, 19, 8],
[4, 7, 28, 25, 22, 17, 19]]

\
Best Operator Route set string:
\
6-10-15*13-18-0-22-17*17-19-8*4-24*17-28-25*2-29*9-1-23-14-11-17*5-21-10-2-27-7-20-14-24*0-26*16-27*3-1*12-19*

\
Best Passenger Route set sting:
\
9-1-3-24-20-7-16-6-5-21-15*26-0-25-7-27-29-2-10-15-16-28-17-12-22*4-23-9-1-3-11-17-22-0-13-6-10-2*20-23-1-3-11-17-19-12-18-13-6-10-29-2*8-12-19-0-13-6-5-21-15-29-2-7-4-1-3*1-9-23-14-11-17-18-22-25-28-16-27-2-29-10*20-14-1-9-3-11-25-28-16-6-5-21*3-9-23-14-7-27-10-21-5-15-2-29*26-8-12-19-22-25-7-20-4-24-14-23-1-3-9*23-3-1-24-4-7-27-10-15-6-16-28-25-0-18*26-0-13-6-21-2-29-27-16-28-17-19-8*4-7-28-25-22-17-19*