3_3_Mumford1_GA_Mutations RESULTS EVALUATION:
\
HV:0.7286 | BM:0.7758

\
	Operator	Passenger
\
f1_ATT	34.1165		25.4357
\
f2_TRT	462		716
\
d_0	19.1484		36.5923
\
d_1	38.8730		58.6246
\
d_2	26.5927		4.6149
\
d_un	15.3860		0.1682

\
Best Operator Route set:
\
[[32, 39, 18, 54, 19, 66, 3, 69, 23, 0],
[52, 64, 58, 45, 36, 38, 19, 66, 3, 69],
[59, 10, 55, 52, 64, 58, 34, 41, 27, 12],
[46, 40, 7, 4, 25, 34, 57, 35, 51, 56],
[31, 1, 26, 16, 10, 55, 20, 17, 61, 60],
[67, 37, 65, 5, 54, 19, 66, 3, 69, 29],
[14, 44, 60, 61, 43, 33, 22, 19, 66, 48],
[17, 59, 10, 8, 28, 56, 6, 47, 53, 40, 46],
[29, 3, 66, 19, 38, 36, 45, 58, 64, 52],
[32, 39, 18, 54, 19, 66, 3, 69, 23, 0],
[0, 2, 50, 13, 22, 45, 34, 35, 51, 56],
[29, 69, 3, 66, 19, 54, 5, 65, 37, 67],
[6, 63, 21, 24, 30, 26, 16, 9, 68, 11],
[62, 42, 15, 49, 26, 30, 24, 21, 63, 6],
[67, 37, 65, 5, 54, 19, 66, 3, 69, 29]]

\
Best Passenger Route set:
\
[[4, 25, 57, 35, 64, 52, 20, 17, 61, 60, 44, 14],
[46, 40, 53, 47, 6, 56, 28, 8, 10, 55, 20, 43, 50, 2, 0],
[48, 29, 69, 23, 50, 43, 17, 10, 16, 26, 30, 24, 21, 6, 35, 34, 25, 4],
[42, 15, 49, 1, 59, 17, 43, 50, 23, 69, 3],
[46, 40, 7, 4, 25, 41, 36, 38, 69, 23, 0],
[62, 15, 49, 26, 8, 51, 35, 41, 45, 36, 54, 32, 65],
[29, 48, 39, 18, 54, 36, 45, 58, 64, 52, 8, 26, 30, 15],
[21, 63, 6, 35, 34, 45, 36, 38, 66, 3, 48, 29],
[14, 2, 50, 13, 33, 22, 45, 41, 12, 4, 53],
[31, 11, 1, 26, 8, 51, 35, 34, 41, 27, 67, 37],
[48, 39, 18, 54, 36, 45, 41, 34, 35, 6, 47, 53],
[31, 11, 68, 9, 59, 17, 20, 33, 22, 38, 54, 5, 37],
[11, 9, 59, 17, 20, 52, 64, 58, 34, 41, 27, 67],
[44, 61, 17, 43, 13, 22, 38, 54, 18, 5, 67, 27, 41, 57],
[9, 68, 1, 16, 10, 55, 20, 33, 22, 19]]

\
Best Operator Route set string:
\
32-39-18-54-19-66-3-69-23-0*52-64-58-45-36-38-19-66-3-69*59-10-55-52-64-58-34-41-27-12*46-40-7-4-25-34-57-35-51-56*31-1-26-16-10-55-20-17-61-60*67-37-65-5-54-19-66-3-69-29*14-44-60-61-43-33-22-19-66-48*17-59-10-8-28-56-6-47-53-40-46*29-3-66-19-38-36-45-58-64-52*32-39-18-54-19-66-3-69-23-0*0-2-50-13-22-45-34-35-51-56*29-69-3-66-19-54-5-65-37-67*6-63-21-24-30-26-16-9-68-11*62-42-15-49-26-30-24-21-63-6*67-37-65-5-54-19-66-3-69-29*

\
Best Passenger Route set sting:
\
4-25-57-35-64-52-20-17-61-60-44-14*46-40-53-47-6-56-28-8-10-55-20-43-50-2-0*48-29-69-23-50-43-17-10-16-26-30-24-21-6-35-34-25-4*42-15-49-1-59-17-43-50-23-69-3*46-40-7-4-25-41-36-38-69-23-0*62-15-49-26-8-51-35-41-45-36-54-32-65*29-48-39-18-54-36-45-58-64-52-8-26-30-15*21-63-6-35-34-45-36-38-66-3-48-29*14-2-50-13-33-22-45-41-12-4-53*31-11-1-26-8-51-35-34-41-27-67-37*48-39-18-54-36-45-41-34-35-6-47-53*31-11-68-9-59-17-20-33-22-38-54-5-37*11-9-59-17-20-52-64-58-34-41-27-67*44-61-17-43-13-22-38-54-18-5-67-27-41-57*9-68-1-16-10-55-20-33-22-19*