3_2_Mumford0_GA_Mutations RESULTS EVALUATION:
\
HV:0.7566 | BM:0.0000

\
	Operator	Passenger
\
f1_ATT	33.0191		16.1716
\
f2_TRT	124		303
\
d_0	31.3654		62.9501
\
d_1	34.1858		36.1790
\
d_2	23.1558		0.8709
\
d_un	11.2930		0.0000

\
Best Operator Route set:
\
[[8, 26, 0, 18, 22, 17, 11, 3, 9, 1],
[5, 21],
[5, 21],
[5, 21],
[5, 21],
[5, 21],
[5, 21],
[3, 1, 23, 14, 24, 4, 20, 7],
[12, 19, 22, 25, 28, 16, 27, 29, 2],
[13, 6, 21, 15, 10, 2, 29],
[5, 21],
[5, 21]]

\
Best Passenger Route set:
\
[[8, 12, 19, 17, 28, 7, 20, 24],
[15, 10, 16, 28, 0, 18, 22, 17],
[1, 3, 23, 14, 11, 17, 19, 12, 8],
[9, 1, 3, 11, 17, 18, 0, 26],
[6, 16, 7, 14, 23, 3, 1, 9],
[19, 12, 0, 18, 13, 6, 5, 21],
[13, 6, 15, 10, 2, 29, 27],
[19, 22, 25, 28, 16, 27, 2, 29],
[5, 21, 15, 27, 7, 20, 14, 11],
[29, 2, 7, 20, 23, 1, 3, 9],
[4, 24, 20, 7, 25, 0, 18, 13],
[9, 1, 3, 24, 4, 7, 10, 21]]

\
Best Operator Route set string:
\
8-26-0-18-22-17-11-3-9-1*5-21*5-21*5-21*5-21*5-21*5-21*3-1-23-14-24-4-20-7*12-19-22-25-28-16-27-29-2*13-6-21-15-10-2-29*5-21*5-21*

\
Best Passenger Route set sting:
\
8-12-19-17-28-7-20-24*15-10-16-28-0-18-22-17*1-3-23-14-11-17-19-12-8*9-1-3-11-17-18-0-26*6-16-7-14-23-3-1-9*19-12-0-18-13-6-5-21*13-6-15-10-2-29-27*19-22-25-28-16-27-2-29*5-21-15-27-7-20-14-11*29-2-7-20-23-1-3-9*4-24-20-7-25-0-18-13*9-1-3-24-4-7-10-21*