33_2_Mumford0__ALL_param RESULTS EVALUATION:
\
HV:0.7938 | BM:0.8087

\
	Operator	Passenger
\
f1_ATT	24.5130		15.7897
\
f2_TRT	97		640
\
d_0	22.8899		61.5472
\
d_1	45.7534		37.1814
\
d_2	27.0400		1.2713
\
d_un	4.3167		0.0000

\
Best Operator Route set:
\
[[8, 12, 19, 0, 26],
[7, 27, 10, 2, 29],
[14, 24, 4],
[3, 1],
[0, 22],
[15, 10],
[11, 25],
[16, 7],
[28, 25],
[0, 18],
[5, 21, 6, 13, 0, 25, 7, 20, 14, 23, 3, 9],
[22, 17]]

\
Best Passenger Route set:
\
[[18, 17, 22, 0, 25, 11, 3, 4, 23, 9, 1, 24, 20, 14, 7],
[18, 12, 22, 25, 28, 16, 6, 13, 0, 17, 11, 3, 9, 1],
[22, 18, 19, 12, 17, 28, 7, 27, 2, 29, 15, 21],
[9, 23, 14, 1, 3, 11, 17, 18, 12, 8, 26, 0, 28],
[11, 3, 23, 14, 20, 7, 16, 27, 2, 29, 10, 6, 15, 21, 5],
[9, 1, 4, 24, 20, 7, 25, 0, 18, 13, 6, 21, 10, 27],
[26, 8, 12, 19, 0, 13, 6, 15, 21, 10, 16, 7, 27, 29, 2],
[9, 3, 24, 7, 16, 6, 5, 21, 15, 27, 29, 2],
[8, 12, 18, 0, 28, 16, 27, 29, 2, 21, 10, 15, 5],
[18, 22, 12, 17, 11, 14, 20, 7, 10, 15, 29],
[16, 27, 29, 15, 2, 21, 6, 13, 18, 22, 19, 0, 28],
[19, 17, 28, 0, 25, 11, 3, 24, 14, 1, 4, 7, 2]]

\
Best Operator Route set string:
\
8-12-19-0-26*7-27-10-2-29*14-24-4*3-1*0-22*15-10*11-25*16-7*28-25*0-18*5-21-6-13-0-25-7-20-14-23-3-9*22-17*

\
Best Passenger Route set sting:
\
18-17-22-0-25-11-3-4-23-9-1-24-20-14-7*18-12-22-25-28-16-6-13-0-17-11-3-9-1*22-18-19-12-17-28-7-27-2-29-15-21*9-23-14-1-3-11-17-18-12-8-26-0-28*11-3-23-14-20-7-16-27-2-29-10-6-15-21-5*9-1-4-24-20-7-25-0-18-13-6-21-10-27*26-8-12-19-0-13-6-15-21-10-16-7-27-29-2*9-3-24-7-16-6-5-21-15-27-29-2*8-12-18-0-28-16-27-29-2-21-10-15-5*18-22-12-17-11-14-20-7-10-15-29*16-27-29-15-2-21-6-13-18-22-19-0-28*19-17-28-0-25-11-3-24-14-1-4-7-2*