7_2_Mumford0_GA_Pop_size RESULTS EVALUATION:
\
HV:0.8296 | BM:0.8087

\
	Operator	Passenger
\
f1_ATT	24.6103		14.9492
\
f2_TRT	96		552
\
d_0	24.4593		76.3912
\
d_1	41.6150		23.6088
\
d_2	24.7750		0.0000
\
d_un	9.1507		0.0000

\
Best Operator Route set:
\
[[26, 0],
[1, 3],
[8, 12, 19, 22],
[0, 18],
[16, 27, 10, 15],
[24, 20],
[21, 5, 6, 13, 0, 22, 25, 7, 20, 14, 23, 1, 9],
[4, 24],
[2, 29, 27, 7],
[25, 28],
[17, 22],
[25, 11]]

\
Best Passenger Route set:
\
[[18, 0, 25, 28, 16, 6, 5, 21, 10, 29, 2, 7, 20, 4, 23],
[9, 1, 3, 24, 20, 7, 16, 6, 5],
[13, 18, 0, 22, 17, 11, 3, 1, 9],
[15, 5, 21, 10, 27, 7, 20, 14, 11, 17, 12, 0, 18, 19],
[9, 3, 1, 23, 14, 7, 27, 29, 2, 10, 6, 13, 18, 12, 8],
[29, 27, 16, 28, 17, 19, 8, 26, 0, 25, 7, 20, 14, 23, 9],
[22, 17, 28, 7, 20, 24, 1, 3],
[12, 19, 22, 25, 7, 27, 29, 2, 10, 15, 6],
[29, 15, 10, 27, 7, 20, 23, 9, 3, 1, 24, 4, 14, 11, 25],
[15, 21, 5, 6, 13, 18, 22, 17, 11, 14, 23, 3, 1, 4],
[5, 21, 6, 13, 0, 26, 8, 12, 19, 17, 11, 3, 9, 14, 7],
[4, 7, 24, 14, 11, 17, 22, 0, 28, 16, 27, 2, 29]]

\
Best Operator Route set string:
\
26-0*1-3*8-12-19-22*0-18*16-27-10-15*24-20*21-5-6-13-0-22-25-7-20-14-23-1-9*4-24*2-29-27-7*25-28*17-22*25-11*

\
Best Passenger Route set sting:
\
18-0-25-28-16-6-5-21-10-29-2-7-20-4-23*9-1-3-24-20-7-16-6-5*13-18-0-22-17-11-3-1-9*15-5-21-10-27-7-20-14-11-17-12-0-18-19*9-3-1-23-14-7-27-29-2-10-6-13-18-12-8*29-27-16-28-17-19-8-26-0-25-7-20-14-23-9*22-17-28-7-20-24-1-3*12-19-22-25-7-27-29-2-10-15-6*29-15-10-27-7-20-23-9-3-1-24-4-14-11-25*15-21-5-6-13-18-22-17-11-14-23-3-1-4*5-21-6-13-0-26-8-12-19-17-11-3-9-14-7*4-7-24-14-11-17-22-0-28-16-27-2-29*