7_4_Mumford2_GA_Pop_size RESULTS EVALUATION:
\
HV:0.6468 | BM:0.6490

\
	Operator	Passenger
\
f1_ATT	32.4986		26.0920
\
f2_TRT	1858		4956
\
d_0	17.2914		47.1322
\
d_1	51.4980		51.2461
\
d_2	26.9195		1.6217
\
d_un	4.2911		0.0000

\
Best Operator Route set:
\
[[52, 91, 90, 53, 45, 55, 39, 17, 95, 78],
[32, 59, 27, 94, 83, 15, 18, 92, 72, 48],
[29, 30, 43, 72, 79, 73, 106, 57, 40, 37],
[38, 63, 53, 8, 90, 49, 91, 52, 89, 109],
[13, 32, 68, 95, 17, 56, 87, 80, 58, 60],
[53, 8, 90, 49, 52, 89, 96, 42, 5, 77],
[74, 12, 63, 45, 55, 101, 27, 59, 21, 28],
[1, 0, 87, 55, 101, 94, 105, 81, 6, 24],
[46, 86, 6, 3, 66, 18, 92, 64, 73, 106],
[20, 17, 65, 39, 55, 45, 53, 90, 91, 52],
[13, 32, 59, 27, 94, 105, 83, 15, 34, 93],
[24, 6, 85, 54, 3, 93, 100, 52, 10, 40],
[61, 65, 17, 95, 68, 21, 28, 86, 51, 71],
[45, 38, 53, 8, 90, 49, 91, 52, 89, 109],
[5, 42, 73, 89, 52, 49, 91, 90, 8, 53],
[53, 8, 91, 49, 52, 89, 96, 42, 5, 77],
[53, 8, 90, 49, 52, 89, 96, 42, 5, 77],
[5, 42, 73, 89, 52, 49, 91, 90, 8, 53],
[38, 63, 53, 8, 90, 49, 91, 52, 89, 109],
[55, 45, 63, 53, 8, 90, 91, 52, 10, 40],
[27, 105, 94, 6, 85, 22, 19, 33, 99, 69],
[70, 103, 62, 8, 35, 15, 54, 85, 6, 81],
[53, 90, 91, 49, 52, 89, 96, 42, 5, 77],
[5, 42, 73, 89, 52, 49, 91, 90, 8, 53],
[42, 5, 36, 108, 72, 44, 82, 99, 14, 76],
[87, 38, 63, 8, 90, 91, 49, 52, 89, 106],
[13, 32, 68, 95, 17, 56, 87, 80, 58, 60],
[45, 63, 53, 8, 90, 49, 52, 89, 109, 11],
[12, 63, 45, 55, 101, 94, 105, 81, 6, 24],
[68, 95, 17, 39, 55, 63, 12, 16, 41, 47],
[38, 63, 53, 8, 90, 49, 91, 52, 89, 109],
[53, 90, 91, 49, 52, 89, 11, 64, 73, 106],
[5, 42, 73, 89, 52, 49, 91, 62, 8, 53],
[96, 64, 92, 9, 23, 19, 31, 102, 88, 71],
[87, 38, 63, 8, 90, 91, 49, 52, 10, 40],
[79, 64, 92, 18, 34, 15, 83, 105, 94, 101],
[79, 64, 92, 18, 34, 15, 83, 105, 94, 101],
[78, 39, 55, 45, 2, 15, 18, 98, 67, 92],
[24, 6, 85, 54, 3, 93, 100, 52, 10, 40],
[104, 84, 7, 49, 91, 35, 15, 83, 94, 105],
[20, 17, 65, 39, 55, 63, 12, 103, 70, 25],
[52, 91, 90, 53, 45, 55, 39, 17, 95, 78],
[32, 59, 27, 94, 83, 15, 18, 92, 72, 48],
[89, 52, 91, 49, 90, 8, 53, 38, 80, 97],
[30, 26, 82, 19, 22, 85, 6, 81, 94, 105],
[1, 0, 87, 55, 101, 94, 105, 81, 6, 24],
[40, 10, 52, 91, 49, 90, 53, 38, 80, 97],
[4, 36, 64, 89, 52, 49, 90, 8, 62, 12],
[64, 11, 89, 52, 49, 90, 53, 38, 80, 97],
[29, 30, 43, 72, 79, 73, 106, 57, 40, 37],
[53, 90, 91, 49, 52, 89, 11, 64, 36, 107],
[40, 10, 52, 91, 49, 90, 53, 63, 38, 80],
[53, 90, 91, 49, 52, 89, 11, 64, 36, 107],
[75, 50, 65, 39, 55, 45, 53, 62, 103, 70],
[87, 38, 63, 8, 90, 91, 49, 52, 89, 106],
[42, 5, 36, 108, 72, 44, 82, 99, 14, 76]]

\
Best Passenger Route set:
\
[[3, 15, 66, 22, 85, 19, 31, 23, 9, 18, 67, 93, 35, 8, 62, 103, 41, 74, 60, 16, 12],
[19, 22, 66, 3, 9, 92, 64, 79, 73, 89, 52, 49, 91, 90, 8, 63, 38, 87, 55, 45, 80, 58],
[99, 69, 76, 14, 33, 23, 9, 18, 100, 52, 7, 84, 104, 25, 10, 57, 106, 89, 109, 64, 79, 48],
[92, 72, 48, 44, 82, 33, 31, 23, 9, 18, 98, 67, 100, 52, 10, 40, 37, 57, 106, 89, 42, 5],
[58, 47, 74, 60, 41, 12, 63, 2, 15, 54, 85, 24, 102, 88, 71, 31, 22, 66, 3, 81, 86, 6],
[29, 43, 72, 79, 64, 11, 89, 52, 10, 70, 7, 49, 90, 91, 8, 35, 15, 83, 3, 66, 18, 67],
[43, 30, 26, 44, 92, 67, 98, 93, 35, 8, 53, 12, 74, 60, 58, 47, 103, 70, 10, 7, 57],
[95, 17, 56, 87, 1, 97, 58, 47, 60, 74, 38, 55, 101, 27, 21, 28, 86, 51, 71, 88, 102, 31],
[7, 10, 40, 57, 106, 73, 64, 92, 18, 66, 3, 6, 86, 51, 88, 71, 31, 22, 19, 82, 99, 76],
[18, 66, 93, 100, 91, 8, 63, 45, 87, 38, 53, 90, 49, 52, 89, 11, 64, 36, 108, 5, 107, 77],
[106, 42, 5, 36, 72, 48, 79, 64, 89, 52, 91, 62, 12, 60, 58, 97, 0, 39, 17, 95, 68, 50],
[89, 109, 11, 42, 57, 106, 73, 96, 64, 92, 9, 23, 31, 88, 71, 102, 76, 99, 69, 43, 30],
[37, 40, 57, 42, 106, 73, 89, 52, 49, 91, 90, 53, 63, 55, 101, 27, 105, 83, 2, 45, 87, 97],
[25, 104, 84, 70, 103, 62, 8, 35, 34, 66, 3, 19, 33, 99, 69, 14, 31, 22, 85, 81],
[109, 64, 79, 36, 107, 5, 42, 73, 89, 52, 49, 90, 8, 53, 63, 45, 2, 94, 83, 105, 81, 3],
[65, 17, 20, 32, 21, 28, 86, 46, 51, 102, 31, 33, 82, 44, 72, 48, 107, 77, 4, 108, 5],
[68, 21, 59, 32, 20, 17, 65, 56, 1, 0, 87, 45, 2, 15, 34, 18, 92, 44, 26, 43, 30, 29],
[87, 39, 17, 50, 20, 95, 27, 105, 83, 15, 18, 92, 72, 108, 107, 5, 11, 109, 64, 36, 79],
[55, 45, 80, 87, 0, 1, 61, 65, 17, 27, 94, 105, 81, 6, 24, 31, 76, 14, 69, 30, 43],
[39, 17, 27, 59, 32, 21, 28, 86, 71, 88, 51, 31, 19, 9, 18, 100, 52, 7, 84, 104],
[1, 87, 38, 63, 8, 90, 91, 52, 89, 109, 64, 73, 79, 48, 36, 72, 44, 82, 99, 69],
[53, 38, 58, 60, 74, 16, 103, 41, 47, 12, 63, 2, 15, 54, 85, 24, 102, 88, 71, 51, 31, 22],
[1, 61, 0, 78, 65, 39, 55, 63, 45, 53, 8, 90, 91, 100, 67, 98, 93, 34, 18, 92, 44],
[71, 88, 31, 19, 23, 82, 99, 69, 43, 72, 79, 73, 106, 57, 40, 37, 104, 25, 7, 10, 52],
[68, 13, 28, 46, 86, 51, 102, 31, 33, 82, 44, 72, 108, 4, 77, 107, 48, 92, 64, 79, 73, 109],
[28, 59, 95, 20, 32, 68, 17, 39, 55, 63, 8, 90, 91, 49, 52, 89, 11, 73, 96, 42, 5, 107],
[70, 10, 40, 57, 106, 89, 73, 79, 72, 43, 30, 69, 99, 14, 76, 33, 23, 19, 22, 54],
[27, 17, 78, 39, 55, 45, 2, 15, 66, 9, 23, 82, 26, 43, 30, 44, 92, 18, 93, 34, 54, 24],
[61, 65, 17, 50, 32, 59, 27, 94, 105, 83, 35, 49, 91, 8, 90, 53, 12, 47, 74, 38, 63],
[20, 68, 95, 50, 13, 32, 59, 27, 105, 83, 15, 34, 93, 100, 52, 89, 11, 96, 73, 64, 109],
[46, 28, 21, 32, 13, 50, 68, 59, 27, 94, 83, 34, 18, 92, 64, 36, 107, 4, 108, 72, 26],
[98, 3, 81, 94, 101, 55, 63, 38, 80, 87, 97, 1, 56, 65, 17, 95, 59, 21, 86, 51, 88, 71],
[86, 28, 21, 13, 32, 27, 105, 83, 35, 49, 91, 52, 89, 73, 42, 96, 64, 11, 79, 108, 107, 36],
[32, 95, 50, 68, 21, 28, 86, 6, 85, 54, 3, 9, 92, 64, 96, 42, 5, 77, 4, 108, 36, 48],
[73, 96, 64, 109, 11, 89, 52, 91, 90, 8, 63, 38, 87, 56, 65, 50, 17, 39, 55, 80, 0, 78],
[57, 37, 40, 7, 103, 62, 53, 45, 55, 101, 27, 21, 28, 86, 51, 31, 102, 76, 69, 43, 30],
[97, 58, 74, 47, 60, 41, 16, 12, 63, 55, 39, 17, 50, 75, 20, 68, 59, 27, 94, 85, 54, 6],
[75, 50, 20, 95, 17, 65, 61, 56, 87, 38, 63, 53, 90, 49, 52, 89, 11, 5, 77, 4, 107, 36],
[33, 14, 76, 69, 43, 30, 26, 82, 19, 85, 94, 105, 27, 95, 50, 65, 56, 0, 1, 87, 39],
[75, 20, 50, 95, 78, 39, 17, 27, 105, 83, 15, 34, 18, 92, 72, 48, 107, 77, 4, 108, 36, 64],
[77, 5, 108, 4, 107, 36, 64, 89, 52, 49, 90, 53, 63, 38, 58, 97, 0, 39, 55, 101],
[28, 13, 32, 50, 17, 78, 65, 39, 0, 87, 55, 101, 94, 6, 85, 19, 82, 26, 29, 43],
[36, 48, 72, 43, 30, 26, 82, 23, 19, 22, 85, 94, 27, 59, 32, 68, 20, 17, 78, 0, 97, 80],
[10, 57, 40, 104, 84, 7, 52, 89, 11, 64, 79, 72, 44, 82, 99, 76, 31, 102, 24, 86, 51],
[65, 78, 95, 20, 17, 39, 55, 63, 53, 8, 90, 91, 52, 89, 73, 79, 36, 108, 5, 42, 96, 11],
[20, 68, 50, 95, 27, 59, 28, 21, 46, 86, 6, 85, 54, 3, 93, 100, 52, 10, 104, 41, 60, 58],
[19, 23, 82, 33, 31, 71, 86, 6, 85, 54, 3, 93, 100, 52, 7, 84, 70, 25, 40, 37, 10, 104],
[35, 90, 91, 49, 52, 10, 25, 84, 37, 7, 103, 62, 53, 63, 55, 39, 17, 95, 68, 50, 20, 75],
[29, 30, 43, 44, 92, 67, 18, 15, 2, 63, 38, 80, 58, 74, 12, 60, 47, 41, 103, 70],
[41, 104, 70, 25, 7, 10, 52, 100, 18, 9, 19, 102, 88, 71, 86, 51, 31, 33, 99, 69, 76],
[71, 88, 102, 51, 86, 28, 59, 27, 101, 55, 38, 74, 47, 103, 62, 90, 35, 93, 100, 67, 98, 18],
[31, 88, 102, 14, 69, 99, 33, 19, 3, 34, 35, 8, 62, 12, 47, 74, 16, 70, 7, 49, 91, 100],
[46, 51, 102, 14, 76, 69, 99, 33, 19, 22, 54, 15, 2, 45, 38, 80, 97, 87, 56, 61, 0, 1],
[79, 108, 4, 36, 64, 89, 52, 49, 90, 8, 63, 38, 80, 0, 61, 56, 65, 78, 17, 50, 95, 20],
[82, 23, 31, 51, 46, 28, 21, 13, 32, 27, 94, 83, 15, 35, 49, 52, 10, 57, 40, 7, 104],
[32, 59, 27, 21, 28, 13, 68, 95, 17, 39, 55, 63, 53, 90, 91, 52, 89, 42, 11, 109, 64, 96]]

\
Best Operator Route set string:
\
52-91-90-53-45-55-39-17-95-78*32-59-27-94-83-15-18-92-72-48*29-30-43-72-79-73-106-57-40-37*38-63-53-8-90-49-91-52-89-109*13-32-68-95-17-56-87-80-58-60*53-8-90-49-52-89-96-42-5-77*74-12-63-45-55-101-27-59-21-28*1-0-87-55-101-94-105-81-6-24*46-86-6-3-66-18-92-64-73-106*20-17-65-39-55-45-53-90-91-52*13-32-59-27-94-105-83-15-34-93*24-6-85-54-3-93-100-52-10-40*61-65-17-95-68-21-28-86-51-71*45-38-53-8-90-49-91-52-89-109*5-42-73-89-52-49-91-90-8-53*53-8-91-49-52-89-96-42-5-77*53-8-90-49-52-89-96-42-5-77*5-42-73-89-52-49-91-90-8-53*38-63-53-8-90-49-91-52-89-109*55-45-63-53-8-90-91-52-10-40*27-105-94-6-85-22-19-33-99-69*70-103-62-8-35-15-54-85-6-81*53-90-91-49-52-89-96-42-5-77*5-42-73-89-52-49-91-90-8-53*42-5-36-108-72-44-82-99-14-76*87-38-63-8-90-91-49-52-89-106*13-32-68-95-17-56-87-80-58-60*45-63-53-8-90-49-52-89-109-11*12-63-45-55-101-94-105-81-6-24*68-95-17-39-55-63-12-16-41-47*38-63-53-8-90-49-91-52-89-109*53-90-91-49-52-89-11-64-73-106*5-42-73-89-52-49-91-62-8-53*96-64-92-9-23-19-31-102-88-71*87-38-63-8-90-91-49-52-10-40*79-64-92-18-34-15-83-105-94-101*79-64-92-18-34-15-83-105-94-101*78-39-55-45-2-15-18-98-67-92*24-6-85-54-3-93-100-52-10-40*104-84-7-49-91-35-15-83-94-105*20-17-65-39-55-63-12-103-70-25*52-91-90-53-45-55-39-17-95-78*32-59-27-94-83-15-18-92-72-48*89-52-91-49-90-8-53-38-80-97*30-26-82-19-22-85-6-81-94-105*1-0-87-55-101-94-105-81-6-24*40-10-52-91-49-90-53-38-80-97*4-36-64-89-52-49-90-8-62-12*64-11-89-52-49-90-53-38-80-97*29-30-43-72-79-73-106-57-40-37*53-90-91-49-52-89-11-64-36-107*40-10-52-91-49-90-53-63-38-80*53-90-91-49-52-89-11-64-36-107*75-50-65-39-55-45-53-62-103-70*87-38-63-8-90-91-49-52-89-106*42-5-36-108-72-44-82-99-14-76*

\
Best Passenger Route set sting:
\
3-15-66-22-85-19-31-23-9-18-67-93-35-8-62-103-41-74-60-16-12*19-22-66-3-9-92-64-79-73-89-52-49-91-90-8-63-38-87-55-45-80-58*99-69-76-14-33-23-9-18-100-52-7-84-104-25-10-57-106-89-109-64-79-48*92-72-48-44-82-33-31-23-9-18-98-67-100-52-10-40-37-57-106-89-42-5*58-47-74-60-41-12-63-2-15-54-85-24-102-88-71-31-22-66-3-81-86-6*29-43-72-79-64-11-89-52-10-70-7-49-90-91-8-35-15-83-3-66-18-67*43-30-26-44-92-67-98-93-35-8-53-12-74-60-58-47-103-70-10-7-57*95-17-56-87-1-97-58-47-60-74-38-55-101-27-21-28-86-51-71-88-102-31*7-10-40-57-106-73-64-92-18-66-3-6-86-51-88-71-31-22-19-82-99-76*18-66-93-100-91-8-63-45-87-38-53-90-49-52-89-11-64-36-108-5-107-77*106-42-5-36-72-48-79-64-89-52-91-62-12-60-58-97-0-39-17-95-68-50*89-109-11-42-57-106-73-96-64-92-9-23-31-88-71-102-76-99-69-43-30*37-40-57-42-106-73-89-52-49-91-90-53-63-55-101-27-105-83-2-45-87-97*25-104-84-70-103-62-8-35-34-66-3-19-33-99-69-14-31-22-85-81*109-64-79-36-107-5-42-73-89-52-49-90-8-53-63-45-2-94-83-105-81-3*65-17-20-32-21-28-86-46-51-102-31-33-82-44-72-48-107-77-4-108-5*68-21-59-32-20-17-65-56-1-0-87-45-2-15-34-18-92-44-26-43-30-29*87-39-17-50-20-95-27-105-83-15-18-92-72-108-107-5-11-109-64-36-79*55-45-80-87-0-1-61-65-17-27-94-105-81-6-24-31-76-14-69-30-43*39-17-27-59-32-21-28-86-71-88-51-31-19-9-18-100-52-7-84-104*1-87-38-63-8-90-91-52-89-109-64-73-79-48-36-72-44-82-99-69*53-38-58-60-74-16-103-41-47-12-63-2-15-54-85-24-102-88-71-51-31-22*1-61-0-78-65-39-55-63-45-53-8-90-91-100-67-98-93-34-18-92-44*71-88-31-19-23-82-99-69-43-72-79-73-106-57-40-37-104-25-7-10-52*68-13-28-46-86-51-102-31-33-82-44-72-108-4-77-107-48-92-64-79-73-109*28-59-95-20-32-68-17-39-55-63-8-90-91-49-52-89-11-73-96-42-5-107*70-10-40-57-106-89-73-79-72-43-30-69-99-14-76-33-23-19-22-54*27-17-78-39-55-45-2-15-66-9-23-82-26-43-30-44-92-18-93-34-54-24*61-65-17-50-32-59-27-94-105-83-35-49-91-8-90-53-12-47-74-38-63*20-68-95-50-13-32-59-27-105-83-15-34-93-100-52-89-11-96-73-64-109*46-28-21-32-13-50-68-59-27-94-83-34-18-92-64-36-107-4-108-72-26*98-3-81-94-101-55-63-38-80-87-97-1-56-65-17-95-59-21-86-51-88-71*86-28-21-13-32-27-105-83-35-49-91-52-89-73-42-96-64-11-79-108-107-36*32-95-50-68-21-28-86-6-85-54-3-9-92-64-96-42-5-77-4-108-36-48*73-96-64-109-11-89-52-91-90-8-63-38-87-56-65-50-17-39-55-80-0-78*57-37-40-7-103-62-53-45-55-101-27-21-28-86-51-31-102-76-69-43-30*97-58-74-47-60-41-16-12-63-55-39-17-50-75-20-68-59-27-94-85-54-6*75-50-20-95-17-65-61-56-87-38-63-53-90-49-52-89-11-5-77-4-107-36*33-14-76-69-43-30-26-82-19-85-94-105-27-95-50-65-56-0-1-87-39*75-20-50-95-78-39-17-27-105-83-15-34-18-92-72-48-107-77-4-108-36-64*77-5-108-4-107-36-64-89-52-49-90-53-63-38-58-97-0-39-55-101*28-13-32-50-17-78-65-39-0-87-55-101-94-6-85-19-82-26-29-43*36-48-72-43-30-26-82-23-19-22-85-94-27-59-32-68-20-17-78-0-97-80*10-57-40-104-84-7-52-89-11-64-79-72-44-82-99-76-31-102-24-86-51*65-78-95-20-17-39-55-63-53-8-90-91-52-89-73-79-36-108-5-42-96-11*20-68-50-95-27-59-28-21-46-86-6-85-54-3-93-100-52-10-104-41-60-58*19-23-82-33-31-71-86-6-85-54-3-93-100-52-7-84-70-25-40-37-10-104*35-90-91-49-52-10-25-84-37-7-103-62-53-63-55-39-17-95-68-50-20-75*29-30-43-44-92-67-18-15-2-63-38-80-58-74-12-60-47-41-103-70*41-104-70-25-7-10-52-100-18-9-19-102-88-71-86-51-31-33-99-69-76*71-88-102-51-86-28-59-27-101-55-38-74-47-103-62-90-35-93-100-67-98-18*31-88-102-14-69-99-33-19-3-34-35-8-62-12-47-74-16-70-7-49-91-100*46-51-102-14-76-69-99-33-19-22-54-15-2-45-38-80-97-87-56-61-0-1*79-108-4-36-64-89-52-49-90-8-63-38-80-0-61-56-65-78-17-50-95-20*82-23-31-51-46-28-21-13-32-27-94-83-15-35-49-52-10-57-40-7-104*32-59-27-21-28-13-68-95-17-39-55-63-53-90-91-52-89-42-11-109-64-96*