2_2_Mumford0_GA_Crossover RESULTS EVALUATION:
\
HV:0.8266 | BM:0.8087

\
	Operator	Passenger
\
f1_ATT	27.0220		15.1459
\
f2_TRT	96		490
\
d_0	22.7291		77.6771
\
d_1	37.2399		22.3229
\
d_2	20.8294		0.0000
\
d_un	19.2015		0.0000

\
Best Operator Route set:
\
[[0, 26],
[29, 2, 10],
[21, 6],
[8, 12, 19, 22, 25, 28, 7, 27, 10, 15, 21, 5],
[11, 17, 22],
[0, 13],
[20, 24, 4],
[7, 20, 14, 23, 1, 9],
[3, 1],
[22, 18],
[18, 0],
[16, 7]]

\
Best Passenger Route set:
\
[[9, 3, 11, 25, 28, 7, 20, 14, 24, 4],
[1, 9, 23, 14, 20, 7, 27, 10, 21, 5],
[2, 29, 27, 7, 25, 22, 19, 12, 8],
[2, 27, 16, 28, 17, 19, 8, 12, 0, 18, 13, 6, 10, 15, 29],
[15, 10, 27, 7, 20, 23, 1, 3, 11, 17, 22, 0, 18, 13],
[14, 1, 23, 24, 4, 7, 27, 29, 2, 10],
[3, 24, 7, 2, 21, 15, 29, 27, 16, 28, 17, 22, 18, 0, 26],
[9, 23, 14, 11, 17, 22, 18, 0, 26],
[13, 6, 16, 7, 4, 24, 20, 14, 11, 17, 19, 12, 8, 26],
[17, 18, 0, 25, 7, 20, 4, 3],
[9, 23, 14, 11, 17, 22, 0, 13, 6, 21, 5, 15, 2],
[4, 24, 1, 3, 9, 23, 14, 7, 16, 6, 5]]

\
Best Operator Route set string:
\
0-26*29-2-10*21-6*8-12-19-22-25-28-7-27-10-15-21-5*11-17-22*0-13*20-24-4*7-20-14-23-1-9*3-1*22-18*18-0*16-7*

\
Best Passenger Route set sting:
\
9-3-11-25-28-7-20-14-24-4*1-9-23-14-20-7-27-10-21-5*2-29-27-7-25-22-19-12-8*2-27-16-28-17-19-8-12-0-18-13-6-10-15-29*15-10-27-7-20-23-1-3-11-17-22-0-18-13*14-1-23-24-4-7-27-29-2-10*3-24-7-2-21-15-29-27-16-28-17-22-18-0-26*9-23-14-11-17-22-18-0-26*13-6-16-7-4-24-20-14-11-17-19-12-8-26*17-18-0-25-7-20-4-3*9-23-14-11-17-22-0-13-6-21-5-15-2*4-24-1-3-9-23-14-7-16-6-5*