8_2_Mumford0_GA_Crossover_prob RESULTS EVALUATION:
\
HV:0.8215 | BM:0.8087

\
	Operator	Passenger
\
f1_ATT	29.1563		15.0370
\
f2_TRT	96		526
\
d_0	15.3905		81.4034
\
d_1	30.4185		18.5966
\
d_2	28.6883		0.0000
\
d_un	25.5027		0.0000

\
Best Operator Route set:
\
[[6, 10, 15],
[13, 18, 0, 22, 17],
[19, 8],
[4, 24],
[22, 25, 28],
[2, 10, 21, 5],
[9, 3, 23, 14, 11, 17, 19],
[29, 2, 27, 7, 20, 14, 24],
[0, 26],
[16, 27],
[3, 1],
[12, 19]]

\
Best Passenger Route set:
\
[[21, 5, 6, 13, 18, 0, 22, 19, 12, 17, 28, 25, 11, 14, 23],
[5, 21, 6, 13, 0, 26, 8, 12, 19, 17, 11, 14, 23, 1, 9],
[23, 9, 1, 3, 11, 17, 22, 0, 18, 13, 6, 10, 29, 2, 27],
[19, 17, 28, 16, 15, 2, 27],
[9, 1, 14, 7, 27, 10, 21, 5],
[8, 12, 19, 22, 25, 7, 20, 24, 14, 11],
[19, 18, 13, 6, 15, 2, 29, 27, 16, 28, 25, 0, 26, 8],
[4, 3, 1, 23, 14, 20, 7, 16, 6, 13, 0, 18, 12],
[8, 12, 19, 17, 28, 16, 10, 21],
[13, 18, 0, 25, 28, 16, 6, 5, 21, 2, 29, 27, 7, 24, 3],
[5, 21, 15, 10, 27, 7, 20, 14, 23, 4, 1],
[23, 14, 11, 17, 22, 18, 0, 28, 7, 4, 24, 3, 1, 9]]

\
Best Operator Route set string:
\
6-10-15*13-18-0-22-17*19-8*4-24*22-25-28*2-10-21-5*9-3-23-14-11-17-19*29-2-27-7-20-14-24*0-26*16-27*3-1*12-19*

\
Best Passenger Route set sting:
\
21-5-6-13-18-0-22-19-12-17-28-25-11-14-23*5-21-6-13-0-26-8-12-19-17-11-14-23-1-9*23-9-1-3-11-17-22-0-18-13-6-10-29-2-27*19-17-28-16-15-2-27*9-1-14-7-27-10-21-5*8-12-19-22-25-7-20-24-14-11*19-18-13-6-15-2-29-27-16-28-25-0-26-8*4-3-1-23-14-20-7-16-6-13-0-18-12*8-12-19-17-28-16-10-21*13-18-0-25-28-16-6-5-21-2-29-27-7-24-3*5-21-15-10-27-7-20-14-23-4-1*23-14-11-17-22-18-0-28-7-4-24-3-1-9*