3_3_Mumford1_GA_Mutations RESULTS EVALUATION:
\
HV:0.7072 | BM:0.7758

\
	Operator	Passenger
\
f1_ATT	33.8528		25.4524
\
f2_TRT	513		688
\
d_0	20.7064		35.1802
\
d_1	42.9754		56.2406
\
d_2	30.3795		8.3731
\
d_un	5.9387		0.2061

\
Best Operator Route set:
\
[[63, 21, 24, 30, 26, 16, 10, 17, 61, 60, 44, 14],
[39, 18, 54, 19, 38, 36, 45, 58, 64, 52],
[29, 3, 66, 19, 38, 36, 45, 58, 64, 52],
[48, 29, 3, 66, 19, 38, 36, 45, 58, 64, 52],
[22, 33, 20, 55, 10, 16, 26, 49, 15, 42, 62],
[46, 40, 53, 47, 6, 56, 28, 8, 10, 59],
[39, 18, 38, 36, 45, 41, 34, 35, 51, 56],
[46, 40, 7, 4, 25, 27, 67, 37, 5, 65, 32],
[48, 29, 3, 66, 19, 38, 36, 45, 58, 64, 52],
[29, 69, 66, 19, 54, 36, 45, 58, 64, 52],
[4, 25, 57, 35, 51, 8, 26, 1, 68, 9, 31, 11],
[39, 18, 54, 19, 38, 36, 45, 58, 64, 52],
[39, 18, 54, 19, 38, 36, 45, 58, 64, 52],
[33, 58, 64, 52, 10, 55, 20, 13, 50, 43],
[2, 0, 23, 69, 38, 36, 45, 41, 25, 12, 4, 53]]

\
Best Passenger Route set:
\
[[27, 25, 57, 35, 64, 52, 20, 17, 61, 60, 44, 14],
[68, 59, 10, 55, 52, 64, 51, 35, 41, 27, 67, 37, 65],
[48, 29, 69, 23, 50, 43, 17, 59, 1, 49, 15, 42],
[48, 3, 69, 66, 19, 38, 36, 45, 34, 35, 6, 21, 24, 42],
[32, 39, 18, 54, 36, 45, 41, 12, 4, 40, 46],
[40, 53, 47, 6, 56, 28, 8, 55, 17, 61, 44],
[0, 2, 50, 43, 33, 22, 45, 41, 25, 4, 7, 40, 46],
[14, 44, 60, 61, 43, 13, 22, 38, 54, 5, 37, 67, 27, 12],
[62, 26, 16, 55, 52, 64, 58, 45, 36, 54, 18, 39, 32],
[31, 11, 9, 59, 17, 20, 33, 22, 19, 18, 39, 32],
[0, 23, 69, 38, 36, 45, 41, 25, 12, 4, 53],
[60, 14, 2, 50, 13, 22, 45, 41, 12, 40, 7, 46],
[62, 21, 63, 6, 35, 34, 45, 36, 38, 3, 29, 48],
[63, 21, 24, 30, 26, 16, 10, 55, 20, 43, 50, 0],
[31, 1, 26, 8, 51, 35, 57, 34, 41, 27, 67]]

\
Best Operator Route set string:
\
63-21-24-30-26-16-10-17-61-60-44-14*39-18-54-19-38-36-45-58-64-52*29-3-66-19-38-36-45-58-64-52*48-29-3-66-19-38-36-45-58-64-52*22-33-20-55-10-16-26-49-15-42-62*46-40-53-47-6-56-28-8-10-59*39-18-38-36-45-41-34-35-51-56*46-40-7-4-25-27-67-37-5-65-32*48-29-3-66-19-38-36-45-58-64-52*29-69-66-19-54-36-45-58-64-52*4-25-57-35-51-8-26-1-68-9-31-11*39-18-54-19-38-36-45-58-64-52*39-18-54-19-38-36-45-58-64-52*33-58-64-52-10-55-20-13-50-43*2-0-23-69-38-36-45-41-25-12-4-53*

\
Best Passenger Route set sting:
\
27-25-57-35-64-52-20-17-61-60-44-14*68-59-10-55-52-64-51-35-41-27-67-37-65*48-29-69-23-50-43-17-59-1-49-15-42*48-3-69-66-19-38-36-45-34-35-6-21-24-42*32-39-18-54-36-45-41-12-4-40-46*40-53-47-6-56-28-8-55-17-61-44*0-2-50-43-33-22-45-41-25-4-7-40-46*14-44-60-61-43-13-22-38-54-5-37-67-27-12*62-26-16-55-52-64-58-45-36-54-18-39-32*31-11-9-59-17-20-33-22-19-18-39-32*0-23-69-38-36-45-41-25-12-4-53*60-14-2-50-13-22-45-41-12-40-7-46*62-21-63-6-35-34-45-36-38-3-29-48*63-21-24-30-26-16-10-55-20-43-50-0*31-1-26-8-51-35-57-34-41-27-67*