3_3_Mumford1_GA_Mutations RESULTS EVALUATION:
\
HV:0.7151 | BM:0.7758

\
	Operator	Passenger
\
f1_ATT	31.0736		25.2893
\
f2_TRT	506		698
\
d_0	22.1071		31.5258
\
d_1	49.5958		56.4727
\
d_2	26.5553		11.5753
\
d_un	1.7418		0.4262

\
Best Operator Route set:
\
[[52, 64, 58, 45, 36, 38, 19, 66, 3, 69, 23],
[52, 64, 58, 45, 36, 38, 19, 66, 3, 69],
[52, 64, 58, 45, 36, 38, 19, 66, 3, 69],
[0, 2, 50, 43, 20, 55, 16, 26, 49, 15, 42, 62],
[52, 64, 58, 45, 36, 38, 19, 66, 3, 69],
[10, 55, 20, 33, 22, 38, 19, 54, 18, 32],
[63, 21, 24, 30, 26, 16, 10, 55, 20, 17, 61, 60, 44, 14],
[27, 25, 12, 41, 45, 36, 54, 65, 37, 5, 67],
[48, 39, 18, 54, 36, 45, 34, 57, 35, 51, 56],
[29, 3, 66, 38, 36, 41, 12, 4, 7, 46, 40],
[46, 40, 53, 47, 6, 56, 8, 28, 10, 59],
[4, 25, 34, 35, 51, 8, 26, 1, 9, 68, 11, 31],
[43, 20, 10, 55, 52, 64, 58, 33, 13, 50],
[52, 64, 58, 45, 36, 38, 19, 66, 3, 69],
[52, 64, 58, 45, 36, 38, 19, 66, 3, 69]]

\
Best Passenger Route set:
\
[[46, 40, 7, 47, 6, 56, 8, 55, 17, 61, 44, 14],
[18, 39, 32, 54, 36, 45, 34, 57, 35, 51, 56],
[11, 9, 59, 17, 20, 33, 22, 19, 54, 5, 37],
[5, 67, 37, 65, 54, 19, 22, 13, 43, 61, 60, 44],
[13, 20, 10, 55, 52, 64, 58, 33, 50, 43],
[47, 53, 4, 25, 34, 35, 6, 56, 28, 8, 52, 64, 58, 33, 13],
[42, 15, 49, 26, 8, 51, 34, 45, 36, 54, 5, 65, 37],
[48, 66, 19, 38, 36, 45, 34, 35, 6, 63, 24, 62, 21],
[39, 48, 66, 19, 3, 38, 36, 41, 25, 4, 53],
[14, 2, 50, 13, 22, 45, 41, 12, 4, 7, 46],
[31, 1, 26, 8, 52, 64, 58, 45, 36, 54, 18],
[68, 9, 1, 26, 8, 51, 34, 41, 27, 67, 37],
[1, 16, 55, 20, 33, 22, 38, 66, 3, 48, 39],
[29, 3, 0, 50, 43, 17, 10, 16, 26, 30, 24, 21, 6, 35, 57, 41, 27, 67],
[29, 3, 69, 23, 50, 43, 17, 59, 1, 49, 15, 42]]

\
Best Operator Route set string:
\
52-64-58-45-36-38-19-66-3-69-23*52-64-58-45-36-38-19-66-3-69*52-64-58-45-36-38-19-66-3-69*0-2-50-43-20-55-16-26-49-15-42-62*52-64-58-45-36-38-19-66-3-69*10-55-20-33-22-38-19-54-18-32*63-21-24-30-26-16-10-55-20-17-61-60-44-14*27-25-12-41-45-36-54-65-37-5-67*48-39-18-54-36-45-34-57-35-51-56*29-3-66-38-36-41-12-4-7-46-40*46-40-53-47-6-56-8-28-10-59*4-25-34-35-51-8-26-1-9-68-11-31*43-20-10-55-52-64-58-33-13-50*52-64-58-45-36-38-19-66-3-69*52-64-58-45-36-38-19-66-3-69*

\
Best Passenger Route set sting:
\
46-40-7-47-6-56-8-55-17-61-44-14*18-39-32-54-36-45-34-57-35-51-56*11-9-59-17-20-33-22-19-54-5-37*5-67-37-65-54-19-22-13-43-61-60-44*13-20-10-55-52-64-58-33-50-43*47-53-4-25-34-35-6-56-28-8-52-64-58-33-13*42-15-49-26-8-51-34-45-36-54-5-65-37*48-66-19-38-36-45-34-35-6-63-24-62-21*39-48-66-19-3-38-36-41-25-4-53*14-2-50-13-22-45-41-12-4-7-46*31-1-26-8-52-64-58-45-36-54-18*68-9-1-26-8-51-34-41-27-67-37*1-16-55-20-33-22-38-66-3-48-39*29-3-0-50-43-17-10-16-26-30-24-21-6-35-57-41-27-67*29-3-69-23-50-43-17-59-1-49-15-42*