24_3_Mumford1_SA_Mutations_more RESULTS EVALUATION:
\
HV:0.7573 | BM:0.7758

\
	Operator	Passenger
\
f1_ATT	29.5892		22.9156
\
f2_TRT	533		1479
\
d_0	23.5691		50.3045
\
d_1	53.7813		48.1873
\
d_2	20.3398		1.5082
\
d_un	2.3098		0.0000

\
Best Operator Route set:
\
[[27, 41, 34, 58, 64, 52, 20, 17, 61, 60],
[46, 40, 53, 47, 6, 56, 28, 8, 10, 59],
[32, 39, 18, 54, 36, 45, 58, 51, 35, 6],
[23, 2, 0, 69, 3, 66, 19, 38, 22, 33],
[29, 48, 66, 19, 36, 45, 34, 35, 51, 8, 26, 62],
[4, 25, 12, 41, 45, 22, 13, 50, 2, 14],
[7, 4, 12, 25, 41, 34, 57, 35, 6, 47],
[50, 43, 20, 55, 10, 16, 26, 30, 24, 21],
[63, 21, 30, 26, 16, 10, 17, 61, 60, 44],
[5, 18, 54, 36, 45, 58, 64, 52, 10, 16],
[68, 9, 11, 31, 1, 26, 8, 51, 41, 45],
[49, 26, 16, 10, 55, 20, 33, 22, 19, 66],
[37, 65, 5, 54, 19, 22, 33, 43, 61, 60],
[22, 33, 20, 55, 10, 16, 26, 49, 15, 42],
[12, 25, 27, 41, 36, 54, 18, 5, 37, 67]]

\
Best Passenger Route set:
\
[[13, 20, 10, 28, 56, 6, 47, 53, 4, 12, 41, 51, 8, 26, 1, 68, 9, 17, 44, 14, 2, 23, 3, 48, 39, 18],
[52, 64, 58, 34, 41, 12, 40, 7, 4, 25, 27, 67, 5, 54, 66, 69, 23, 50, 13, 22, 36, 19, 65],
[42, 62, 21, 6, 35, 41, 36, 54, 18, 39, 48, 3, 66],
[6, 21, 62, 49, 11, 9, 17, 20, 33, 22, 38, 54, 32, 39],
[23, 29, 19, 65, 67, 18, 38, 66, 69, 0, 2, 14, 44, 60, 61, 17, 55, 8, 56, 6, 47, 7, 40, 46, 53],
[41, 34, 51, 35, 6, 63, 24, 30, 15, 11, 31, 1, 26, 8, 52, 64, 58, 45, 36, 54, 5, 65, 37, 32, 39],
[16, 1, 9, 31, 11, 68, 59, 10, 55, 52, 64, 35, 34, 25, 12, 27, 67, 37, 65, 18, 19, 22, 33, 58, 51],
[51, 57, 25, 12, 41, 45, 22, 13, 43, 61, 44, 14, 2, 50, 33, 58, 35, 6, 63, 30, 26, 62],
[24, 42, 49, 9, 59, 10, 52, 20, 43, 13, 33, 58, 35, 57, 41, 36, 38, 69, 29, 48, 39, 32, 18, 5, 65, 54, 66, 3, 0],
[18, 66, 48, 29, 23, 0, 50, 43, 20, 55, 16, 26, 30, 24, 21, 62, 49],
[30, 21, 63, 24, 62, 42, 15, 49, 26, 8, 51, 41, 27, 67, 37, 65, 32, 39, 48, 69, 0, 3, 38, 22, 33],
[34, 35, 6, 47, 53, 4, 12, 25, 27, 67, 5, 37, 65, 19, 22, 33, 20, 10, 16, 26, 49, 15, 62, 30, 63],
[31, 11, 59, 1, 16, 26, 8, 28, 56, 51, 34, 45, 36, 19, 66, 3, 29, 48, 39, 65],
[28, 10, 52, 8, 56, 6, 63, 24, 42, 15, 49, 1, 59, 17, 50, 23, 3, 48, 39, 32, 18, 37, 5, 54, 19, 66, 38, 22, 33],
[60, 17, 61, 14, 2, 50, 33, 58, 34, 57, 51, 64, 52, 20, 13, 22, 45, 41, 25, 4, 40, 46, 53, 47, 6, 63, 24, 30, 26]]

\
Best Operator Route set string:
\
27-41-34-58-64-52-20-17-61-60*46-40-53-47-6-56-28-8-10-59*32-39-18-54-36-45-58-51-35-6*23-2-0-69-3-66-19-38-22-33*29-48-66-19-36-45-34-35-51-8-26-62*4-25-12-41-45-22-13-50-2-14*7-4-12-25-41-34-57-35-6-47*50-43-20-55-10-16-26-30-24-21*63-21-30-26-16-10-17-61-60-44*5-18-54-36-45-58-64-52-10-16*68-9-11-31-1-26-8-51-41-45*49-26-16-10-55-20-33-22-19-66*37-65-5-54-19-22-33-43-61-60*22-33-20-55-10-16-26-49-15-42*12-25-27-41-36-54-18-5-37-67*

\
Best Passenger Route set sting:
\
13-20-10-28-56-6-47-53-4-12-41-51-8-26-1-68-9-17-44-14-2-23-3-48-39-18*52-64-58-34-41-12-40-7-4-25-27-67-5-54-66-69-23-50-13-22-36-19-65*42-62-21-6-35-41-36-54-18-39-48-3-66*6-21-62-49-11-9-17-20-33-22-38-54-32-39*23-29-19-65-67-18-38-66-69-0-2-14-44-60-61-17-55-8-56-6-47-7-40-46-53*41-34-51-35-6-63-24-30-15-11-31-1-26-8-52-64-58-45-36-54-5-65-37-32-39*16-1-9-31-11-68-59-10-55-52-64-35-34-25-12-27-67-37-65-18-19-22-33-58-51*51-57-25-12-41-45-22-13-43-61-44-14-2-50-33-58-35-6-63-30-26-62*24-42-49-9-59-10-52-20-43-13-33-58-35-57-41-36-38-69-29-48-39-32-18-5-65-54-66-3-0*18-66-48-29-23-0-50-43-20-55-16-26-30-24-21-62-49*30-21-63-24-62-42-15-49-26-8-51-41-27-67-37-65-32-39-48-69-0-3-38-22-33*34-35-6-47-53-4-12-25-27-67-5-37-65-19-22-33-20-10-16-26-49-15-62-30-63*31-11-59-1-16-26-8-28-56-51-34-45-36-19-66-3-29-48-39-65*28-10-52-8-56-6-63-24-42-15-49-1-59-17-50-23-3-48-39-32-18-37-5-54-19-66-38-22-33*60-17-61-14-2-50-33-58-34-57-51-64-52-20-13-22-45-41-25-4-40-46-53-47-6-63-24-30-26*