23_3_Mumford1_SA_Mutations RESULTS EVALUATION:
\
HV:0.7425 | BM:0.7758

\
	Operator	Passenger
\
f1_ATT	30.0924		23.5971
\
f2_TRT	531		1220
\
d_0	21.2572		45.5360
\
d_1	48.8363		51.4062
\
d_2	25.0995		3.0579
\
d_un	4.8069		0.0000

\
Best Operator Route set:
\
[[12, 25, 27, 41, 34, 58, 64, 52, 20, 17],
[7, 46, 40, 53, 47, 6, 56, 28, 8, 10],
[32, 39, 18, 54, 36, 45, 58, 51, 35, 57],
[39, 48, 29, 23, 2, 0, 69, 3, 66, 19],
[3, 48, 66, 19, 36, 45, 34, 35, 58, 64],
[51, 41, 45, 22, 13, 50, 2, 14, 44, 60],
[40, 7, 4, 12, 25, 41, 34, 57, 35, 6],
[50, 43, 20, 55, 10, 16, 26, 30, 24, 42],
[6, 63, 21, 24, 30, 26, 16, 10, 17, 61],
[27, 67, 5, 18, 54, 36, 45, 58, 64, 52, 8],
[64, 52, 10, 59, 68, 9, 11, 31, 1, 26],
[26, 16, 10, 55, 20, 33, 22, 19, 66, 48],
[48, 66, 38, 18, 37, 65, 5, 54, 19, 22],
[20, 55, 10, 16, 26, 49, 15, 42, 62, 30],
[53, 4, 40, 12, 25, 27, 41, 36, 54, 66]]

\
Best Passenger Route set:
\
[[44, 17, 20, 52, 8, 56, 51, 35, 57, 25],
[69, 48, 3, 66, 38, 36, 45, 58, 35, 6, 63, 21, 62, 49, 1, 59, 17, 44, 14],
[65, 5, 67, 27, 25, 41, 45, 22, 13, 43, 20, 52, 64, 35, 34, 58, 33, 50, 0, 3],
[38, 18, 32, 65, 67, 27, 41, 34, 35, 6, 63, 30, 26, 1, 31, 11, 68, 9, 17, 43, 13, 22, 33, 58, 51, 8, 55, 20, 10, 28],
[67, 27, 12, 4, 7, 47, 6, 63, 24, 62, 42, 49, 11, 9, 17, 50, 23, 29, 66, 54, 38],
[63, 21, 30, 26, 8, 10, 59, 9, 68, 1, 16, 55, 52, 64, 35, 57, 34, 45],
[30, 26, 62, 15, 49, 1, 59, 17, 50, 2, 23, 3, 66, 18],
[21, 24, 42, 15, 49, 26, 8, 51, 34, 41, 45, 36, 54, 18, 65, 19],
[3, 29, 19, 66, 18, 5, 67, 27, 41, 51, 64, 52, 10, 17, 61, 14, 2, 50, 33, 58, 57, 25, 4, 53, 47],
[37, 5, 32, 39, 48, 69, 0, 50, 43, 20, 55, 16, 26, 30, 24, 42, 49],
[45, 36, 54, 18, 39, 48, 29, 69, 38, 22, 33, 20, 17, 60, 44, 14, 2, 50, 43],
[1, 26, 16, 55, 10, 28, 56, 6, 47, 53, 46, 40, 7, 4, 12, 41, 36, 38, 19, 69, 23, 0, 2, 14, 44, 60],
[46, 40, 4, 25, 34, 57, 35, 64, 52, 8, 28],
[46, 7, 4, 25, 41, 58, 64, 52, 8, 26, 1, 31, 11, 9, 16, 55, 20, 13, 33, 22, 36],
[39, 48, 3, 23, 2, 14, 60, 44, 61, 17, 20, 33, 22, 19, 54, 5, 37, 67, 27, 25, 12, 40, 46]]

\
Best Operator Route set string:
\
12-25-27-41-34-58-64-52-20-17*7-46-40-53-47-6-56-28-8-10*32-39-18-54-36-45-58-51-35-57*39-48-29-23-2-0-69-3-66-19*3-48-66-19-36-45-34-35-58-64*51-41-45-22-13-50-2-14-44-60*40-7-4-12-25-41-34-57-35-6*50-43-20-55-10-16-26-30-24-42*6-63-21-24-30-26-16-10-17-61*27-67-5-18-54-36-45-58-64-52-8*64-52-10-59-68-9-11-31-1-26*26-16-10-55-20-33-22-19-66-48*48-66-38-18-37-65-5-54-19-22*20-55-10-16-26-49-15-42-62-30*53-4-40-12-25-27-41-36-54-66*

\
Best Passenger Route set sting:
\
44-17-20-52-8-56-51-35-57-25*69-48-3-66-38-36-45-58-35-6-63-21-62-49-1-59-17-44-14*65-5-67-27-25-41-45-22-13-43-20-52-64-35-34-58-33-50-0-3*38-18-32-65-67-27-41-34-35-6-63-30-26-1-31-11-68-9-17-43-13-22-33-58-51-8-55-20-10-28*67-27-12-4-7-47-6-63-24-62-42-49-11-9-17-50-23-29-66-54-38*63-21-30-26-8-10-59-9-68-1-16-55-52-64-35-57-34-45*30-26-62-15-49-1-59-17-50-2-23-3-66-18*21-24-42-15-49-26-8-51-34-41-45-36-54-18-65-19*3-29-19-66-18-5-67-27-41-51-64-52-10-17-61-14-2-50-33-58-57-25-4-53-47*37-5-32-39-48-69-0-50-43-20-55-16-26-30-24-42-49*45-36-54-18-39-48-29-69-38-22-33-20-17-60-44-14-2-50-43*1-26-16-55-10-28-56-6-47-53-46-40-7-4-12-41-36-38-19-69-23-0-2-14-44-60*46-40-4-25-34-57-35-64-52-8-28*46-7-4-25-41-58-64-52-8-26-1-31-11-9-16-55-20-13-33-22-36*39-48-3-23-2-14-60-44-61-17-20-33-22-19-54-5-37-67-27-25-12-40-46*