33_2_Mumford0__ALL_param RESULTS EVALUATION:
\
HV:0.8002 | BM:0.8087

\
	Operator	Passenger
\
f1_ATT	34.8767		15.6593
\
f2_TRT	98		564
\
d_0	14.7767		65.7324
\
d_1	28.6942		33.5545
\
d_2	27.4112		0.7131
\
d_un	29.1180		0.0000

\
Best Operator Route set:
\
[[6, 15, 10],
[13, 18, 0, 22, 17],
[17, 12, 8],
[4, 24],
[22, 25, 28],
[2, 27, 7, 20, 24, 1],
[1, 9, 23, 14, 11, 17],
[5, 21, 10, 2, 29],
[0, 26],
[16, 27],
[3, 1],
[12, 19]]

\
Best Passenger Route set:
\
[[19, 22, 25, 28, 7, 16, 6, 5, 21, 15, 2],
[26, 8, 12, 0, 22, 17, 11, 14, 24, 4, 7, 28],
[25, 0, 26, 8, 19, 17, 28, 7, 20, 24, 3, 9, 23, 14],
[28, 16, 10, 15, 6, 13, 0, 12, 8, 19, 17, 11, 3, 1, 9],
[21, 6, 16, 7, 14, 3, 11, 25, 22, 17, 19, 8],
[15, 16, 10, 6, 13, 18, 0, 22, 17, 11, 3, 1, 9],
[4, 14, 23, 3, 1, 24, 7, 25, 28],
[15, 29, 2, 7, 4, 24, 1, 9, 23],
[8, 19, 17, 12, 22, 25, 28, 16, 27, 29, 2, 21, 5],
[23, 1, 14, 3, 4, 7, 10, 21, 2],
[2, 6, 13, 0, 25, 11, 14, 7, 27, 10, 15, 29],
[1, 9, 23, 20, 7, 25, 28, 0, 18, 13, 6, 15, 2, 21]]

\
Best Operator Route set string:
\
6-15-10*13-18-0-22-17*17-12-8*4-24*22-25-28*2-27-7-20-24-1*1-9-23-14-11-17*5-21-10-2-29*0-26*16-27*3-1*12-19*

\
Best Passenger Route set sting:
\
19-22-25-28-7-16-6-5-21-15-2*26-8-12-0-22-17-11-14-24-4-7-28*25-0-26-8-19-17-28-7-20-24-3-9-23-14*28-16-10-15-6-13-0-12-8-19-17-11-3-1-9*21-6-16-7-14-3-11-25-22-17-19-8*15-16-10-6-13-18-0-22-17-11-3-1-9*4-14-23-3-1-24-7-25-28*15-29-2-7-4-24-1-9-23*8-19-17-12-22-25-28-16-27-29-2-21-5*23-1-14-3-4-7-10-21-2*2-6-13-0-25-11-14-7-27-10-15-29*1-9-23-20-7-25-28-0-18-13-6-15-2-21*