33_2_Mumford0__ALL_param RESULTS EVALUATION:
\
HV:0.7992 | BM:0.8087

\
	Operator	Passenger
\
f1_ATT	34.8767		15.6979
\
f2_TRT	98		753
\
d_0	14.7767		61.9038
\
d_1	28.6942		37.7104
\
d_2	27.4112		0.3858
\
d_un	29.1180		0.0000

\
Best Operator Route set:
\
[[6, 15, 10],
[13, 18, 0, 22, 17],
[17, 12, 8],
[4, 24],
[22, 25, 28],
[2, 27, 7, 20, 24, 1],
[1, 9, 23, 14, 11, 17],
[5, 21, 10, 2, 29],
[0, 26],
[16, 27],
[3, 1],
[12, 19]]

\
Best Passenger Route set:
\
[[10, 27, 16, 28, 25, 11, 3, 9, 14, 7, 2, 6, 13, 18, 17],
[10, 6, 13, 0, 12, 17, 11, 25, 28, 7, 2, 15],
[12, 18, 22, 17, 11, 14, 1, 23, 20, 7, 16, 10, 21, 2, 6],
[15, 29, 27, 16, 28, 17, 0, 25, 11, 14, 24, 4],
[10, 15, 6, 13, 18, 22, 19, 8, 12, 17, 11, 25, 7, 28, 0],
[10, 29, 2, 16, 27, 15, 21, 5, 6, 13, 18, 0, 26, 8],
[22, 25, 28, 16, 6, 13, 0, 12, 19, 17, 11, 14, 7, 10, 15],
[24, 7, 27, 29, 15, 21, 6, 13, 18, 22, 17, 11, 14, 23, 9],
[6, 15, 5, 21, 2, 29, 10, 16, 7, 25, 22, 18, 12, 8, 19],
[17, 18, 13, 6, 5, 21, 10, 7, 25, 22, 12, 8, 26, 0, 28],
[26, 8, 19, 0, 13, 6, 5, 15, 21, 2, 7, 4, 3, 24, 23],
[9, 1, 4, 14, 3, 23, 20, 24, 7, 27, 16, 10, 15, 2, 6]]

\
Best Operator Route set string:
\
6-15-10*13-18-0-22-17*17-12-8*4-24*22-25-28*2-27-7-20-24-1*1-9-23-14-11-17*5-21-10-2-29*0-26*16-27*3-1*12-19*

\
Best Passenger Route set sting:
\
10-27-16-28-25-11-3-9-14-7-2-6-13-18-17*10-6-13-0-12-17-11-25-28-7-2-15*12-18-22-17-11-14-1-23-20-7-16-10-21-2-6*15-29-27-16-28-17-0-25-11-14-24-4*10-15-6-13-18-22-19-8-12-17-11-25-7-28-0*10-29-2-16-27-15-21-5-6-13-18-0-26-8*22-25-28-16-6-13-0-12-19-17-11-14-7-10-15*24-7-27-29-15-21-6-13-18-22-17-11-14-23-9*6-15-5-21-2-29-10-16-7-25-22-18-12-8-19*17-18-13-6-5-21-10-7-25-22-12-8-26-0-28*26-8-19-0-13-6-5-15-21-2-7-4-3-24-23*9-1-4-14-3-23-20-24-7-27-16-10-15-2-6*