23_2_Mumford0_SA_Mutations RESULTS EVALUATION:
\
HV:0.7877 | BM:0.8087

\
	Operator	Passenger
\
f1_ATT	34.8767		15.4979
\
f2_TRT	98		572
\
d_0	14.7767		71.3204
\
d_1	28.6942		28.3844
\
d_2	27.4112		0.2952
\
d_un	29.1180		0.0000

\
Best Operator Route set:
\
[[6, 15, 10],
[13, 18, 0, 22, 17],
[17, 12, 8],
[4, 24],
[22, 25, 28],
[2, 27, 7, 20, 24, 1],
[1, 9, 23, 14, 11, 17],
[5, 21, 10, 2, 29],
[0, 26],
[16, 27],
[3, 1],
[12, 19]]

\
Best Passenger Route set:
\
[[10, 29],
[17, 19, 8, 26, 0, 18, 12, 22, 25, 7, 27, 29, 2, 6, 21],
[15, 29, 2, 27, 7, 25, 0, 22, 19, 12, 8, 26],
[29, 15, 16, 7, 20, 23, 24, 14, 11, 17, 18, 0, 12],
[10, 2, 27, 16, 28, 25, 0, 26, 8],
[27, 10, 15, 21, 5, 6, 16, 7, 14, 9, 1, 3, 23],
[5, 15, 2, 7, 4, 1, 24],
[23, 3, 11, 25, 22, 18, 13, 6, 21, 10, 16, 28, 17, 19, 12],
[4, 3, 1, 23, 14, 11, 17, 12, 8, 19, 22, 0, 13, 6, 5],
[1, 14, 4, 24, 20, 7, 28, 17, 22, 18, 13, 6, 15, 29],
[18, 19, 0, 17, 11, 3, 24, 4, 7, 27, 29, 15, 21, 5],
[8, 26, 0, 13, 6, 10, 7, 20, 14, 9, 3, 11, 17, 22, 18]]

\
Best Operator Route set string:
\
6-15-10*13-18-0-22-17*17-12-8*4-24*22-25-28*2-27-7-20-24-1*1-9-23-14-11-17*5-21-10-2-29*0-26*16-27*3-1*12-19*

\
Best Passenger Route set sting:
\
10-29*17-19-8-26-0-18-12-22-25-7-27-29-2-6-21*15-29-2-27-7-25-0-22-19-12-8-26*29-15-16-7-20-23-24-14-11-17-18-0-12*10-2-27-16-28-25-0-26-8*27-10-15-21-5-6-16-7-14-9-1-3-23*5-15-2-7-4-1-24*23-3-11-25-22-18-13-6-21-10-16-28-17-19-12*4-3-1-23-14-11-17-12-8-19-22-0-13-6-5*1-14-4-24-20-7-28-17-22-18-13-6-15-29*18-19-0-17-11-3-24-4-7-27-29-15-21-5*8-26-0-13-6-10-7-20-14-9-3-11-17-22-18*