3_3_Mumford1_GA_Mutations RESULTS EVALUATION:
\
HV:0.7027 | BM:0.7758

\
	Operator	Passenger
\
f1_ATT	31.5522		25.4783
\
f2_TRT	523		660
\
d_0	21.5843		34.5193
\
d_1	42.7039		58.0452
\
d_2	28.0432		7.3929
\
d_un	7.6686		0.0426

\
Best Operator Route set:
\
[[39, 18, 54, 19, 38, 36, 45, 58, 64, 52],
[28, 8, 51, 35, 34, 45, 36, 38, 66, 48],
[32, 65, 37, 67, 27, 25, 4, 7, 40, 46],
[39, 18, 54, 19, 38, 36, 45, 58, 64, 52],
[27, 25, 12, 41, 45, 36, 54, 5, 67, 37],
[9, 68, 11, 1, 26, 8, 56, 6, 47, 53],
[39, 18, 54, 36, 45, 34, 57, 35, 51, 56],
[39, 18, 54, 36, 45, 34, 57, 35, 51, 56],
[4, 25, 57, 35, 51, 8, 26, 16, 9, 68],
[29, 48, 3, 69, 23, 50, 43, 17, 59, 1, 49, 15, 42, 62],
[39, 18, 54, 19, 38, 36, 45, 58, 64, 52, 55],
[31, 11, 68, 9, 59, 17, 20, 33, 22, 38],
[2, 0, 50, 13, 33, 58, 64, 51, 35, 6, 47],
[39, 18, 54, 36, 45, 34, 57, 35, 51, 56],
[63, 24, 21, 30, 26, 16, 10, 17, 61, 60, 44, 14]]

\
Best Passenger Route set:
\
[[7, 47, 6, 63, 24, 30, 26, 1, 9, 68],
[62, 15, 49, 26, 8, 52, 64, 58, 45, 36, 54, 18, 65, 37],
[62, 30, 26, 16, 10, 55, 20, 43, 50, 0, 69, 29, 3],
[39, 32, 65, 5, 67, 27, 25, 4, 7, 40, 46],
[11, 1, 26, 8, 56, 51, 34, 41, 27, 67],
[48, 29, 3, 66, 19, 38, 36, 45, 34, 35, 6, 21, 24, 42],
[60, 61, 43, 13, 22, 38, 54, 5, 37, 67, 65, 39],
[46, 40, 53, 47, 6, 56, 28, 8, 10, 59],
[60, 44, 17, 10, 28, 8, 56, 6, 47, 40, 46],
[32, 5, 54, 19, 38, 22, 33, 20, 17, 59, 68, 9, 11, 31],
[40, 4, 25, 57, 35, 51, 64, 52, 20, 17, 61, 43, 13],
[4, 25, 12, 41, 45, 22, 13, 50, 2, 14],
[0, 23, 69, 38, 36, 41, 25, 4, 7, 46, 53],
[0, 50, 13, 33, 58, 64, 51, 35, 6, 47],
[48, 3, 69, 23, 50, 43, 17, 59, 1, 49, 15, 42]]

\
Best Operator Route set string:
\
39-18-54-19-38-36-45-58-64-52*28-8-51-35-34-45-36-38-66-48*32-65-37-67-27-25-4-7-40-46*39-18-54-19-38-36-45-58-64-52*27-25-12-41-45-36-54-5-67-37*9-68-11-1-26-8-56-6-47-53*39-18-54-36-45-34-57-35-51-56*39-18-54-36-45-34-57-35-51-56*4-25-57-35-51-8-26-16-9-68*29-48-3-69-23-50-43-17-59-1-49-15-42-62*39-18-54-19-38-36-45-58-64-52-55*31-11-68-9-59-17-20-33-22-38*2-0-50-13-33-58-64-51-35-6-47*39-18-54-36-45-34-57-35-51-56*63-24-21-30-26-16-10-17-61-60-44-14*

\
Best Passenger Route set sting:
\
7-47-6-63-24-30-26-1-9-68*62-15-49-26-8-52-64-58-45-36-54-18-65-37*62-30-26-16-10-55-20-43-50-0-69-29-3*39-32-65-5-67-27-25-4-7-40-46*11-1-26-8-56-51-34-41-27-67*48-29-3-66-19-38-36-45-34-35-6-21-24-42*60-61-43-13-22-38-54-5-37-67-65-39*46-40-53-47-6-56-28-8-10-59*60-44-17-10-28-8-56-6-47-40-46*32-5-54-19-38-22-33-20-17-59-68-9-11-31*40-4-25-57-35-51-64-52-20-17-61-43-13*4-25-12-41-45-22-13-50-2-14*0-23-69-38-36-41-25-4-7-46-53*0-50-13-33-58-64-51-35-6-47*48-3-69-23-50-43-17-59-1-49-15-42*