24_3_Mumford1_SA_Mutations_more RESULTS EVALUATION:
\
HV:0.7589 | BM:0.7758

\
	Operator	Passenger
\
f1_ATT	26.0696		22.9911
\
f2_TRT	534		1275
\
d_0	24.5596		47.8115
\
d_1	57.8059		50.2609
\
d_2	17.0592		1.9277
\
d_un	0.5752		0.0000

\
Best Operator Route set:
\
[[12, 25, 34, 51, 8, 26, 1, 11, 9, 68],
[12, 27, 41, 34, 57, 35, 64, 52, 55, 10],
[62, 42, 15, 49, 1, 59, 17, 43, 50, 2],
[7, 53, 47, 6, 56, 8, 55, 17, 61, 60],
[25, 12, 41, 58, 64, 52, 10, 59, 9, 68],
[43, 20, 55, 10, 16, 26, 30, 24, 21, 63],
[5, 54, 38, 22, 33, 20, 17, 9, 11, 31],
[35, 58, 33, 50, 2, 14, 44, 17, 59, 68],
[32, 39, 48, 29, 69, 23, 50, 17, 10, 28],
[26, 49, 15, 42, 62, 24, 63, 6, 35, 34],
[38, 19, 66, 69, 0, 50, 43, 13, 22, 45],
[19, 66, 38, 36, 45, 58, 64, 52, 8, 28],
[28, 56, 51, 34, 45, 36, 54, 18, 39, 32],
[25, 27, 67, 5, 37, 65, 54, 66, 3, 69],
[46, 40, 7, 4, 25, 41, 45, 36, 38, 19]]

\
Best Passenger Route set:
\
[[57, 58, 33, 22, 38, 54, 5, 37, 67, 27, 41, 34, 35, 51, 8, 26, 1, 31, 11, 68, 9, 49, 62, 15],
[36, 45, 22, 33, 13, 50, 2, 14, 44, 17, 10, 8, 56, 6, 47, 7, 40, 46],
[44, 60, 17, 20, 52, 64, 35, 57, 25, 12, 40, 46, 7],
[46, 40, 53, 47, 6, 35, 58, 33, 50, 0, 69, 3, 66, 19, 65, 37, 5],
[53, 40, 7, 4, 25, 41, 36, 38, 3, 29, 48, 66, 19, 54, 5, 65, 37],
[32, 39, 18, 54, 36, 41, 51, 8, 26, 49, 15],
[30, 24, 62, 15, 11, 68, 9, 16, 26, 8, 56, 51, 58, 33, 50, 23, 69, 38, 54, 65, 32, 39, 18, 37, 5],
[42, 62, 26, 16, 10, 20, 33, 22, 19, 18, 5, 37, 67],
[21, 63, 30, 26, 16, 55, 8, 51, 41, 45, 22, 33, 43, 61, 60, 44, 14, 2, 0, 69, 18, 5, 37, 67, 27, 12, 4, 7],
[13, 20, 55, 52, 64, 35, 6, 63, 30, 42, 49, 1, 59, 17, 61, 14],
[13, 22, 36, 41, 57, 35, 6, 21, 24, 30, 26, 1, 59, 17, 50, 23, 69, 29, 48, 39, 32, 65, 67, 27, 12, 25, 34, 58, 51, 64],
[29, 23, 50, 43, 20, 55, 16, 1, 59, 10, 28, 56, 51, 34, 45, 36, 19, 66, 48, 69, 3, 0, 2],
[11, 68, 59, 10, 52, 64, 58, 41, 12, 4, 53, 47],
[64, 52, 10, 16, 1, 31, 9, 59, 17, 43, 13, 22, 38, 19, 65, 54, 36, 45, 58, 35, 6, 63, 24, 62, 42, 15, 49, 26, 8, 28],
[37, 32, 54, 38, 19, 66, 3, 23, 69, 18, 5, 67, 27, 25, 4, 40, 46, 53, 47, 6, 63, 30, 15, 11, 9, 17, 20, 43, 61, 44]]

\
Best Operator Route set string:
\
12-25-34-51-8-26-1-11-9-68*12-27-41-34-57-35-64-52-55-10*62-42-15-49-1-59-17-43-50-2*7-53-47-6-56-8-55-17-61-60*25-12-41-58-64-52-10-59-9-68*43-20-55-10-16-26-30-24-21-63*5-54-38-22-33-20-17-9-11-31*35-58-33-50-2-14-44-17-59-68*32-39-48-29-69-23-50-17-10-28*26-49-15-42-62-24-63-6-35-34*38-19-66-69-0-50-43-13-22-45*19-66-38-36-45-58-64-52-8-28*28-56-51-34-45-36-54-18-39-32*25-27-67-5-37-65-54-66-3-69*46-40-7-4-25-41-45-36-38-19*

\
Best Passenger Route set sting:
\
57-58-33-22-38-54-5-37-67-27-41-34-35-51-8-26-1-31-11-68-9-49-62-15*36-45-22-33-13-50-2-14-44-17-10-8-56-6-47-7-40-46*44-60-17-20-52-64-35-57-25-12-40-46-7*46-40-53-47-6-35-58-33-50-0-69-3-66-19-65-37-5*53-40-7-4-25-41-36-38-3-29-48-66-19-54-5-65-37*32-39-18-54-36-41-51-8-26-49-15*30-24-62-15-11-68-9-16-26-8-56-51-58-33-50-23-69-38-54-65-32-39-18-37-5*42-62-26-16-10-20-33-22-19-18-5-37-67*21-63-30-26-16-55-8-51-41-45-22-33-43-61-60-44-14-2-0-69-18-5-37-67-27-12-4-7*13-20-55-52-64-35-6-63-30-42-49-1-59-17-61-14*13-22-36-41-57-35-6-21-24-30-26-1-59-17-50-23-69-29-48-39-32-65-67-27-12-25-34-58-51-64*29-23-50-43-20-55-16-1-59-10-28-56-51-34-45-36-19-66-48-69-3-0-2*11-68-59-10-52-64-58-41-12-4-53-47*64-52-10-16-1-31-9-59-17-43-13-22-38-19-65-54-36-45-58-35-6-63-24-62-42-15-49-26-8-28*37-32-54-38-19-66-3-23-69-18-5-67-27-25-4-40-46-53-47-6-63-30-15-11-9-17-20-43-61-44*