13_4_Mumford2_GA_Stat_long_run RESULTS EVALUATION:
\
HV:0.7058 | BM:0.6490

\
	Operator	Passenger
\
f1_ATT	33.6893		25.3968
\
f2_TRT	1607		4322
\
d_0	14.9958		53.0636
\
d_1	48.3024		46.7015
\
d_2	32.6393		0.2349
\
d_un	4.0626		0.0000

\
Best Operator Route set:
\
[[80, 38, 63, 45, 55, 39, 65, 78, 17, 95],
[13, 32, 20, 68, 95, 17, 65, 56, 87, 80],
[73, 11, 96, 89, 52, 49, 91, 90, 8, 62],
[13, 32, 68, 50, 95, 17, 78, 65, 56, 87],
[97, 80, 38, 63, 45, 55, 39, 65, 78, 17],
[75, 17, 65, 39, 55, 45, 63, 53, 90, 91],
[23, 9, 18, 98, 67, 100, 52, 7, 104, 84],
[58, 38, 63, 8, 90, 49, 91, 52, 89, 109],
[13, 32, 68, 50, 95, 17, 65, 56, 87, 80],
[13, 21, 27, 94, 83, 15, 35, 49, 91, 90],
[96, 11, 73, 89, 52, 49, 91, 8, 62, 103],
[23, 19, 22, 6, 81, 105, 94, 101, 55, 80],
[96, 11, 73, 89, 52, 49, 91, 90, 8, 53],
[29, 43, 30, 26, 44, 92, 67, 98, 93, 35],
[32, 68, 95, 17, 56, 87, 97, 58, 60, 47],
[11, 89, 52, 49, 91, 90, 8, 62, 12, 16],
[24, 19, 23, 82, 44, 72, 108, 36, 107, 77],
[80, 38, 63, 45, 55, 39, 65, 78, 17, 95],
[62, 53, 63, 45, 55, 39, 65, 78, 17, 95],
[13, 32, 20, 68, 95, 17, 65, 56, 87, 80],
[13, 32, 27, 94, 83, 15, 35, 49, 91, 90],
[41, 70, 10, 52, 49, 91, 90, 8, 62, 12],
[23, 19, 22, 54, 6, 81, 105, 94, 101, 55],
[40, 37, 7, 25, 70, 103, 12, 63, 38, 87],
[95, 17, 78, 65, 56, 87, 80, 58, 74, 60],
[73, 11, 96, 89, 52, 49, 91, 90, 8, 62],
[13, 32, 20, 68, 95, 17, 65, 0, 87, 80],
[62, 8, 90, 91, 49, 52, 89, 73, 42, 5],
[46, 51, 71, 88, 102, 19, 9, 92, 64, 96],
[32, 59, 27, 105, 94, 2, 15, 34, 3, 66],
[80, 38, 63, 45, 55, 39, 65, 78, 17, 95],
[80, 38, 63, 45, 55, 39, 65, 78, 17, 95],
[13, 32, 68, 50, 95, 17, 65, 56, 87, 80],
[31, 102, 51, 86, 28, 21, 68, 50, 95, 17],
[20, 17, 65, 56, 87, 80, 97, 0, 1, 61],
[80, 38, 63, 45, 55, 39, 65, 78, 17, 95],
[73, 11, 89, 52, 49, 91, 90, 8, 62, 12],
[23, 31, 33, 82, 44, 72, 36, 108, 107, 4],
[80, 38, 63, 45, 55, 39, 65, 78, 17, 95],
[13, 32, 68, 50, 95, 17, 65, 56, 87, 80],
[13, 32, 20, 68, 95, 17, 65, 56, 87, 80],
[91, 49, 90, 8, 63, 45, 87, 56, 17, 95],
[80, 38, 63, 45, 55, 39, 65, 78, 17, 95],
[73, 11, 96, 64, 109, 89, 52, 49, 91, 8],
[30, 43, 72, 79, 64, 11, 89, 106, 57, 40],
[80, 38, 63, 45, 55, 39, 65, 78, 17, 95],
[13, 32, 68, 50, 95, 17, 65, 56, 87, 80],
[80, 38, 63, 45, 55, 39, 65, 78, 17, 95],
[13, 32, 20, 68, 95, 17, 65, 56, 87, 80],
[95, 27, 94, 85, 19, 33, 99, 69, 14, 76],
[13, 32, 68, 20, 95, 17, 65, 56, 87, 80],
[13, 32, 59, 68, 95, 17, 65, 56, 87, 80],
[48, 72, 92, 18, 15, 2, 45, 63, 38, 80],
[80, 38, 63, 45, 55, 39, 65, 78, 17, 95],
[95, 17, 78, 65, 39, 55, 45, 63, 38, 87],
[62, 53, 38, 45, 55, 39, 65, 78, 17, 95]]

\
Best Passenger Route set:
\
[[61, 65, 50, 75, 17, 27, 105, 83, 15, 18, 92, 72, 108, 4],
[93, 35, 2, 45, 80, 0, 1, 61, 65, 17, 27, 105, 81, 6, 24, 31, 14, 76, 69, 30, 26],
[44, 48, 107, 4, 36, 108, 79, 73, 89, 52, 91, 90, 62, 53, 63, 55, 39, 17, 20, 95, 78],
[0, 97, 58, 74, 60, 41, 16, 12, 63, 55, 101, 27, 21, 28, 86, 51, 102, 76, 69, 43, 30],
[41, 70, 25, 7, 52, 100, 18, 9, 23, 82, 99, 76, 14, 102],
[3, 15, 66, 22, 85, 24, 19, 31, 23, 9, 18, 93, 35, 8, 62, 103, 41, 74, 60, 47, 12, 38],
[64, 96, 42, 57, 106, 89, 52, 91, 8, 53, 45, 55, 39, 78, 95, 32, 13, 68, 20],
[66, 34, 2, 94, 27, 21, 28, 86, 6, 54, 3, 9, 92, 64, 11, 89, 106, 42],
[86, 46, 28, 21, 27, 105, 83, 35, 49, 90, 91, 52, 100, 93, 34, 15, 18, 9, 23],
[41, 7, 103, 47, 60, 58, 38, 45, 2, 83, 3, 22, 31, 88, 51, 102, 24, 54, 85, 19, 23],
[41, 12, 38, 80, 87, 56, 17, 95, 50, 13, 32, 27, 94, 83, 34, 18, 92, 64, 109, 11, 42],
[88, 71, 86, 28, 59, 27, 101, 55, 38, 74, 60, 47, 62, 91, 35, 93, 100, 67, 98],
[28, 21, 68, 95, 78, 65, 39, 0, 56, 17, 50, 32, 27, 101, 94, 83, 34, 18, 92, 64, 96, 73],
[46, 28, 59, 95, 78, 39, 65, 56, 87, 55, 45, 2, 15, 18, 92, 64, 36, 108, 107, 77],
[71, 88, 51, 86, 21, 59, 95, 17, 65, 56, 87, 97, 1, 0, 78, 39, 55, 101, 94, 85, 3, 9],
[14, 69, 43, 30, 26, 82, 19, 85, 94, 27, 17, 65, 56, 87],
[16, 47, 12, 8, 35, 34, 3, 19, 33, 99, 69],
[92, 64, 11, 96, 42, 5, 108, 36, 72, 44, 82, 19, 24, 86, 21, 32, 13, 50, 75],
[76, 69, 43, 72, 108, 4, 77, 107, 48, 92, 64, 79],
[87, 80, 63, 12, 103, 7, 37, 40, 10, 52, 100, 67, 18, 9, 19, 102, 88, 71, 31, 23],
[2, 45, 55, 39, 17, 75, 20, 50, 95, 27, 94, 105, 83, 15, 34, 18, 92, 44, 72, 48, 79, 73],
[41, 47, 74, 16, 12, 8, 90, 49, 52, 89, 11, 64, 36, 108, 48, 107, 5, 42, 96, 73, 79, 72],
[107, 108, 36, 48, 92, 18, 34, 83, 94, 105, 27, 59, 68, 20, 50, 32, 21, 46],
[26, 82, 33, 31, 71, 86, 6, 54, 3, 93, 100, 52, 7, 84, 104, 10, 57, 106, 89],
[71, 88, 102, 33, 82, 44, 72, 108, 5, 42, 57, 40, 37, 84, 104],
[42, 73, 106, 11, 5, 107, 36, 79, 64, 109, 89, 52, 49, 90, 53, 38, 87, 0, 1, 61, 56, 39],
[42, 57, 106, 73, 64, 92, 9, 23, 31, 51, 86, 21],
[1, 0, 65, 17, 95, 68, 13, 28, 46, 51, 102, 24, 85, 54, 34, 35, 8, 62, 103, 70, 25],
[29, 43, 30, 69, 99, 33, 23, 9, 18, 100, 91, 49, 90, 35, 34, 54, 6, 24],
[77, 107, 36, 72, 108, 5, 42, 96, 89, 52, 91, 62, 53, 45, 63, 38, 80, 58, 60, 47],
[1, 0, 56, 17, 27, 94, 85, 22, 31, 76, 14, 33, 19, 24, 86],
[41, 16, 12, 63, 2, 15, 54, 24, 102, 88, 71, 31, 22, 66, 3, 81, 86, 28, 21, 32],
[79, 36, 4, 77, 5, 42, 89, 52, 91, 90, 8, 63, 55, 39, 65, 50, 20, 32, 68],
[29, 30, 26, 44, 92, 67, 98, 93, 35, 8, 12, 60, 58, 97, 0, 78, 95, 20, 75],
[82, 99, 69, 30, 43, 26, 72, 79, 73, 89, 52, 10, 70, 25, 104, 37, 57, 42, 5, 107, 4],
[99, 76, 14, 31, 19, 9, 18, 100, 52, 10, 37, 40],
[75, 17, 65, 39, 55, 63, 12, 103, 70, 84, 104],
[48, 44, 30, 69, 14, 33, 19, 22, 54, 15, 2, 63, 38, 80, 97, 58, 47, 60],
[68, 20, 50, 95, 17, 39, 55, 45, 53, 8, 90, 49, 52, 10, 57, 40, 25, 70, 103, 12, 74],
[26, 82, 23, 31, 51, 86, 28, 21, 32, 59, 27, 94, 83, 15, 35, 49, 52, 10, 40, 37, 7, 70],
[71, 51, 46, 86, 6, 85, 66, 18, 92, 64, 96, 73, 109, 89, 106, 42, 5, 107, 108, 36],
[78, 39, 87, 45, 2, 83, 105, 27, 101, 55, 63, 53, 90, 49, 52, 89, 106, 73, 11, 96],
[88, 71, 86, 21, 68, 95, 17, 39, 55, 63, 53, 90, 49, 52, 89, 11, 73, 42, 5],
[4, 107, 36, 64, 89, 52, 49, 90, 62, 47, 60, 74, 38, 63, 2, 15, 18, 67, 3, 22],
[78, 39, 17, 50, 75, 20, 68, 59, 27, 94, 85, 19, 33, 99, 69],
[13, 21, 68, 20, 50, 65, 56, 1, 0, 87, 45, 2, 15, 18, 92, 44, 26, 43, 30, 29],
[82, 23, 9, 18, 98, 67, 100, 91, 49, 7, 25, 104, 84],
[78, 17, 95, 50, 68, 21, 28, 86, 51, 102, 19, 82, 44, 48, 107, 77, 5, 11, 89, 73],
[88, 71, 102, 31, 33, 82, 44, 72, 79, 64, 89, 52, 7, 84, 70, 103, 62, 8],
[90, 91, 62, 12, 74, 58, 80, 55, 101, 94, 105, 81, 6, 22, 19, 82, 26, 29],
[3, 98, 67, 18, 66, 85, 81, 105, 94, 2, 63, 38, 58, 60, 12, 62, 91, 49, 90],
[31, 71, 86, 28, 13, 68, 75, 20, 50, 95, 27, 105, 83, 34, 18, 92, 64, 36, 5, 42],
[51, 71, 88, 102, 33, 99, 82, 19, 85, 54, 15, 2, 45, 87, 56, 61],
[29, 43, 44, 92, 67, 93, 35, 8, 53, 62, 103, 41, 104, 70, 16, 74, 58, 97, 0, 56, 39],
[50, 95, 68, 17, 56, 61, 0, 87, 38, 63, 8, 91, 52, 89, 11, 96, 42, 57, 7, 41, 74, 60],
[7, 10, 25, 40, 57, 106, 73, 79, 72, 43, 30, 69, 14, 76, 33, 23, 19, 22, 54, 66, 18, 93]]

\
Best Operator Route set string:
\
80-38-63-45-55-39-65-78-17-95*13-32-20-68-95-17-65-56-87-80*73-11-96-89-52-49-91-90-8-62*13-32-68-50-95-17-78-65-56-87*97-80-38-63-45-55-39-65-78-17*75-17-65-39-55-45-63-53-90-91*23-9-18-98-67-100-52-7-104-84*58-38-63-8-90-49-91-52-89-109*13-32-68-50-95-17-65-56-87-80*13-21-27-94-83-15-35-49-91-90*96-11-73-89-52-49-91-8-62-103*23-19-22-6-81-105-94-101-55-80*96-11-73-89-52-49-91-90-8-53*29-43-30-26-44-92-67-98-93-35*32-68-95-17-56-87-97-58-60-47*11-89-52-49-91-90-8-62-12-16*24-19-23-82-44-72-108-36-107-77*80-38-63-45-55-39-65-78-17-95*62-53-63-45-55-39-65-78-17-95*13-32-20-68-95-17-65-56-87-80*13-32-27-94-83-15-35-49-91-90*41-70-10-52-49-91-90-8-62-12*23-19-22-54-6-81-105-94-101-55*40-37-7-25-70-103-12-63-38-87*95-17-78-65-56-87-80-58-74-60*73-11-96-89-52-49-91-90-8-62*13-32-20-68-95-17-65-0-87-80*62-8-90-91-49-52-89-73-42-5*46-51-71-88-102-19-9-92-64-96*32-59-27-105-94-2-15-34-3-66*80-38-63-45-55-39-65-78-17-95*80-38-63-45-55-39-65-78-17-95*13-32-68-50-95-17-65-56-87-80*31-102-51-86-28-21-68-50-95-17*20-17-65-56-87-80-97-0-1-61*80-38-63-45-55-39-65-78-17-95*73-11-89-52-49-91-90-8-62-12*23-31-33-82-44-72-36-108-107-4*80-38-63-45-55-39-65-78-17-95*13-32-68-50-95-17-65-56-87-80*13-32-20-68-95-17-65-56-87-80*91-49-90-8-63-45-87-56-17-95*80-38-63-45-55-39-65-78-17-95*73-11-96-64-109-89-52-49-91-8*30-43-72-79-64-11-89-106-57-40*80-38-63-45-55-39-65-78-17-95*13-32-68-50-95-17-65-56-87-80*80-38-63-45-55-39-65-78-17-95*13-32-20-68-95-17-65-56-87-80*95-27-94-85-19-33-99-69-14-76*13-32-68-20-95-17-65-56-87-80*13-32-59-68-95-17-65-56-87-80*48-72-92-18-15-2-45-63-38-80*80-38-63-45-55-39-65-78-17-95*95-17-78-65-39-55-45-63-38-87*62-53-38-45-55-39-65-78-17-95*

\
Best Passenger Route set sting:
\
61-65-50-75-17-27-105-83-15-18-92-72-108-4*93-35-2-45-80-0-1-61-65-17-27-105-81-6-24-31-14-76-69-30-26*44-48-107-4-36-108-79-73-89-52-91-90-62-53-63-55-39-17-20-95-78*0-97-58-74-60-41-16-12-63-55-101-27-21-28-86-51-102-76-69-43-30*41-70-25-7-52-100-18-9-23-82-99-76-14-102*3-15-66-22-85-24-19-31-23-9-18-93-35-8-62-103-41-74-60-47-12-38*64-96-42-57-106-89-52-91-8-53-45-55-39-78-95-32-13-68-20*66-34-2-94-27-21-28-86-6-54-3-9-92-64-11-89-106-42*86-46-28-21-27-105-83-35-49-90-91-52-100-93-34-15-18-9-23*41-7-103-47-60-58-38-45-2-83-3-22-31-88-51-102-24-54-85-19-23*41-12-38-80-87-56-17-95-50-13-32-27-94-83-34-18-92-64-109-11-42*88-71-86-28-59-27-101-55-38-74-60-47-62-91-35-93-100-67-98*28-21-68-95-78-65-39-0-56-17-50-32-27-101-94-83-34-18-92-64-96-73*46-28-59-95-78-39-65-56-87-55-45-2-15-18-92-64-36-108-107-77*71-88-51-86-21-59-95-17-65-56-87-97-1-0-78-39-55-101-94-85-3-9*14-69-43-30-26-82-19-85-94-27-17-65-56-87*16-47-12-8-35-34-3-19-33-99-69*92-64-11-96-42-5-108-36-72-44-82-19-24-86-21-32-13-50-75*76-69-43-72-108-4-77-107-48-92-64-79*87-80-63-12-103-7-37-40-10-52-100-67-18-9-19-102-88-71-31-23*2-45-55-39-17-75-20-50-95-27-94-105-83-15-34-18-92-44-72-48-79-73*41-47-74-16-12-8-90-49-52-89-11-64-36-108-48-107-5-42-96-73-79-72*107-108-36-48-92-18-34-83-94-105-27-59-68-20-50-32-21-46*26-82-33-31-71-86-6-54-3-93-100-52-7-84-104-10-57-106-89*71-88-102-33-82-44-72-108-5-42-57-40-37-84-104*42-73-106-11-5-107-36-79-64-109-89-52-49-90-53-38-87-0-1-61-56-39*42-57-106-73-64-92-9-23-31-51-86-21*1-0-65-17-95-68-13-28-46-51-102-24-85-54-34-35-8-62-103-70-25*29-43-30-69-99-33-23-9-18-100-91-49-90-35-34-54-6-24*77-107-36-72-108-5-42-96-89-52-91-62-53-45-63-38-80-58-60-47*1-0-56-17-27-94-85-22-31-76-14-33-19-24-86*41-16-12-63-2-15-54-24-102-88-71-31-22-66-3-81-86-28-21-32*79-36-4-77-5-42-89-52-91-90-8-63-55-39-65-50-20-32-68*29-30-26-44-92-67-98-93-35-8-12-60-58-97-0-78-95-20-75*82-99-69-30-43-26-72-79-73-89-52-10-70-25-104-37-57-42-5-107-4*99-76-14-31-19-9-18-100-52-10-37-40*75-17-65-39-55-63-12-103-70-84-104*48-44-30-69-14-33-19-22-54-15-2-63-38-80-97-58-47-60*68-20-50-95-17-39-55-45-53-8-90-49-52-10-57-40-25-70-103-12-74*26-82-23-31-51-86-28-21-32-59-27-94-83-15-35-49-52-10-40-37-7-70*71-51-46-86-6-85-66-18-92-64-96-73-109-89-106-42-5-107-108-36*78-39-87-45-2-83-105-27-101-55-63-53-90-49-52-89-106-73-11-96*88-71-86-21-68-95-17-39-55-63-53-90-49-52-89-11-73-42-5*4-107-36-64-89-52-49-90-62-47-60-74-38-63-2-15-18-67-3-22*78-39-17-50-75-20-68-59-27-94-85-19-33-99-69*13-21-68-20-50-65-56-1-0-87-45-2-15-18-92-44-26-43-30-29*82-23-9-18-98-67-100-91-49-7-25-104-84*78-17-95-50-68-21-28-86-51-102-19-82-44-48-107-77-5-11-89-73*88-71-102-31-33-82-44-72-79-64-89-52-7-84-70-103-62-8*90-91-62-12-74-58-80-55-101-94-105-81-6-22-19-82-26-29*3-98-67-18-66-85-81-105-94-2-63-38-58-60-12-62-91-49-90*31-71-86-28-13-68-75-20-50-95-27-105-83-34-18-92-64-36-5-42*51-71-88-102-33-99-82-19-85-54-15-2-45-87-56-61*29-43-44-92-67-93-35-8-53-62-103-41-104-70-16-74-58-97-0-56-39*50-95-68-17-56-61-0-87-38-63-8-91-52-89-11-96-42-57-7-41-74-60*7-10-25-40-57-106-73-79-72-43-30-69-14-76-33-23-19-22-54-66-18-93*