5_2_Mumford0_GA_Mut_threshold RESULTS EVALUATION:
\
HV:0.8244 | BM:0.8087

\
	Operator	Passenger
\
f1_ATT	24.6284		14.9793
\
f2_TRT	96		565
\
d_0	24.7428		76.9202
\
d_1	40.7529		23.0798
\
d_2	25.1724		0.0000
\
d_un	9.3319		0.0000

\
Best Operator Route set:
\
[[26, 0],
[1, 9],
[0, 18],
[22, 19, 12, 8],
[16, 27, 10, 15],
[24, 20],
[3, 1, 23, 14, 20, 7, 25, 22, 0, 13, 6, 21, 5],
[4, 24],
[7, 27, 2, 29],
[11, 25],
[17, 22],
[28, 25]]

\
Best Passenger Route set:
\
[[8, 12, 19, 17, 28, 16, 27, 10, 15, 6, 13, 0, 26],
[23, 24, 14, 9, 1, 3, 11, 17, 22, 18, 0, 13, 6, 5],
[5, 21, 10, 7, 20, 14, 23, 9, 3, 1, 4],
[22, 12, 0, 25, 11, 3, 9, 23, 14, 7, 27, 2, 16, 28, 17],
[9, 1, 3, 24, 20, 7, 16, 6, 5, 21, 15, 10, 29, 2],
[8, 12, 19, 17, 22, 0, 13, 6, 21, 2, 15],
[6, 5, 21, 2, 29, 27, 7, 28, 17, 19, 12, 8, 26],
[24, 4, 7, 28, 0, 18, 22, 19, 12],
[1, 3, 24, 4, 7, 2, 29, 27, 16, 28, 25, 22, 18],
[8, 12, 18, 13, 6, 10, 15, 16, 28, 25, 11, 14, 7, 27],
[21, 15, 27, 7, 25, 0, 26, 8, 12, 17, 11, 14, 23, 3],
[13, 6, 16, 7, 14, 23, 4, 24, 3, 1, 9]]

\
Best Operator Route set string:
\
26-0*1-9*0-18*22-19-12-8*16-27-10-15*24-20*3-1-23-14-20-7-25-22-0-13-6-21-5*4-24*7-27-2-29*11-25*17-22*28-25*

\
Best Passenger Route set sting:
\
8-12-19-17-28-16-27-10-15-6-13-0-26*23-24-14-9-1-3-11-17-22-18-0-13-6-5*5-21-10-7-20-14-23-9-3-1-4*22-12-0-25-11-3-9-23-14-7-27-2-16-28-17*9-1-3-24-20-7-16-6-5-21-15-10-29-2*8-12-19-17-22-0-13-6-21-2-15*6-5-21-2-29-27-7-28-17-19-12-8-26*24-4-7-28-0-18-22-19-12*1-3-24-4-7-2-29-27-16-28-25-22-18*8-12-18-13-6-10-15-16-28-25-11-14-7-27*21-15-27-7-25-0-26-8-12-17-11-14-23-3*13-6-16-7-14-23-4-24-3-1-9*