23_2_Mumford0_SA_Mutations RESULTS EVALUATION:
\
HV:0.8165 | BM:0.8087

\
	Operator	Passenger
\
f1_ATT	27.1551		15.2842
\
f2_TRT	98		461
\
d_0	23.2435		70.9726
\
d_1	37.5585		29.0274
\
d_2	25.9294		0.0000
\
d_un	13.2686		0.0000

\
Best Operator Route set:
\
[[3, 24],
[13, 6, 5, 21, 10, 27, 7],
[1, 9],
[4, 24],
[0, 26],
[29, 2, 27],
[11, 25, 28],
[8, 12, 19, 22, 17, 28, 7, 20, 14, 23, 3, 1],
[7, 16],
[10, 15],
[22, 0],
[18, 0]]

\
Best Passenger Route set:
\
[[8, 26, 0, 28, 7, 24, 4, 1],
[9, 1, 3, 11, 17, 22, 0, 18, 13, 6, 21, 15, 16, 28, 25],
[19, 17, 28, 16, 10],
[3, 9, 14, 7, 16, 6, 5, 21, 15],
[8, 12, 0, 13, 6, 10, 2, 29, 27, 7, 14, 23, 9, 1],
[15, 10, 27, 7, 25, 22, 19],
[5, 6, 16, 28, 25, 11, 3, 1, 14],
[24, 1, 23, 20, 7, 2, 15, 10, 21],
[13, 18, 0, 25, 7, 20, 14, 24, 3, 11, 17, 19, 12],
[5, 6, 13, 0, 22, 19, 12, 17, 11, 14],
[3, 4, 7, 25, 22, 19, 12, 18, 0, 28, 16, 27, 2, 29],
[4, 3, 23, 14, 11, 17, 19, 12, 8, 26]]

\
Best Operator Route set string:
\
3-24*13-6-5-21-10-27-7*1-9*4-24*0-26*29-2-27*11-25-28*8-12-19-22-17-28-7-20-14-23-3-1*7-16*10-15*22-0*18-0*

\
Best Passenger Route set sting:
\
8-26-0-28-7-24-4-1*9-1-3-11-17-22-0-18-13-6-21-15-16-28-25*19-17-28-16-10*3-9-14-7-16-6-5-21-15*8-12-0-13-6-10-2-29-27-7-14-23-9-1*15-10-27-7-25-22-19*5-6-16-28-25-11-3-1-14*24-1-23-20-7-2-15-10-21*13-18-0-25-7-20-14-24-3-11-17-19-12*5-6-13-0-22-19-12-17-11-14*3-4-7-25-22-19-12-18-0-28-16-27-2-29*4-3-23-14-11-17-19-12-8-26*