7_2_Mumford0_GA_Pop_size RESULTS EVALUATION:
\
HV:0.8248 | BM:0.8087

\
	Operator	Passenger
\
f1_ATT	28.1361		14.9987
\
f2_TRT	95		595
\
d_0	18.2225		78.1097
\
d_1	33.8497		21.7676
\
d_2	27.4316		0.1227
\
d_un	20.4963		0.0000

\
Best Operator Route set:
\
[[15, 10],
[5, 21, 6, 13, 18, 0, 22, 17],
[12, 19],
[4, 24],
[22, 25, 28],
[29, 2, 27, 7, 20, 14, 24],
[9, 3, 23, 14, 11, 17, 19],
[10, 2],
[0, 26],
[16, 27],
[3, 1],
[12, 8]]

\
Best Passenger Route set:
\
[[24, 3, 1, 9, 23, 14, 11, 17, 12, 8, 26, 0, 13, 6, 5],
[8, 12, 18, 0, 28, 16, 27, 29, 2, 21, 6, 13],
[20, 24, 7, 27, 29, 2, 10, 15, 16, 28, 17, 22, 18, 0, 26],
[24, 4, 1, 3, 9, 23, 20, 7, 16, 6, 5, 21, 10, 27],
[9, 3, 1, 23, 14, 7, 27, 10, 6, 13, 0, 19, 12, 8],
[21, 6, 13, 18, 17, 11, 3, 9, 23, 14, 7, 2],
[9, 1, 3, 11, 17, 22, 18, 0, 25, 7, 20, 24, 4],
[0, 18, 19, 17, 28, 16, 2, 7, 20, 14, 3, 1, 4, 24, 23],
[21, 6, 13, 0, 18, 19, 17, 11, 3, 1, 9, 23, 14, 24, 4],
[28, 25, 7, 4, 24, 1, 9, 23, 3, 11, 17, 22, 0, 26],
[26, 8, 12, 19, 22, 25, 7, 24, 4],
[14, 9, 1, 3, 11, 25, 28, 16, 6, 5, 21, 15, 27, 29, 10]]

\
Best Operator Route set string:
\
15-10*5-21-6-13-18-0-22-17*12-19*4-24*22-25-28*29-2-27-7-20-14-24*9-3-23-14-11-17-19*10-2*0-26*16-27*3-1*12-8*

\
Best Passenger Route set sting:
\
24-3-1-9-23-14-11-17-12-8-26-0-13-6-5*8-12-18-0-28-16-27-29-2-21-6-13*20-24-7-27-29-2-10-15-16-28-17-22-18-0-26*24-4-1-3-9-23-20-7-16-6-5-21-10-27*9-3-1-23-14-7-27-10-6-13-0-19-12-8*21-6-13-18-17-11-3-9-23-14-7-2*9-1-3-11-17-22-18-0-25-7-20-24-4*0-18-19-17-28-16-2-7-20-14-3-1-4-24-23*21-6-13-0-18-19-17-11-3-1-9-23-14-24-4*28-25-7-4-24-1-9-23-3-11-17-22-0-26*26-8-12-19-22-25-7-24-4*14-9-1-3-11-25-28-16-6-5-21-15-27-29-10*