8_5_Mumford3_GA_Crossover_prob RESULTS EVALUATION:
\
HV:0.6031 | BM:0.6385

\
	Operator	Passenger
\
f1_ATT	34.8274		28.8283
\
f2_TRT	2320		5112
\
d_0	18.0233		42.3750
\
d_1	52.6841		54.7704
\
d_2	26.1194		2.8546
\
d_un	3.1733		0.0000

\
Best Operator Route set:
\
[[16, 114, 74, 23, 124, 66, 53, 14, 100, 78, 71, 96],
[8, 41, 25, 88, 101, 7, 26, 48, 73, 6, 45, 112],
[85, 20, 32, 60, 45, 6, 55, 16, 114, 78, 71, 96],
[83, 50, 116, 65, 82, 88, 39, 31, 89, 113, 90, 103],
[57, 30, 39, 46, 11, 79, 2, 37, 23, 53, 61, 108, 115],
[16, 114, 74, 23, 124, 66, 53, 14, 100, 78, 71, 96],
[16, 114, 74, 23, 124, 66, 53, 14, 100, 78, 71, 96],
[98, 43, 104, 105, 58, 63, 80, 66, 14, 100, 12, 107],
[16, 114, 74, 49, 124, 66, 53, 14, 100, 78, 71, 96],
[16, 114, 23, 124, 72, 66, 53, 14, 100, 78, 96, 71],
[16, 114, 74, 23, 124, 66, 53, 14, 100, 78, 71, 96],
[32, 60, 73, 48, 2, 49, 124, 70, 9, 80, 63, 58, 36],
[68, 3, 96, 71, 78, 114, 2, 79, 0, 101, 88, 121],
[16, 114, 74, 23, 124, 66, 53, 14, 100, 78, 71, 96],
[114, 74, 23, 49, 72, 124, 66, 53, 14, 100, 78, 71],
[57, 30, 39, 46, 11, 79, 2, 37, 23, 53, 61, 108],
[75, 32, 60, 73, 48, 2, 49, 124, 70, 9, 80, 63],
[5, 80, 9, 70, 124, 49, 2, 48, 73, 60, 32, 19, 75],
[16, 114, 74, 23, 124, 66, 53, 14, 100, 78, 71, 96],
[16, 114, 23, 124, 72, 66, 53, 14, 100, 78, 96, 71],
[16, 114, 74, 23, 124, 66, 53, 14, 100, 78, 71, 96],
[111, 28, 64, 43, 104, 105, 58, 63, 80, 66, 14, 100, 78],
[55, 16, 114, 23, 124, 72, 66, 53, 14, 100, 78, 96, 71],
[16, 114, 23, 124, 72, 66, 53, 14, 100, 78, 71, 96],
[34, 56, 3, 96, 71, 78, 114, 2, 79, 0, 120, 116, 93],
[34, 68, 84, 110, 87, 24, 5, 29, 94, 122, 52, 51, 54, 33],
[16, 114, 23, 124, 72, 66, 53, 14, 100, 78, 3, 96],
[16, 114, 74, 23, 124, 66, 53, 14, 100, 78, 71, 96],
[47, 51, 52, 118, 67, 1, 11, 79, 2, 114, 16, 62],
[123, 35, 125, 91, 88, 101, 0, 79, 2, 114, 78, 96, 71],
[45, 6, 73, 48, 0, 11, 77, 1, 118, 52, 51, 89],
[16, 114, 23, 124, 72, 66, 53, 14, 100, 78, 96, 71],
[16, 114, 74, 23, 124, 66, 53, 14, 100, 78, 71, 96],
[16, 114, 74, 23, 72, 124, 66, 53, 14, 100, 78, 71],
[16, 114, 74, 23, 124, 66, 53, 14, 100, 78, 71, 96],
[16, 114, 23, 124, 72, 66, 53, 14, 100, 78, 96, 71],
[16, 114, 74, 23, 124, 66, 53, 14, 100, 78, 71, 96],
[13, 50, 40, 7, 11, 1, 27, 81, 29, 5, 24, 117, 86],
[16, 114, 23, 124, 72, 66, 53, 14, 100, 78, 71, 96],
[16, 114, 23, 124, 72, 66, 53, 14, 100, 78, 96, 71],
[119, 21, 22, 30, 38, 31, 51, 52, 122, 29, 5, 24, 102, 106],
[8, 22, 30, 38, 51, 52, 122, 29, 80, 66, 14, 106],
[16, 114, 23, 124, 72, 66, 53, 14, 100, 78, 96, 71],
[10, 18, 109, 69, 43, 59, 89, 51, 31, 39, 88, 82, 44, 95],
[111, 28, 17, 42, 105, 63, 80, 66, 53, 14, 100, 96, 3],
[16, 114, 23, 124, 72, 66, 53, 14, 100, 78, 96, 71],
[51, 52, 122, 27, 29, 80, 66, 53, 14, 100, 3, 15],
[16, 114, 23, 124, 72, 66, 53, 14, 100, 78, 96, 71],
[47, 51, 52, 122, 94, 29, 80, 66, 53, 14, 100, 96],
[90, 113, 42, 89, 52, 118, 1, 11, 79, 97, 48, 99],
[75, 32, 60, 73, 48, 2, 49, 124, 70, 9, 80, 63],
[16, 114, 74, 23, 124, 66, 53, 14, 100, 78, 71, 96],
[16, 114, 74, 23, 124, 66, 53, 14, 100, 78, 71, 96],
[5, 80, 70, 124, 49, 2, 48, 73, 60, 32, 19, 76],
[16, 114, 23, 124, 72, 66, 53, 14, 100, 78, 71, 96],
[4, 43, 113, 89, 52, 118, 1, 11, 26, 126, 92, 76],
[28, 64, 43, 104, 105, 58, 63, 80, 66, 14, 100, 78],
[44, 93, 120, 0, 79, 37, 74, 23, 53, 61, 87, 110, 84],
[16, 114, 23, 72, 124, 66, 53, 14, 100, 78, 96, 71],
[114, 74, 23, 49, 72, 124, 66, 53, 14, 100, 78, 71]]

\
Best Passenger Route set:
\
[[124, 72, 23, 2, 48, 126, 92, 13, 95, 82, 88, 39, 31, 51, 89, 59, 104, 18, 10, 86],
[66, 80, 81, 67, 46, 39, 30, 54, 47, 51, 52, 118, 1, 11, 79, 37, 74, 114, 16, 112, 55, 99, 48, 73],
[93, 26, 126, 73, 99, 55, 16, 114, 74, 66, 80, 63, 105, 104, 18, 109, 69, 43, 103, 90, 42, 98, 17, 113, 59],
[106, 102, 87, 61, 115, 108, 14, 53, 23, 37, 2, 79, 0, 101, 88, 121, 125, 21, 119, 22, 30, 25, 39, 46, 118],
[120, 116, 50, 19, 75, 60, 73, 45, 55, 16, 114, 74, 66, 80, 29, 122, 52, 51, 54, 38, 31],
[46, 1, 11, 26, 40, 44, 120, 0, 79, 37, 23, 53, 14, 61, 106, 87, 110, 84, 68],
[95, 13, 50, 76, 85, 75, 19, 32, 60, 55, 16, 114, 78, 96, 71, 3, 68, 84, 110],
[19, 32, 60, 73, 48, 2, 49, 72, 70, 9, 80, 63, 58],
[73, 48, 97, 0, 77, 67, 118, 52, 89, 17, 28, 64, 111],
[12, 56, 34, 68, 110, 87, 24, 36, 5, 63, 58, 104, 59, 89, 17, 43, 103, 109, 18, 117, 86, 10],
[102, 106, 61, 53, 66, 49, 2, 79, 0, 26, 101, 88, 91, 123],
[47, 51, 52, 122, 94, 81, 80, 66, 53, 14, 61, 108, 115, 106, 87, 102, 24, 36],
[62, 16, 114, 74, 23, 72, 124, 66, 53, 14, 100, 78],
[64, 111, 28, 42, 113, 17, 98, 103, 43, 59, 89, 52, 118, 1, 67, 77, 0, 48, 73, 60, 75, 32, 126, 26, 93],
[110, 87, 106, 102, 24, 5, 29, 94, 122, 52, 38, 33, 30, 22, 119],
[36, 24, 86, 117, 10, 109, 69, 43, 90, 113, 89, 31, 39, 88, 82, 44, 116, 120, 26, 40, 7, 0, 101, 65],
[92, 50, 95, 123, 35, 125, 91, 88, 39, 46, 11, 79, 2, 114, 78, 71, 3, 68],
[85, 20, 76, 13, 83, 50, 92, 126, 32, 112, 6, 45, 73, 48, 26, 101, 88, 25, 41, 8, 119, 21, 125, 121, 91],
[62, 16, 55, 99, 48, 26, 7, 101, 88, 125, 21, 119],
[122, 81, 27, 1, 11, 26, 126, 92, 50, 19, 32, 60, 73, 48, 2, 23, 53, 14, 61, 108, 106, 102, 87, 84, 56],
[8, 30, 39, 38, 47, 51, 52, 122, 29, 9, 70, 66, 14, 100, 12, 56, 68, 34],
[21, 35, 123, 125, 121, 88, 25, 41, 57, 30, 33, 39, 46, 11, 79, 2, 114, 78, 71, 100, 96, 3, 12, 68, 34],
[17, 42, 105, 58, 63, 80, 66, 14, 100, 96, 3, 107],
[110, 84, 68, 12, 15, 107, 3, 96, 78, 114, 2, 79, 97, 0, 101, 88, 121, 125, 91, 25, 30, 22, 57, 8],
[110, 84, 68, 34, 56, 12, 3, 71, 78, 114, 2, 48, 73, 126, 92, 83, 50, 116, 65, 44, 93, 26, 120, 7, 40],
[50, 20, 76, 85, 19, 32, 60, 73, 48, 2, 49, 124, 70, 80, 5, 24, 86, 117, 10, 18, 69, 4, 109, 103, 28],
[84, 110, 87, 61, 53, 23, 2, 79, 0, 26, 40, 95],
[65, 116, 40, 95, 123, 35, 125, 91, 88, 101, 0, 79, 2, 49, 72, 124, 70, 66, 9, 80, 81, 29, 94, 122, 118],
[15, 107, 3, 96, 71, 100, 14, 66, 80, 63, 58, 104, 18, 109, 69, 4, 10, 117, 86, 24],
[34, 56, 12, 78, 114, 2, 79, 0, 120, 65, 95, 123, 125, 35, 8, 22, 57],
[69, 43, 103, 109, 10, 117, 24, 36, 80, 66, 49, 2, 48, 126, 92, 50, 83, 13],
[57, 30, 33, 39, 46, 1, 77, 11, 2, 114, 16, 62],
[125, 35, 91, 88, 101, 0, 79, 2, 23, 53, 14, 100, 71, 96],
[34, 68, 110, 87, 102, 24, 5, 29, 94, 122, 52, 51, 47, 54, 30, 41, 57, 21, 119, 8, 22, 125, 88, 93, 44],
[27, 118, 46, 39, 88, 121, 125, 35, 21, 119, 8, 41, 30, 38, 52, 122, 29, 5, 24, 87, 110, 84, 68, 56, 15],
[11, 7, 120, 26, 126, 92, 50, 65, 116, 82, 88, 39, 31, 89, 113, 90, 103, 28, 111, 4, 18, 104, 105, 58],
[73, 48, 97, 11, 46, 39, 30, 57, 41, 22, 8, 119],
[117, 18, 104, 43, 90, 113, 89, 31, 39, 88, 93, 116, 50, 83, 92, 76, 19, 32, 60, 55],
[69, 4, 43, 90, 113, 89, 31, 38, 39, 88, 93, 116, 50, 83, 92, 20, 32, 60, 45, 112],
[72, 124, 66, 53, 14, 108, 61, 102, 24, 117, 10, 69, 43, 113, 89, 51, 31, 38, 25, 91, 123, 125, 21, 35],
[23, 114, 16, 62, 112, 60, 45, 6, 73, 48, 2, 49, 124, 9, 63, 105, 43, 103, 98, 17, 89, 42, 113, 90, 59],
[88, 25, 33, 54, 47, 38, 51, 52, 27, 81, 29, 80, 63, 105, 104, 59, 113, 42, 17, 64, 103, 69, 43],
[102, 106, 14, 108, 115, 61, 53, 66, 80, 29, 122, 52, 31, 38, 30, 22, 119, 21, 8, 35, 123, 95],
[126, 32, 20, 92, 83, 13, 50, 40, 7, 11, 1, 27, 29, 80, 36, 24, 86, 18, 104, 59, 113, 43, 90, 42],
[90, 113, 43, 104, 18, 10, 109, 103, 111, 28, 98, 17, 89, 51, 31, 39, 88, 82, 65, 116, 50, 83, 13, 92, 126],
[15, 3, 100, 14, 53, 66, 80, 29, 94, 122, 52, 89],
[13, 83, 50, 40, 7, 11, 1, 27, 29, 5, 24, 86, 117],
[110, 84, 68, 34, 56, 12, 100, 78, 114, 2, 79, 0, 120, 93, 44, 116, 40, 65, 7, 26, 11, 67, 81, 94],
[20, 19, 13, 50, 40, 7, 11, 1, 27, 81, 29, 5, 24, 86, 10, 109, 69, 4, 111, 28, 64, 43, 17, 42, 90],
[55, 16, 114, 23, 74, 72, 124, 70, 80, 63, 105, 42, 89, 52, 118, 1, 11, 0, 26, 126, 92, 85, 19, 20, 50],
[76, 20, 75, 60, 32, 45, 6, 73, 48, 79, 11, 77, 1, 118, 52, 89, 17, 98, 113, 90, 43, 4, 111, 64, 28],
[35, 125, 91, 88, 101, 0, 79, 2, 11, 77, 67, 118, 52, 89, 17, 64, 111],
[51, 52, 38, 31, 33, 39, 46, 11, 2, 114, 78, 96, 71, 3, 12, 56, 34, 68, 110, 87, 24, 86, 117, 18, 103],
[93, 101, 0, 79, 11, 7, 40, 116, 44, 95, 13, 83, 50, 92, 126, 73, 48, 2, 114, 78, 12, 56, 34, 68, 110],
[95, 50, 83, 13, 92, 126, 48, 2, 49, 72, 9, 63, 105, 104, 18, 109, 4, 43, 98, 103],
[120, 116, 50, 19, 75, 60, 73, 45, 55, 16, 114, 74, 66, 80, 63, 105, 104, 18, 109, 69, 4, 10, 117, 24, 86],
[76, 50, 40, 26, 11, 1, 118, 52, 51, 47, 54, 31, 39, 46, 67, 27, 29, 9, 80, 5, 24],
[91, 88, 25, 41, 57, 30, 38, 52, 122, 29, 80, 5, 36, 24, 87, 110, 84, 68],
[41, 8, 119, 21, 22, 30, 39, 46, 11, 2, 23, 53, 14, 108, 61, 115, 3, 12, 78, 114, 74, 37, 97, 79, 48],
[111, 103, 69, 109, 18, 4, 43, 105, 63, 80, 66, 49, 2, 48, 73, 60, 32, 75, 20, 85, 76, 92, 50, 83, 13]]

\
Best Operator Route set string:
\
16-114-74-23-124-66-53-14-100-78-71-96*8-41-25-88-101-7-26-48-73-6-45-112*85-20-32-60-45-6-55-16-114-78-71-96*83-50-116-65-82-88-39-31-89-113-90-103*57-30-39-46-11-79-2-37-23-53-61-108-115*16-114-74-23-124-66-53-14-100-78-71-96*16-114-74-23-124-66-53-14-100-78-71-96*98-43-104-105-58-63-80-66-14-100-12-107*16-114-74-49-124-66-53-14-100-78-71-96*16-114-23-124-72-66-53-14-100-78-96-71*16-114-74-23-124-66-53-14-100-78-71-96*32-60-73-48-2-49-124-70-9-80-63-58-36*68-3-96-71-78-114-2-79-0-101-88-121*16-114-74-23-124-66-53-14-100-78-71-96*114-74-23-49-72-124-66-53-14-100-78-71*57-30-39-46-11-79-2-37-23-53-61-108*75-32-60-73-48-2-49-124-70-9-80-63*5-80-9-70-124-49-2-48-73-60-32-19-75*16-114-74-23-124-66-53-14-100-78-71-96*16-114-23-124-72-66-53-14-100-78-96-71*16-114-74-23-124-66-53-14-100-78-71-96*111-28-64-43-104-105-58-63-80-66-14-100-78*55-16-114-23-124-72-66-53-14-100-78-96-71*16-114-23-124-72-66-53-14-100-78-71-96*34-56-3-96-71-78-114-2-79-0-120-116-93*34-68-84-110-87-24-5-29-94-122-52-51-54-33*16-114-23-124-72-66-53-14-100-78-3-96*16-114-74-23-124-66-53-14-100-78-71-96*47-51-52-118-67-1-11-79-2-114-16-62*123-35-125-91-88-101-0-79-2-114-78-96-71*45-6-73-48-0-11-77-1-118-52-51-89*16-114-23-124-72-66-53-14-100-78-96-71*16-114-74-23-124-66-53-14-100-78-71-96*16-114-74-23-72-124-66-53-14-100-78-71*16-114-74-23-124-66-53-14-100-78-71-96*16-114-23-124-72-66-53-14-100-78-96-71*16-114-74-23-124-66-53-14-100-78-71-96*13-50-40-7-11-1-27-81-29-5-24-117-86*16-114-23-124-72-66-53-14-100-78-71-96*16-114-23-124-72-66-53-14-100-78-96-71*119-21-22-30-38-31-51-52-122-29-5-24-102-106*8-22-30-38-51-52-122-29-80-66-14-106*16-114-23-124-72-66-53-14-100-78-96-71*10-18-109-69-43-59-89-51-31-39-88-82-44-95*111-28-17-42-105-63-80-66-53-14-100-96-3*16-114-23-124-72-66-53-14-100-78-96-71*51-52-122-27-29-80-66-53-14-100-3-15*16-114-23-124-72-66-53-14-100-78-96-71*47-51-52-122-94-29-80-66-53-14-100-96*90-113-42-89-52-118-1-11-79-97-48-99*75-32-60-73-48-2-49-124-70-9-80-63*16-114-74-23-124-66-53-14-100-78-71-96*16-114-74-23-124-66-53-14-100-78-71-96*5-80-70-124-49-2-48-73-60-32-19-76*16-114-23-124-72-66-53-14-100-78-71-96*4-43-113-89-52-118-1-11-26-126-92-76*28-64-43-104-105-58-63-80-66-14-100-78*44-93-120-0-79-37-74-23-53-61-87-110-84*16-114-23-72-124-66-53-14-100-78-96-71*114-74-23-49-72-124-66-53-14-100-78-71*

\
Best Passenger Route set sting:
\
124-72-23-2-48-126-92-13-95-82-88-39-31-51-89-59-104-18-10-86*66-80-81-67-46-39-30-54-47-51-52-118-1-11-79-37-74-114-16-112-55-99-48-73*93-26-126-73-99-55-16-114-74-66-80-63-105-104-18-109-69-43-103-90-42-98-17-113-59*106-102-87-61-115-108-14-53-23-37-2-79-0-101-88-121-125-21-119-22-30-25-39-46-118*120-116-50-19-75-60-73-45-55-16-114-74-66-80-29-122-52-51-54-38-31*46-1-11-26-40-44-120-0-79-37-23-53-14-61-106-87-110-84-68*95-13-50-76-85-75-19-32-60-55-16-114-78-96-71-3-68-84-110*19-32-60-73-48-2-49-72-70-9-80-63-58*73-48-97-0-77-67-118-52-89-17-28-64-111*12-56-34-68-110-87-24-36-5-63-58-104-59-89-17-43-103-109-18-117-86-10*102-106-61-53-66-49-2-79-0-26-101-88-91-123*47-51-52-122-94-81-80-66-53-14-61-108-115-106-87-102-24-36*62-16-114-74-23-72-124-66-53-14-100-78*64-111-28-42-113-17-98-103-43-59-89-52-118-1-67-77-0-48-73-60-75-32-126-26-93*110-87-106-102-24-5-29-94-122-52-38-33-30-22-119*36-24-86-117-10-109-69-43-90-113-89-31-39-88-82-44-116-120-26-40-7-0-101-65*92-50-95-123-35-125-91-88-39-46-11-79-2-114-78-71-3-68*85-20-76-13-83-50-92-126-32-112-6-45-73-48-26-101-88-25-41-8-119-21-125-121-91*62-16-55-99-48-26-7-101-88-125-21-119*122-81-27-1-11-26-126-92-50-19-32-60-73-48-2-23-53-14-61-108-106-102-87-84-56*8-30-39-38-47-51-52-122-29-9-70-66-14-100-12-56-68-34*21-35-123-125-121-88-25-41-57-30-33-39-46-11-79-2-114-78-71-100-96-3-12-68-34*17-42-105-58-63-80-66-14-100-96-3-107*110-84-68-12-15-107-3-96-78-114-2-79-97-0-101-88-121-125-91-25-30-22-57-8*110-84-68-34-56-12-3-71-78-114-2-48-73-126-92-83-50-116-65-44-93-26-120-7-40*50-20-76-85-19-32-60-73-48-2-49-124-70-80-5-24-86-117-10-18-69-4-109-103-28*84-110-87-61-53-23-2-79-0-26-40-95*65-116-40-95-123-35-125-91-88-101-0-79-2-49-72-124-70-66-9-80-81-29-94-122-118*15-107-3-96-71-100-14-66-80-63-58-104-18-109-69-4-10-117-86-24*34-56-12-78-114-2-79-0-120-65-95-123-125-35-8-22-57*69-43-103-109-10-117-24-36-80-66-49-2-48-126-92-50-83-13*57-30-33-39-46-1-77-11-2-114-16-62*125-35-91-88-101-0-79-2-23-53-14-100-71-96*34-68-110-87-102-24-5-29-94-122-52-51-47-54-30-41-57-21-119-8-22-125-88-93-44*27-118-46-39-88-121-125-35-21-119-8-41-30-38-52-122-29-5-24-87-110-84-68-56-15*11-7-120-26-126-92-50-65-116-82-88-39-31-89-113-90-103-28-111-4-18-104-105-58*73-48-97-11-46-39-30-57-41-22-8-119*117-18-104-43-90-113-89-31-39-88-93-116-50-83-92-76-19-32-60-55*69-4-43-90-113-89-31-38-39-88-93-116-50-83-92-20-32-60-45-112*72-124-66-53-14-108-61-102-24-117-10-69-43-113-89-51-31-38-25-91-123-125-21-35*23-114-16-62-112-60-45-6-73-48-2-49-124-9-63-105-43-103-98-17-89-42-113-90-59*88-25-33-54-47-38-51-52-27-81-29-80-63-105-104-59-113-42-17-64-103-69-43*102-106-14-108-115-61-53-66-80-29-122-52-31-38-30-22-119-21-8-35-123-95*126-32-20-92-83-13-50-40-7-11-1-27-29-80-36-24-86-18-104-59-113-43-90-42*90-113-43-104-18-10-109-103-111-28-98-17-89-51-31-39-88-82-65-116-50-83-13-92-126*15-3-100-14-53-66-80-29-94-122-52-89*13-83-50-40-7-11-1-27-29-5-24-86-117*110-84-68-34-56-12-100-78-114-2-79-0-120-93-44-116-40-65-7-26-11-67-81-94*20-19-13-50-40-7-11-1-27-81-29-5-24-86-10-109-69-4-111-28-64-43-17-42-90*55-16-114-23-74-72-124-70-80-63-105-42-89-52-118-1-11-0-26-126-92-85-19-20-50*76-20-75-60-32-45-6-73-48-79-11-77-1-118-52-89-17-98-113-90-43-4-111-64-28*35-125-91-88-101-0-79-2-11-77-67-118-52-89-17-64-111*51-52-38-31-33-39-46-11-2-114-78-96-71-3-12-56-34-68-110-87-24-86-117-18-103*93-101-0-79-11-7-40-116-44-95-13-83-50-92-126-73-48-2-114-78-12-56-34-68-110*95-50-83-13-92-126-48-2-49-72-9-63-105-104-18-109-4-43-98-103*120-116-50-19-75-60-73-45-55-16-114-74-66-80-63-105-104-18-109-69-4-10-117-24-86*76-50-40-26-11-1-118-52-51-47-54-31-39-46-67-27-29-9-80-5-24*91-88-25-41-57-30-38-52-122-29-80-5-36-24-87-110-84-68*41-8-119-21-22-30-39-46-11-2-23-53-14-108-61-115-3-12-78-114-74-37-97-79-48*111-103-69-109-18-4-43-105-63-80-66-49-2-48-73-60-32-75-20-85-76-92-50-83-13*