33_3_Mumford1__ALL_param RESULTS EVALUATION:
\
HV:0.7557 | BM:0.7758

\
	Operator	Passenger
\
f1_ATT	30.5722		23.0860
\
f2_TRT	527		1578
\
d_0	22.1642		49.7033
\
d_1	47.1153		48.4127
\
d_2	25.3160		1.8840
\
d_un	5.4045		0.0000

\
Best Operator Route set:
\
[[67, 37, 65, 32, 39, 18, 38, 22, 33, 43],
[48, 69, 29, 3, 66, 19, 54, 18, 37, 5],
[31, 11, 9, 16, 10, 55, 52, 64, 58, 41],
[57, 35, 51, 56, 28, 10, 16, 1, 26, 30],
[50, 0, 69, 18, 54, 36, 45, 41, 34, 35],
[15, 49, 1, 9, 59, 17, 61, 60, 44, 14],
[12, 41, 51, 64, 52, 55, 16, 1, 49, 15],
[10, 55, 8, 56, 6, 47, 53, 7, 40, 46],
[30, 24, 62, 26, 16, 10, 52, 8, 28, 56],
[4, 25, 12, 41, 45, 22, 13, 43, 17, 10],
[42, 62, 21, 63, 24, 30, 26, 8, 56, 51],
[5, 37, 67, 27, 41, 51, 58, 33, 20, 17],
[2, 0, 23, 69, 3, 66, 19, 22, 33, 20],
[9, 68, 11, 1, 26, 16, 55, 52, 64, 35],
[26, 16, 10, 55, 17, 50, 23, 69, 29, 48]]

\
Best Passenger Route set:
\
[[7, 47, 6, 56, 8, 10, 17, 50, 13, 22, 45, 41, 25, 4, 40, 46, 53],
[12, 27, 67, 37, 65, 19, 18, 54, 66, 3, 0, 50, 43, 33, 58, 34, 25, 4, 40, 7, 53],
[9, 68, 1, 16, 26, 30, 62, 15, 11, 59, 10, 55, 20, 13, 22, 19, 54, 32, 18, 38, 66, 3, 69, 29, 48],
[56, 51, 64, 52, 8, 10, 17, 44, 14, 2, 0, 69, 66, 19, 36, 45, 34, 35, 6, 63, 24, 62, 42, 49, 1, 16, 55, 20, 43, 61],
[40, 46, 53, 47, 6, 56, 8, 55, 16, 9, 68, 59, 10, 52, 64, 58, 45, 36, 54, 18, 37, 65, 67],
[1, 11, 68, 9, 16, 26, 8, 51, 57, 25, 12, 4, 40, 46, 7, 53, 47, 6, 56, 28, 10, 55, 20, 17, 44, 60],
[45, 58, 51, 8, 52, 10, 28, 56, 6, 21, 30, 26, 1, 59, 17, 43, 13, 33, 50, 0],
[49, 1, 59, 17, 55, 52, 64, 58, 41, 12, 40, 47, 6, 63, 24, 30, 26, 16, 10, 20, 43, 50, 2, 0, 23, 29, 48, 39, 32, 5],
[32, 37, 18, 66, 69, 29, 19, 36, 22, 13, 20, 55, 52, 64, 58, 35, 57, 34, 51, 8, 26, 1, 31, 11, 9, 17, 61, 60, 44],
[58, 33, 22, 38, 66, 29, 3, 69, 23, 50, 43, 61, 17, 20, 52, 64, 51, 35, 6, 63, 30, 26, 8, 56],
[22, 33, 20, 17, 60, 14, 2, 23, 3, 38, 54, 5, 67, 27, 25, 4, 7, 53, 47, 6, 63, 30, 15, 62, 24, 21],
[68, 9, 31, 11, 1, 59, 10, 8, 56, 6, 47, 53, 4, 25, 41, 36, 38, 69, 48, 39, 18, 37, 5, 67, 27, 12, 40, 7, 46],
[60, 44, 61, 43, 13, 20, 17, 9, 49, 62, 24, 30, 26, 8, 28, 56, 51, 41, 36, 54, 5, 65, 37, 67, 27, 25, 34, 45],
[24, 62, 26, 49, 11, 68, 9, 17, 50, 23, 29, 19, 54, 18, 39, 65, 37, 67, 27, 41, 57, 51, 8, 56],
[66, 3, 69, 48, 39, 32, 65, 37, 5, 54, 38, 22, 33, 20, 10, 16, 26, 49, 15, 11, 9, 68]]

\
Best Operator Route set string:
\
67-37-65-32-39-18-38-22-33-43*48-69-29-3-66-19-54-18-37-5*31-11-9-16-10-55-52-64-58-41*57-35-51-56-28-10-16-1-26-30*50-0-69-18-54-36-45-41-34-35*15-49-1-9-59-17-61-60-44-14*12-41-51-64-52-55-16-1-49-15*10-55-8-56-6-47-53-7-40-46*30-24-62-26-16-10-52-8-28-56*4-25-12-41-45-22-13-43-17-10*42-62-21-63-24-30-26-8-56-51*5-37-67-27-41-51-58-33-20-17*2-0-23-69-3-66-19-22-33-20*9-68-11-1-26-16-55-52-64-35*26-16-10-55-17-50-23-69-29-48*

\
Best Passenger Route set sting:
\
7-47-6-56-8-10-17-50-13-22-45-41-25-4-40-46-53*12-27-67-37-65-19-18-54-66-3-0-50-43-33-58-34-25-4-40-7-53*9-68-1-16-26-30-62-15-11-59-10-55-20-13-22-19-54-32-18-38-66-3-69-29-48*56-51-64-52-8-10-17-44-14-2-0-69-66-19-36-45-34-35-6-63-24-62-42-49-1-16-55-20-43-61*40-46-53-47-6-56-8-55-16-9-68-59-10-52-64-58-45-36-54-18-37-65-67*1-11-68-9-16-26-8-51-57-25-12-4-40-46-7-53-47-6-56-28-10-55-20-17-44-60*45-58-51-8-52-10-28-56-6-21-30-26-1-59-17-43-13-33-50-0*49-1-59-17-55-52-64-58-41-12-40-47-6-63-24-30-26-16-10-20-43-50-2-0-23-29-48-39-32-5*32-37-18-66-69-29-19-36-22-13-20-55-52-64-58-35-57-34-51-8-26-1-31-11-9-17-61-60-44*58-33-22-38-66-29-3-69-23-50-43-61-17-20-52-64-51-35-6-63-30-26-8-56*22-33-20-17-60-14-2-23-3-38-54-5-67-27-25-4-7-53-47-6-63-30-15-62-24-21*68-9-31-11-1-59-10-8-56-6-47-53-4-25-41-36-38-69-48-39-18-37-5-67-27-12-40-7-46*60-44-61-43-13-20-17-9-49-62-24-30-26-8-28-56-51-41-36-54-5-65-37-67-27-25-34-45*24-62-26-49-11-68-9-17-50-23-29-19-54-18-39-65-37-67-27-41-57-51-8-56*66-3-69-48-39-32-65-37-5-54-38-22-33-20-10-16-26-49-15-11-9-68*