3_2_Mumford0_GA_Mutations RESULTS EVALUATION:
\
HV:0.7590 | BM:0.8087

\
	Operator	Passenger
\
f1_ATT	28.7302		16.9257
\
f2_TRT	95		272
\
d_0	15.9808		50.1432
\
d_1	27.0838		48.8310
\
d_2	28.5305		1.0258
\
d_un	28.4048		0.0000

\
Best Operator Route set:
\
[[17, 22, 18, 0, 26],
[4, 24],
[15, 10, 2],
[8, 12, 19],
[24, 14, 23, 1],
[11, 14, 20, 7, 16, 6, 5, 21],
[3, 9],
[13, 6],
[29, 2],
[29, 27, 16, 28, 17, 19],
[28, 25],
[1, 3]]

\
Best Passenger Route set:
\
[[8, 12, 19, 17, 28, 16, 10, 15],
[6, 10, 15, 2, 29],
[12, 22, 18, 0, 25, 28, 16],
[9, 23, 14, 11, 17, 22],
[8, 12, 19, 22, 25, 7, 27, 29],
[26, 0, 18, 22, 25, 7, 20, 24],
[9, 1, 14, 7, 27, 10, 15],
[8, 19, 22, 0, 18, 13, 6, 5, 21],
[3, 24, 4, 7, 16, 6, 5],
[2, 27, 7],
[9, 1, 3, 11, 17, 18, 0, 26],
[9, 1, 3, 23, 14, 7, 27, 10, 21]]

\
Best Operator Route set string:
\
17-22-18-0-26*4-24*15-10-2*8-12-19*24-14-23-1*11-14-20-7-16-6-5-21*3-9*13-6*29-2*29-27-16-28-17-19*28-25*1-3*

\
Best Passenger Route set sting:
\
8-12-19-17-28-16-10-15*6-10-15-2-29*12-22-18-0-25-28-16*9-23-14-11-17-22*8-12-19-22-25-7-27-29*26-0-18-22-25-7-20-24*9-1-14-7-27-10-15*8-19-22-0-18-13-6-5-21*3-24-4-7-16-6-5*2-27-7*9-1-3-11-17-18-0-26*9-1-3-23-14-7-27-10-21*