33_2_Mumford0__ALL_param RESULTS EVALUATION:
\
HV:0.8087 | BM:0.8087

\
	Operator	Passenger
\
f1_ATT	25.5659		15.4610
\
f2_TRT	97		569
\
d_0	26.9114		67.2229
\
d_1	47.5129		32.6397
\
d_2	22.0394		0.1374
\
d_un	3.5364		0.0000

\
Best Operator Route set:
\
[[2, 29],
[28, 25],
[17, 22],
[13, 6, 5, 21, 10, 2, 27, 7, 25, 0, 18, 22, 19, 12],
[10, 15],
[9, 1, 3, 23, 14, 7],
[14, 11],
[7, 16],
[7, 20],
[4, 24, 14],
[8, 12],
[26, 0]]

\
Best Passenger Route set:
\
[[23, 20, 7, 2, 29, 10, 16, 28, 17, 12, 8, 26],
[0, 26, 8, 12, 19, 18, 13, 6, 10, 15, 2, 21, 5],
[29, 27, 16, 28, 17, 11, 25, 7, 20, 24, 4, 3, 23],
[3, 4, 7, 10, 27, 15, 6, 21],
[15, 29, 2, 27, 16, 7, 25, 22, 19, 12, 17, 11, 3, 23],
[0, 28, 16, 2, 6, 13, 18, 12, 8],
[13, 18, 0, 28, 7, 20, 4, 1, 3, 11, 17, 19, 22, 25],
[20, 4, 3, 1, 9, 23, 14, 7, 16, 6, 5, 21, 10],
[22, 12, 0, 25, 28, 16, 2],
[24, 14, 9, 3, 11, 17, 22, 0, 13, 6, 5, 21],
[22, 19, 8, 26, 0, 28, 16, 15, 21, 10, 27, 7, 20, 24],
[6, 16, 7, 24, 3, 1, 23, 14, 11, 25, 0, 18]]

\
Best Operator Route set string:
\
2-29*28-25*17-22*13-6-5-21-10-2-27-7-25-0-18-22-19-12*10-15*9-1-3-23-14-7*14-11*7-16*7-20*4-24-14*8-12*26-0*

\
Best Passenger Route set sting:
\
23-20-7-2-29-10-16-28-17-12-8-26*0-26-8-12-19-18-13-6-10-15-2-21-5*29-27-16-28-17-11-25-7-20-24-4-3-23*3-4-7-10-27-15-6-21*15-29-2-27-16-7-25-22-19-12-17-11-3-23*0-28-16-2-6-13-18-12-8*13-18-0-28-7-20-4-1-3-11-17-19-22-25*20-4-3-1-9-23-14-7-16-6-5-21-10*22-12-0-25-28-16-2*24-14-9-3-11-17-22-0-13-6-5-21*22-19-8-26-0-28-16-15-21-10-27-7-20-24*6-16-7-24-3-1-23-14-11-25-0-18*