2_2_Mumford0_GA_Crossover RESULTS EVALUATION:
\
HV:0.8293 | BM:0.8087

\
	Operator	Passenger
\
f1_ATT	26.2298		15.0234
\
f2_TRT	95		517
\
d_0	23.2026		79.6791
\
d_1	38.2160		20.3209
\
d_2	23.9391		0.0000
\
d_un	14.6423		0.0000

\
Best Operator Route set:
\
[[8, 12, 19, 22, 17, 11],
[20, 24, 4],
[5, 21],
[15, 10, 27, 7],
[6, 5],
[2, 29],
[10, 2],
[6, 13, 18, 0, 22, 25, 7, 20, 14, 23, 9, 1],
[25, 28],
[0, 26],
[27, 16],
[3, 1]]

\
Best Passenger Route set:
\
[[12, 19, 17, 11, 14, 20, 24, 4, 7, 25, 0, 18, 13],
[2, 29, 27, 16, 28, 25, 0, 22, 19, 18],
[23, 24, 4, 7, 27, 29, 2, 10, 15, 6, 13, 0, 18, 22, 19],
[9, 1, 3, 11, 17, 22, 18, 0, 13, 6, 5, 21, 10, 29, 2],
[4, 24, 14, 11, 17, 19, 12, 8, 26],
[24, 3, 1, 23, 14, 20, 7, 28, 0, 18, 13],
[1, 3, 9, 23, 20, 7, 10, 15, 21, 5],
[9, 3, 11, 25, 7, 27, 10, 16, 28, 17, 19, 12, 8],
[1, 14, 20, 7, 25, 22, 12, 8, 26, 0, 18, 13, 6],
[29, 2, 7, 24, 14, 11, 25, 28, 16, 27, 15, 21],
[4, 1, 3, 9, 23, 14, 7, 16, 6, 5],
[9, 1, 3, 23, 14, 7, 27, 10, 21, 5, 6, 13, 18, 12, 8]]

\
Best Operator Route set string:
\
8-12-19-22-17-11*20-24-4*5-21*15-10-27-7*6-5*2-29*10-2*6-13-18-0-22-25-7-20-14-23-9-1*25-28*0-26*27-16*3-1*

\
Best Passenger Route set sting:
\
12-19-17-11-14-20-24-4-7-25-0-18-13*2-29-27-16-28-25-0-22-19-18*23-24-4-7-27-29-2-10-15-6-13-0-18-22-19*9-1-3-11-17-22-18-0-13-6-5-21-10-29-2*4-24-14-11-17-19-12-8-26*24-3-1-23-14-20-7-28-0-18-13*1-3-9-23-20-7-10-15-21-5*9-3-11-25-7-27-10-16-28-17-19-12-8*1-14-20-7-25-22-12-8-26-0-18-13-6*29-2-7-24-14-11-25-28-16-27-15-21*4-1-3-9-23-14-7-16-6-5*9-1-3-23-14-7-27-10-21-5-6-13-18-12-8*