8_5_Mumford3_GA_Crossover_prob RESULTS EVALUATION:
\
HV:0.6041 | BM:0.6385

\
	Operator	Passenger
\
f1_ATT	34.0162		28.7887
\
f2_TRT	2329		6058
\
d_0	18.9998		42.6856
\
d_1	55.0955		55.4739
\
d_2	24.0033		1.8405
\
d_un	1.9013		0.0000

\
Best Operator Route set:
\
[[119, 8, 41, 25, 88, 101, 26, 48, 99, 55, 16, 62],
[96, 100, 14, 53, 66, 80, 63, 58, 105, 43, 90, 103],
[19, 32, 60, 73, 48, 2, 49, 72, 70, 9, 80, 63],
[112, 16, 114, 74, 23, 72, 66, 53, 14, 100, 78, 96],
[21, 22, 30, 33, 39, 46, 11, 2, 114, 78, 96, 71],
[16, 114, 74, 23, 124, 66, 72, 14, 100, 78, 71, 96],
[16, 114, 74, 23, 124, 66, 53, 14, 100, 78, 71, 96],
[51, 52, 118, 67, 1, 77, 0, 48, 73, 60, 75, 85],
[16, 114, 23, 124, 72, 66, 53, 14, 100, 78, 96, 71],
[20, 32, 60, 73, 48, 2, 23, 53, 14, 108, 61, 115],
[16, 114, 74, 23, 124, 66, 53, 14, 100, 78, 71, 96],
[105, 63, 80, 70, 124, 66, 53, 14, 100, 78, 71, 96],
[111, 28, 17, 89, 52, 118, 1, 77, 11, 97, 48, 73],
[51, 52, 122, 29, 80, 66, 53, 14, 100, 3, 15, 107],
[68, 12, 3, 96, 78, 114, 2, 79, 0, 101, 88, 121],
[64, 28, 17, 42, 89, 52, 118, 1, 11, 97, 48, 73],
[47, 51, 52, 122, 29, 36, 24, 87, 110, 84, 68, 56],
[16, 114, 74, 23, 49, 66, 53, 14, 100, 78, 96, 71],
[20, 32, 60, 73, 48, 2, 23, 53, 14, 61, 108, 115],
[16, 114, 74, 23, 124, 66, 53, 14, 100, 78, 71, 96],
[34, 68, 110, 87, 102, 24, 5, 29, 94, 122, 52, 51],
[34, 68, 110, 87, 24, 36, 5, 58, 105, 104, 59, 89],
[35, 125, 91, 88, 93, 120, 0, 79, 2, 23, 53, 14],
[95, 82, 88, 39, 31, 89, 42, 113, 90, 43, 69, 4, 109, 18],
[16, 114, 23, 72, 124, 66, 53, 14, 100, 78, 96, 71],
[71, 96, 78, 114, 16, 55, 45, 6, 60, 32, 20, 76],
[115, 61, 14, 53, 23, 2, 79, 0, 101, 88, 91, 123],
[16, 114, 74, 23, 124, 66, 53, 14, 100, 78, 71, 96],
[16, 114, 74, 23, 124, 66, 53, 14, 100, 78, 71, 96],
[16, 114, 74, 23, 124, 66, 53, 14, 100, 78, 71, 96],
[16, 114, 74, 23, 124, 66, 53, 14, 100, 96, 71, 78],
[16, 114, 74, 23, 124, 66, 53, 14, 100, 78, 71, 96],
[119, 21, 22, 30, 39, 46, 11, 2, 114, 78, 96, 71],
[16, 114, 74, 23, 124, 66, 53, 14, 100, 78, 71, 96],
[16, 114, 74, 23, 49, 66, 53, 14, 100, 78, 96, 71],
[16, 114, 74, 23, 124, 66, 53, 14, 100, 78, 71, 96],
[16, 114, 74, 23, 124, 66, 53, 14, 100, 71, 78, 96],
[51, 52, 122, 94, 81, 29, 80, 63, 105, 104, 59, 89],
[121, 88, 101, 0, 79, 2, 49, 72, 70, 9, 80, 63],
[71, 96, 100, 14, 53, 66, 80, 63, 58, 105, 43, 98],
[57, 30, 38, 31, 52, 122, 29, 80, 66, 14, 61, 106],
[16, 114, 23, 124, 72, 66, 53, 14, 100, 78, 96, 71],
[8, 41, 30, 39, 46, 11, 79, 2, 23, 53, 61, 108],
[85, 20, 32, 60, 73, 48, 2, 23, 53, 14, 100, 96],
[62, 16, 114, 74, 66, 80, 5, 24, 117, 86, 10, 109],
[16, 114, 74, 23, 124, 66, 53, 14, 100, 78, 71, 96],
[84, 110, 87, 61, 53, 23, 37, 79, 0, 120, 116, 44],
[16, 114, 74, 23, 124, 66, 53, 14, 100, 78, 71, 96],
[16, 114, 74, 23, 124, 66, 53, 14, 100, 78, 71, 96],
[76, 83, 50, 65, 40, 7, 11, 1, 27, 81, 29, 5],
[54, 51, 52, 122, 94, 29, 80, 66, 53, 61, 108, 115],
[13, 83, 92, 126, 48, 2, 49, 124, 72, 9, 63, 58],
[20, 32, 60, 73, 48, 2, 23, 53, 14, 61, 108, 115],
[16, 114, 74, 23, 124, 66, 53, 14, 100, 78, 96, 71],
[51, 52, 122, 29, 80, 66, 53, 14, 100, 96, 3, 107],
[16, 114, 74, 23, 124, 66, 53, 14, 100, 78, 71, 96],
[16, 114, 74, 23, 124, 66, 53, 14, 100, 78, 71, 96],
[106, 108, 14, 53, 23, 37, 2, 79, 0, 101, 88, 121],
[16, 114, 74, 49, 72, 66, 53, 14, 100, 78, 71, 96],
[84, 110, 87, 61, 53, 23, 2, 79, 0, 120, 116, 44]]

\
Best Passenger Route set:
\
[[28, 17, 59, 90, 98, 64, 4, 43, 113, 42, 89, 52, 118, 1, 11, 26, 126, 92, 20, 85, 19, 75, 60, 73, 99],
[88, 121, 91, 123, 95, 13, 50, 20, 85, 76, 92, 126, 48, 2, 23, 53, 61, 108, 102, 24, 86, 18, 103, 98, 17],
[8, 22, 21, 41, 57, 30, 33, 39, 46, 11, 2, 37, 23, 53, 61, 108, 106, 14, 72, 9, 70, 124, 66, 80, 5],
[23, 114, 78, 12, 56, 15, 3, 100, 14, 53, 66, 80, 29, 94, 122, 52, 51, 54, 47, 38, 31, 39, 88, 91, 121],
[102, 87, 61, 115, 108, 14, 53, 23, 37, 2, 79, 0, 101, 88, 121, 125, 21, 119, 22, 30, 25, 39, 46, 118, 27],
[15, 56, 84, 110, 87, 61, 53, 23, 37, 79, 0, 26, 40, 95, 116, 65, 44, 82, 93, 7, 11, 67, 46, 1],
[77, 11, 7, 120, 26, 126, 32, 6, 45, 73, 48, 97, 2, 49, 72, 9, 63, 105, 43, 69, 111, 64, 17, 89],
[126, 26, 101, 120, 116, 65, 7, 11, 1, 27, 29, 80, 36, 5, 24, 102, 106, 108, 115, 61, 87, 84, 68, 56, 34],
[41, 30, 33, 38, 51, 31, 89, 59, 42, 90, 43, 105, 63, 9, 124, 72, 49, 2, 48, 73, 6, 55, 60, 112, 62],
[55, 45, 112, 62, 16, 114, 2, 79, 11, 77, 1, 118, 52, 51, 89, 59, 104, 105, 58, 36, 29, 9, 70, 66, 49],
[50, 83, 92, 19, 75, 32, 60, 73, 48, 97, 11, 1, 118, 52, 89, 113, 90, 103, 109, 4, 111, 69, 18],
[120, 44, 65, 116, 93, 40, 95, 123, 35, 125, 91, 88, 101, 0, 79, 2, 23, 53, 14, 61, 87, 84, 110, 68, 34],
[119, 21, 8, 22, 30, 33, 39, 46, 11, 2, 114, 78, 71, 96, 100, 12, 3, 115, 106, 61, 108, 14, 66, 70, 124],
[69, 103, 43, 105, 58, 36, 5, 80, 9, 124, 72, 49, 2, 48, 73, 60, 32, 19, 13, 83, 50, 92, 20],
[20, 92, 76, 13, 50, 65, 44, 95, 123, 35, 21, 119, 22, 30, 33, 39, 46, 11, 2, 114, 78, 3, 12, 56, 34],
[86, 24, 36, 63, 9, 124, 72, 14, 100, 12, 107, 3, 71, 96, 78, 114, 2, 79, 0, 101, 88, 91, 123, 35],
[58, 104, 59, 43, 90, 113, 98, 28, 103, 64, 17, 42, 89, 52, 118, 1, 11, 79, 97, 48, 99, 73, 6, 112, 62],
[2, 74, 66, 80, 81, 9, 5, 36, 24, 117, 10, 69, 43, 90, 113, 42, 89, 31, 39, 88, 82, 95, 123, 91, 125],
[17, 98, 103, 28, 64, 111, 69, 43, 113, 89, 31, 39, 88, 93, 116, 50, 83, 13, 19, 92, 76, 20],
[68, 34, 56, 15, 107, 3, 71, 100, 14, 66, 80, 63, 58, 105, 42, 113, 98, 90, 43, 28, 111, 64, 17, 59],
[83, 13, 50, 19, 85, 76, 92, 126, 26, 11, 77, 1, 118, 52, 89, 113, 98, 17, 42, 104, 105, 58, 63, 36, 5],
[76, 19, 75, 32, 60, 73, 48, 2, 49, 72, 9, 36, 24, 86, 10, 18, 4, 43, 64, 103, 98, 113, 17, 28],
[112, 45, 55, 6, 32, 60, 73, 48, 2, 11, 67, 118, 52, 89, 59, 90, 17, 113, 98, 43, 104, 105, 42],
[76, 13, 83, 92, 126, 32, 60, 73, 48, 2, 49, 124, 70, 9, 80, 63, 58, 105, 43, 90, 42, 98, 64, 111],
[88, 25, 30, 57, 21, 41, 33, 31, 52, 122, 29, 80, 66, 53, 14, 61, 115, 3, 15, 107, 56, 34, 68, 84, 110],
[55, 6, 45, 60, 32, 20, 92, 126, 26, 11, 77, 1, 118, 122, 29, 80, 66, 14, 100, 12, 56, 3, 107, 15],
[120, 93, 88, 25, 30, 38, 39, 31, 54, 47, 51, 52, 122, 29, 80, 66, 14, 100, 96, 71, 3, 107, 15, 56, 84],
[107, 15, 3, 71, 96, 78, 114, 2, 79, 0, 101, 88, 121, 91, 82, 44, 93, 7, 26, 120, 116, 65, 40, 50, 92],
[41, 25, 91, 125, 22, 30, 33, 38, 31, 51, 52, 122, 94, 81, 80, 63, 105, 104, 43, 90, 103, 109, 4],
[83, 76, 19, 92, 13, 50, 40, 7, 11, 1, 27, 29, 5, 36, 24, 86, 117, 10, 18, 103, 64, 98, 90, 113, 42],
[85, 20, 19, 32, 60, 45, 73, 99, 48, 97, 79, 11, 7, 101, 88, 121, 125, 123, 91, 25, 38, 30, 31, 51, 52],
[108, 102, 87, 84, 110, 68, 12, 56, 107, 3, 78, 114, 2, 79, 0, 7, 101, 88, 91, 123, 95, 40, 65, 44, 82],
[112, 6, 45, 32, 60, 73, 48, 2, 49, 124, 66, 80, 5, 24, 86, 109, 4, 103, 90, 42, 17, 89, 59, 113, 43],
[38, 25, 88, 91, 125, 21, 57, 30, 33, 31, 51, 52, 122, 29, 5, 24, 87, 110, 68, 56, 107, 3, 96, 71, 100],
[125, 91, 88, 121, 25, 41, 21, 8, 22, 57, 30, 38, 52, 122, 29, 80, 66, 53, 14, 61, 106, 108, 115, 3, 68],
[59, 89, 52, 51, 54, 38, 30, 57, 21, 8, 41, 25, 88, 101, 26, 48, 73, 99, 55, 16, 62, 112, 32, 45, 6],
[27, 94, 81, 1, 67, 46, 39, 30, 33, 25, 38, 31, 51, 52, 89, 113, 98, 90, 17, 28, 43, 64, 103, 111],
[115, 106, 102, 24, 117, 86, 10, 109, 69, 111, 28, 64, 43, 104, 58, 63, 80, 66, 74, 114, 16, 112, 6, 45, 55],
[34, 56, 107, 15, 12, 78, 71, 96, 100, 14, 53, 66, 80, 63, 58, 105, 43, 103, 4, 69, 10, 117, 86],
[119, 21, 57, 22, 8, 41, 30, 38, 52, 122, 29, 36, 5, 24, 87, 110, 84, 56, 68, 12, 3, 100, 14, 53, 61],
[56, 68, 84, 110, 87, 102, 61, 53, 23, 37, 2, 11, 1, 118, 52, 89, 42, 90, 103, 4, 109, 18, 117, 86, 10],
[69, 111, 103, 98, 17, 28, 64, 4, 43, 90, 113, 89, 51, 31, 33, 30, 22, 119, 8, 57, 21, 125, 91, 121],
[100, 14, 61, 102, 87, 110, 84, 56, 34, 68, 12, 107, 3, 96, 71, 78, 114, 16, 55, 60, 32, 20, 85, 19],
[56, 84, 110, 87, 61, 14, 53, 23, 37, 2, 79, 0, 101, 88, 125, 35, 91, 121, 25, 41, 8, 22, 119, 21],
[75, 60, 32, 6, 45, 73, 48, 79, 11, 77, 1, 118, 52, 89, 59, 43, 28, 103, 98, 90, 17, 113, 42, 104],
[26, 40, 116, 65, 50, 83, 92, 20, 32, 60, 73, 48, 2, 23, 53, 14, 108, 61, 106, 87, 110, 84, 56],
[88, 91, 25, 121, 125, 35, 8, 41, 57, 21, 22, 30, 33, 38, 31, 52, 122, 29, 5, 24, 87, 84, 56, 68, 110],
[34, 56, 107, 3, 96, 71, 100, 14, 66, 80, 63, 105, 42, 113, 59, 89, 51, 52, 27, 81, 1, 77, 11, 79, 2],
[92, 20, 75, 60, 32, 6, 45, 112, 62, 16, 114, 74, 72, 66, 53, 14, 100, 78, 71, 96, 3, 12, 15, 107, 56],
[62, 16, 114, 74, 66, 80, 63, 105, 104, 43, 64, 111, 4, 18, 109, 10, 117, 24, 102, 87, 84, 68, 12, 78],
[61, 102, 24, 87, 110, 84, 68, 3, 71, 96, 78, 114, 2, 79, 0, 101, 88, 93, 40, 50, 83, 13, 76, 85],
[75, 19, 32, 60, 45, 55, 16, 114, 74, 66, 80, 63, 58, 104, 18, 109, 69, 4, 43, 59, 42, 28, 64, 103, 98],
[83, 92, 85, 75, 60, 73, 48, 97, 79, 11, 1, 118, 52, 89, 17, 28, 111, 64, 43, 98, 90, 42, 113],
[90, 98, 17, 64, 28, 103, 109, 69, 10, 4, 43, 113, 42, 89, 31, 39, 88, 91, 125, 22, 41, 8, 57, 30, 54],
[27, 67, 1, 77, 0, 97, 79, 48, 99, 55, 16, 114, 23, 72, 66, 80, 63, 105, 104, 59, 89, 113, 42, 17],
[15, 12, 68, 34, 56, 3, 71, 96, 78, 114, 2, 79, 0, 120, 44, 116, 93, 26, 101, 7, 11, 97, 37, 74, 23],
[117, 86, 18, 109, 69, 43, 42, 89, 31, 39, 88, 82, 44, 65, 116, 40, 7, 26, 11, 67, 1, 27, 29, 9],
[123, 95, 13, 50, 83, 92, 126, 73, 48, 2, 114, 78, 3, 15, 107, 12, 100, 14, 66, 74, 49, 124, 70, 72, 23],
[64, 28, 17, 98, 43, 104, 105, 58, 63, 80, 66, 74, 114, 16, 112, 45, 6, 73, 126, 26, 0, 79, 2, 37],
[24, 102, 87, 106, 115, 61, 108, 14, 66, 80, 29, 122, 52, 31, 39, 88, 82, 95, 13, 83, 50, 92, 76, 85, 19]]

\
Best Operator Route set string:
\
119-8-41-25-88-101-26-48-99-55-16-62*96-100-14-53-66-80-63-58-105-43-90-103*19-32-60-73-48-2-49-72-70-9-80-63*112-16-114-74-23-72-66-53-14-100-78-96*21-22-30-33-39-46-11-2-114-78-96-71*16-114-74-23-124-66-72-14-100-78-71-96*16-114-74-23-124-66-53-14-100-78-71-96*51-52-118-67-1-77-0-48-73-60-75-85*16-114-23-124-72-66-53-14-100-78-96-71*20-32-60-73-48-2-23-53-14-108-61-115*16-114-74-23-124-66-53-14-100-78-71-96*105-63-80-70-124-66-53-14-100-78-71-96*111-28-17-89-52-118-1-77-11-97-48-73*51-52-122-29-80-66-53-14-100-3-15-107*68-12-3-96-78-114-2-79-0-101-88-121*64-28-17-42-89-52-118-1-11-97-48-73*47-51-52-122-29-36-24-87-110-84-68-56*16-114-74-23-49-66-53-14-100-78-96-71*20-32-60-73-48-2-23-53-14-61-108-115*16-114-74-23-124-66-53-14-100-78-71-96*34-68-110-87-102-24-5-29-94-122-52-51*34-68-110-87-24-36-5-58-105-104-59-89*35-125-91-88-93-120-0-79-2-23-53-14*95-82-88-39-31-89-42-113-90-43-69-4-109-18*16-114-23-72-124-66-53-14-100-78-96-71*71-96-78-114-16-55-45-6-60-32-20-76*115-61-14-53-23-2-79-0-101-88-91-123*16-114-74-23-124-66-53-14-100-78-71-96*16-114-74-23-124-66-53-14-100-78-71-96*16-114-74-23-124-66-53-14-100-78-71-96*16-114-74-23-124-66-53-14-100-96-71-78*16-114-74-23-124-66-53-14-100-78-71-96*119-21-22-30-39-46-11-2-114-78-96-71*16-114-74-23-124-66-53-14-100-78-71-96*16-114-74-23-49-66-53-14-100-78-96-71*16-114-74-23-124-66-53-14-100-78-71-96*16-114-74-23-124-66-53-14-100-71-78-96*51-52-122-94-81-29-80-63-105-104-59-89*121-88-101-0-79-2-49-72-70-9-80-63*71-96-100-14-53-66-80-63-58-105-43-98*57-30-38-31-52-122-29-80-66-14-61-106*16-114-23-124-72-66-53-14-100-78-96-71*8-41-30-39-46-11-79-2-23-53-61-108*85-20-32-60-73-48-2-23-53-14-100-96*62-16-114-74-66-80-5-24-117-86-10-109*16-114-74-23-124-66-53-14-100-78-71-96*84-110-87-61-53-23-37-79-0-120-116-44*16-114-74-23-124-66-53-14-100-78-71-96*16-114-74-23-124-66-53-14-100-78-71-96*76-83-50-65-40-7-11-1-27-81-29-5*54-51-52-122-94-29-80-66-53-61-108-115*13-83-92-126-48-2-49-124-72-9-63-58*20-32-60-73-48-2-23-53-14-61-108-115*16-114-74-23-124-66-53-14-100-78-96-71*51-52-122-29-80-66-53-14-100-96-3-107*16-114-74-23-124-66-53-14-100-78-71-96*16-114-74-23-124-66-53-14-100-78-71-96*106-108-14-53-23-37-2-79-0-101-88-121*16-114-74-49-72-66-53-14-100-78-71-96*84-110-87-61-53-23-2-79-0-120-116-44*

\
Best Passenger Route set sting:
\
28-17-59-90-98-64-4-43-113-42-89-52-118-1-11-26-126-92-20-85-19-75-60-73-99*88-121-91-123-95-13-50-20-85-76-92-126-48-2-23-53-61-108-102-24-86-18-103-98-17*8-22-21-41-57-30-33-39-46-11-2-37-23-53-61-108-106-14-72-9-70-124-66-80-5*23-114-78-12-56-15-3-100-14-53-66-80-29-94-122-52-51-54-47-38-31-39-88-91-121*102-87-61-115-108-14-53-23-37-2-79-0-101-88-121-125-21-119-22-30-25-39-46-118-27*15-56-84-110-87-61-53-23-37-79-0-26-40-95-116-65-44-82-93-7-11-67-46-1*77-11-7-120-26-126-32-6-45-73-48-97-2-49-72-9-63-105-43-69-111-64-17-89*126-26-101-120-116-65-7-11-1-27-29-80-36-5-24-102-106-108-115-61-87-84-68-56-34*41-30-33-38-51-31-89-59-42-90-43-105-63-9-124-72-49-2-48-73-6-55-60-112-62*55-45-112-62-16-114-2-79-11-77-1-118-52-51-89-59-104-105-58-36-29-9-70-66-49*50-83-92-19-75-32-60-73-48-97-11-1-118-52-89-113-90-103-109-4-111-69-18*120-44-65-116-93-40-95-123-35-125-91-88-101-0-79-2-23-53-14-61-87-84-110-68-34*119-21-8-22-30-33-39-46-11-2-114-78-71-96-100-12-3-115-106-61-108-14-66-70-124*69-103-43-105-58-36-5-80-9-124-72-49-2-48-73-60-32-19-13-83-50-92-20*20-92-76-13-50-65-44-95-123-35-21-119-22-30-33-39-46-11-2-114-78-3-12-56-34*86-24-36-63-9-124-72-14-100-12-107-3-71-96-78-114-2-79-0-101-88-91-123-35*58-104-59-43-90-113-98-28-103-64-17-42-89-52-118-1-11-79-97-48-99-73-6-112-62*2-74-66-80-81-9-5-36-24-117-10-69-43-90-113-42-89-31-39-88-82-95-123-91-125*17-98-103-28-64-111-69-43-113-89-31-39-88-93-116-50-83-13-19-92-76-20*68-34-56-15-107-3-71-100-14-66-80-63-58-105-42-113-98-90-43-28-111-64-17-59*83-13-50-19-85-76-92-126-26-11-77-1-118-52-89-113-98-17-42-104-105-58-63-36-5*76-19-75-32-60-73-48-2-49-72-9-36-24-86-10-18-4-43-64-103-98-113-17-28*112-45-55-6-32-60-73-48-2-11-67-118-52-89-59-90-17-113-98-43-104-105-42*76-13-83-92-126-32-60-73-48-2-49-124-70-9-80-63-58-105-43-90-42-98-64-111*88-25-30-57-21-41-33-31-52-122-29-80-66-53-14-61-115-3-15-107-56-34-68-84-110*55-6-45-60-32-20-92-126-26-11-77-1-118-122-29-80-66-14-100-12-56-3-107-15*120-93-88-25-30-38-39-31-54-47-51-52-122-29-80-66-14-100-96-71-3-107-15-56-84*107-15-3-71-96-78-114-2-79-0-101-88-121-91-82-44-93-7-26-120-116-65-40-50-92*41-25-91-125-22-30-33-38-31-51-52-122-94-81-80-63-105-104-43-90-103-109-4*83-76-19-92-13-50-40-7-11-1-27-29-5-36-24-86-117-10-18-103-64-98-90-113-42*85-20-19-32-60-45-73-99-48-97-79-11-7-101-88-121-125-123-91-25-38-30-31-51-52*108-102-87-84-110-68-12-56-107-3-78-114-2-79-0-7-101-88-91-123-95-40-65-44-82*112-6-45-32-60-73-48-2-49-124-66-80-5-24-86-109-4-103-90-42-17-89-59-113-43*38-25-88-91-125-21-57-30-33-31-51-52-122-29-5-24-87-110-68-56-107-3-96-71-100*125-91-88-121-25-41-21-8-22-57-30-38-52-122-29-80-66-53-14-61-106-108-115-3-68*59-89-52-51-54-38-30-57-21-8-41-25-88-101-26-48-73-99-55-16-62-112-32-45-6*27-94-81-1-67-46-39-30-33-25-38-31-51-52-89-113-98-90-17-28-43-64-103-111*115-106-102-24-117-86-10-109-69-111-28-64-43-104-58-63-80-66-74-114-16-112-6-45-55*34-56-107-15-12-78-71-96-100-14-53-66-80-63-58-105-43-103-4-69-10-117-86*119-21-57-22-8-41-30-38-52-122-29-36-5-24-87-110-84-56-68-12-3-100-14-53-61*56-68-84-110-87-102-61-53-23-37-2-11-1-118-52-89-42-90-103-4-109-18-117-86-10*69-111-103-98-17-28-64-4-43-90-113-89-51-31-33-30-22-119-8-57-21-125-91-121*100-14-61-102-87-110-84-56-34-68-12-107-3-96-71-78-114-16-55-60-32-20-85-19*56-84-110-87-61-14-53-23-37-2-79-0-101-88-125-35-91-121-25-41-8-22-119-21*75-60-32-6-45-73-48-79-11-77-1-118-52-89-59-43-28-103-98-90-17-113-42-104*26-40-116-65-50-83-92-20-32-60-73-48-2-23-53-14-108-61-106-87-110-84-56*88-91-25-121-125-35-8-41-57-21-22-30-33-38-31-52-122-29-5-24-87-84-56-68-110*34-56-107-3-96-71-100-14-66-80-63-105-42-113-59-89-51-52-27-81-1-77-11-79-2*92-20-75-60-32-6-45-112-62-16-114-74-72-66-53-14-100-78-71-96-3-12-15-107-56*62-16-114-74-66-80-63-105-104-43-64-111-4-18-109-10-117-24-102-87-84-68-12-78*61-102-24-87-110-84-68-3-71-96-78-114-2-79-0-101-88-93-40-50-83-13-76-85*75-19-32-60-45-55-16-114-74-66-80-63-58-104-18-109-69-4-43-59-42-28-64-103-98*83-92-85-75-60-73-48-97-79-11-1-118-52-89-17-28-111-64-43-98-90-42-113*90-98-17-64-28-103-109-69-10-4-43-113-42-89-31-39-88-91-125-22-41-8-57-30-54*27-67-1-77-0-97-79-48-99-55-16-114-23-72-66-80-63-105-104-59-89-113-42-17*15-12-68-34-56-3-71-96-78-114-2-79-0-120-44-116-93-26-101-7-11-97-37-74-23*117-86-18-109-69-43-42-89-31-39-88-82-44-65-116-40-7-26-11-67-1-27-29-9*123-95-13-50-83-92-126-73-48-2-114-78-3-15-107-12-100-14-66-74-49-124-70-72-23*64-28-17-98-43-104-105-58-63-80-66-74-114-16-112-45-6-73-126-26-0-79-2-37*24-102-87-106-115-61-108-14-66-80-29-122-52-31-39-88-82-95-13-83-50-92-76-85-19*