3_2_Mumford0_GA_Mutations RESULTS EVALUATION:
\
HV:0.7587 | BM:0.8087

\
	Operator	Passenger
\
f1_ATT	31.6217		16.9554
\
f2_TRT	97		296
\
d_0	18.8274		48.2201
\
d_1	24.5938		46.8991
\
d_2	28.5247		4.8808
\
d_un	28.0541		0.0000

\
Best Operator Route set:
\
[[25, 28, 16, 27],
[0, 18],
[10, 2, 29],
[3, 23, 14, 11, 17, 19, 12, 8],
[3, 1],
[3, 1],
[26, 0],
[9, 3],
[5, 21, 6, 13, 18, 0, 22],
[4, 24],
[15, 10, 27, 7, 20, 24, 14],
[22, 17]]

\
Best Passenger Route set:
\
[[8, 12, 19, 17, 28, 16, 10, 15],
[9, 23, 14, 7, 16, 6, 21],
[5, 21, 10, 2, 27, 16],
[22, 0, 25, 7, 20, 14],
[9, 23, 20, 7, 27, 15, 21],
[26, 0, 18, 22, 17, 11, 3, 1, 9],
[19, 12, 0, 18, 13, 6, 5, 21],
[29, 2, 7, 10, 16, 28, 25, 11, 14, 24, 4, 20],
[19, 17, 28, 7],
[1, 3, 24, 20, 7, 16, 6, 5],
[16, 7, 28, 0, 18, 22],
[1, 3, 9, 23, 14, 11, 17, 22]]

\
Best Operator Route set string:
\
25-28-16-27*0-18*10-2-29*3-23-14-11-17-19-12-8*3-1*3-1*26-0*9-3*5-21-6-13-18-0-22*4-24*15-10-27-7-20-24-14*22-17*

\
Best Passenger Route set sting:
\
8-12-19-17-28-16-10-15*9-23-14-7-16-6-21*5-21-10-2-27-16*22-0-25-7-20-14*9-23-20-7-27-15-21*26-0-18-22-17-11-3-1-9*19-12-0-18-13-6-5-21*29-2-7-10-16-28-25-11-14-24-4-20*19-17-28-7*1-3-24-20-7-16-6-5*16-7-28-0-18-22*1-3-9-23-14-11-17-22*