33_2_Mumford0__ALL_param RESULTS EVALUATION:
\
HV:0.7965 | BM:0.8087

\
	Operator	Passenger
\
f1_ATT	34.8767		15.5947
\
f2_TRT	98		649
\
d_0	14.7767		65.9107
\
d_1	28.6942		34.0893
\
d_2	27.4112		0.0000
\
d_un	29.1180		0.0000

\
Best Operator Route set:
\
[[6, 15, 10],
[13, 18, 0, 22, 17],
[17, 12, 8],
[4, 24],
[22, 25, 28],
[2, 27, 7, 20, 24, 1],
[1, 9, 23, 14, 11, 17],
[5, 21, 10, 2, 29],
[0, 26],
[16, 27],
[3, 1],
[12, 19]]

\
Best Passenger Route set:
\
[[2, 16, 7, 25, 22, 12, 17, 11, 3, 1, 9, 23, 14, 24],
[3, 1, 4, 14, 11, 17, 18, 22, 0, 13, 6, 21, 15, 16],
[9, 1, 23, 24, 14, 11, 17, 19, 8, 26, 0, 28, 7, 4],
[28, 17, 12, 22, 18, 0, 25, 7, 27, 15, 5, 6, 16],
[8, 12, 19, 17, 28, 16, 27, 29, 10, 21, 6, 13],
[28, 0, 12, 19, 22, 25, 7, 27, 29, 2, 10, 6, 13, 18, 17],
[7, 14, 9, 3, 11, 17, 0, 26, 8, 12, 18, 13, 6],
[9, 3, 23, 20, 7, 16, 6, 5, 21, 10, 27, 2, 15, 29],
[19, 17, 11, 14, 20, 4, 1, 9, 3, 24, 7, 10, 2],
[10, 7, 25, 22, 12, 0, 13, 6, 5, 15],
[12, 22, 18, 17, 28, 25, 11, 3, 23, 14, 20, 7, 10, 15],
[13, 6, 15, 16, 28, 0, 19, 17, 11, 3, 1, 9, 23, 14, 4]]

\
Best Operator Route set string:
\
6-15-10*13-18-0-22-17*17-12-8*4-24*22-25-28*2-27-7-20-24-1*1-9-23-14-11-17*5-21-10-2-29*0-26*16-27*3-1*12-19*

\
Best Passenger Route set sting:
\
2-16-7-25-22-12-17-11-3-1-9-23-14-24*3-1-4-14-11-17-18-22-0-13-6-21-15-16*9-1-23-24-14-11-17-19-8-26-0-28-7-4*28-17-12-22-18-0-25-7-27-15-5-6-16*8-12-19-17-28-16-27-29-10-21-6-13*28-0-12-19-22-25-7-27-29-2-10-6-13-18-17*7-14-9-3-11-17-0-26-8-12-18-13-6*9-3-23-20-7-16-6-5-21-10-27-2-15-29*19-17-11-14-20-4-1-9-3-24-7-10-2*10-7-25-22-12-0-13-6-5-15*12-22-18-17-28-25-11-3-23-14-20-7-10-15*13-6-15-16-28-0-19-17-11-3-1-9-23-14-4*