7_5_Mumford3_GA_Pop_size RESULTS EVALUATION:
\
HV:0.5850 | BM:0.6385

\
	Operator	Passenger
\
f1_ATT	34.1446		28.9129
\
f2_TRT	2456		5082
\
d_0	18.9975		40.5892
\
d_1	53.9089		56.5931
\
d_2	24.3147		2.8177
\
d_un	2.7789		0.0000

\
Best Operator Route set:
\
[[18, 109, 69, 43, 59, 89, 51, 38, 30, 22, 8, 21],
[13, 83, 50, 92, 126, 73, 48, 2, 23, 53, 61, 115],
[17, 113, 89, 52, 118, 1, 77, 11, 79, 97, 48, 99],
[17, 113, 89, 52, 118, 1, 77, 11, 79, 97, 48, 99],
[114, 23, 124, 72, 49, 66, 53, 14, 100, 78, 96, 71],
[16, 114, 74, 23, 124, 66, 53, 14, 100, 78, 71, 96],
[16, 114, 23, 49, 124, 72, 66, 14, 100, 78, 71, 96],
[56, 12, 100, 78, 114, 2, 79, 0, 120, 93, 82, 44, 95],
[3, 71, 78, 114, 2, 79, 0, 101, 88, 25, 41, 8],
[117, 10, 69, 43, 113, 42, 89, 31, 38, 30, 22, 119],
[117, 10, 69, 43, 113, 42, 89, 31, 38, 30, 22, 119],
[16, 114, 23, 124, 72, 66, 53, 14, 100, 78, 96, 71],
[76, 92, 126, 26, 11, 77, 1, 118, 52, 89, 113, 90],
[112, 32, 60, 73, 48, 2, 49, 66, 53, 61, 106, 87, 110],
[32, 60, 73, 48, 2, 49, 66, 53, 61, 106, 87, 110],
[32, 60, 73, 48, 2, 49, 66, 53, 61, 106, 87, 110],
[16, 114, 23, 124, 72, 66, 53, 14, 100, 78, 96, 71],
[10, 86, 24, 36, 80, 66, 49, 2, 48, 73, 6, 45],
[13, 83, 50, 92, 126, 73, 48, 2, 23, 53, 61, 115],
[3, 96, 71, 78, 114, 16, 55, 6, 45, 32, 20, 85],
[10, 86, 24, 36, 80, 66, 49, 2, 48, 73, 6, 45],
[16, 114, 23, 124, 72, 66, 53, 14, 100, 78, 96, 71],
[13, 83, 50, 92, 126, 73, 48, 2, 23, 53, 61, 115],
[34, 68, 84, 110, 87, 24, 36, 5, 58, 104, 59, 89],
[107, 3, 71, 96, 100, 14, 66, 80, 63, 105, 42, 113],
[96, 71, 100, 14, 66, 80, 63, 105, 104, 43, 103, 4],
[16, 114, 23, 124, 72, 66, 53, 14, 100, 78, 96, 71],
[16, 114, 23, 124, 72, 66, 53, 14, 100, 78, 96, 71],
[96, 71, 100, 14, 53, 66, 80, 63, 105, 104, 43, 103],
[16, 114, 23, 124, 72, 66, 53, 14, 100, 78, 96, 71],
[19, 85, 92, 126, 73, 48, 2, 37, 23, 53, 61, 108, 87],
[17, 113, 89, 52, 118, 27, 1, 77, 11, 79, 97, 48, 99],
[47, 51, 52, 122, 94, 29, 80, 9, 66, 53, 14, 100, 96],
[108, 61, 53, 23, 37, 2, 79, 0, 101, 88, 121, 91],
[83, 50, 116, 65, 82, 88, 39, 31, 89, 113, 90, 103, 98],
[15, 3, 100, 14, 53, 66, 80, 29, 94, 122, 52, 51],
[34, 68, 84, 110, 87, 24, 36, 5, 58, 104, 59, 89],
[75, 60, 73, 48, 2, 37, 23, 53, 14, 108, 61, 102],
[16, 114, 23, 124, 72, 66, 53, 14, 100, 78, 96, 71],
[76, 92, 126, 73, 48, 2, 49, 72, 124, 9, 63, 105],
[87, 108, 61, 53, 23, 74, 2, 79, 0, 101, 88, 125, 121, 25],
[3, 96, 71, 78, 114, 16, 55, 6, 45, 32, 20, 85],
[16, 114, 74, 23, 124, 66, 53, 14, 100, 78, 71, 96],
[13, 50, 40, 7, 11, 1, 67, 27, 81, 29, 5, 24],
[35, 125, 91, 88, 101, 0, 79, 2, 49, 72, 70, 124],
[96, 71, 100, 14, 66, 80, 63, 58, 105, 104, 43, 90],
[123, 35, 125, 88, 101, 0, 79, 2, 49, 72, 70, 124],
[16, 114, 23, 124, 72, 66, 53, 14, 100, 78, 96, 71],
[61, 108, 14, 53, 23, 37, 79, 0, 101, 88, 91, 125],
[16, 114, 23, 49, 124, 72, 66, 14, 100, 78, 96, 71],
[3, 96, 71, 78, 114, 16, 55, 6, 45, 32, 20, 85],
[12, 3, 71, 96, 78, 114, 2, 11, 46, 39, 30, 57],
[32, 60, 73, 48, 2, 49, 66, 53, 61, 106, 87, 110],
[10, 86, 24, 36, 80, 66, 49, 2, 48, 73, 6, 45],
[33, 54, 47, 51, 52, 118, 67, 1, 77, 0, 48, 73, 60],
[16, 114, 23, 124, 72, 66, 53, 14, 100, 78, 96, 71],
[34, 68, 84, 110, 87, 24, 36, 5, 58, 104, 59, 89],
[16, 114, 23, 124, 72, 66, 53, 14, 100, 78, 96, 71],
[15, 3, 100, 14, 53, 66, 80, 29, 94, 122, 52, 51],
[111, 28, 64, 43, 105, 58, 63, 80, 66, 74, 114, 16, 62]]

\
Best Passenger Route set:
\
[[75, 19, 76, 13, 95, 82, 88, 39, 31, 89, 42, 113, 43, 4, 109, 18, 104, 105],
[60, 73, 48, 79, 2, 37, 23, 53, 61, 87, 84, 110, 68],
[95, 65, 120, 0, 97, 79, 2, 49, 72, 124, 9, 63, 58, 104, 105],
[112, 16, 55, 99, 48, 26, 7, 101, 88, 125, 21, 119],
[91, 88, 39, 25, 38, 47, 54, 30, 41, 33, 31, 51, 52, 122, 94, 29, 80, 66, 74, 114, 16, 112, 32, 45],
[7, 0, 101, 88, 121, 91, 25, 41, 21, 119, 22, 57, 30, 39, 46, 11, 2, 37, 74, 114, 78, 96, 71, 100, 3],
[27, 118, 46, 39, 88, 121, 125, 35, 21, 8, 41, 30, 38, 52, 122, 29, 5, 24, 87, 110, 84, 68, 56, 34],
[4, 18, 109, 69, 103, 64, 111, 28, 17, 42, 89, 52, 118, 1, 77, 11, 0, 48, 73, 60, 6, 45, 112, 55, 16],
[89, 17, 43, 103, 4, 69, 10, 86, 24, 36, 80, 66, 49, 2, 48, 126, 92, 50, 40, 65, 95, 13, 83, 76],
[68, 56, 12, 107, 15, 3, 100, 14, 53, 66, 80, 63, 58, 104, 43, 98, 90, 103, 28, 64, 111, 69, 4, 109],
[45, 6, 32, 19, 20, 85, 76, 13, 83, 50, 92, 126, 73, 48, 2, 114, 78, 12, 56, 34, 68, 3, 15, 107],
[62, 16, 114, 74, 23, 124, 72, 66, 53, 14, 100, 78, 12],
[62, 16, 55, 99, 48, 26, 7, 101, 88, 125, 21, 119, 22],
[88, 25, 33, 54, 47, 38, 31, 51, 52, 27, 81, 29, 80, 63, 105, 104, 59, 89, 42, 17, 64, 103, 69, 109],
[24, 117, 10, 69, 43, 42, 89, 31, 33, 30, 22, 21, 119],
[34, 68, 84, 87, 24, 36, 58, 105, 104, 59, 89, 51, 38, 25, 91, 123, 125, 21, 35, 22, 57, 8],
[107, 15, 12, 3, 115, 106, 102, 87, 108, 61, 53, 23, 2, 11, 46, 39, 30, 22, 8, 119, 21, 125, 91, 123, 35],
[82, 44, 120, 7, 11, 0, 101, 65, 116, 50, 83, 92, 126, 48, 2, 37, 23, 53, 61, 108, 87],
[34, 68, 110, 87, 24, 36, 5, 63, 58, 104, 59, 89, 52, 51, 38, 54, 31, 33, 30, 25, 39, 46, 67, 81, 80],
[87, 110, 68, 56, 12, 107, 15, 3, 78, 114, 2, 79, 11, 7, 101, 88, 91, 123, 125, 121, 25, 33, 39, 46, 118],
[8, 41, 25, 88, 93, 120, 0, 79, 2, 114, 16, 62],
[51, 52, 122, 29, 5, 63, 80, 66, 14, 100, 71, 3, 12, 56],
[3, 107, 15, 56, 84, 110, 87, 61, 53, 23, 37, 79, 0, 26, 40, 95, 50, 13, 92, 126, 48, 2, 74, 114, 16],
[93, 26, 126, 73, 99, 55, 16, 114, 74, 66, 80, 63, 105, 104, 18, 109, 69, 43, 103, 90, 42, 98, 17, 113, 59],
[3, 96, 71, 78, 114, 2, 79, 0, 101, 88, 91, 123],
[62, 16, 114, 74, 37, 79, 11, 77, 1, 118, 52, 89, 51, 54],
[119, 21, 41, 25, 33, 30, 22, 8, 35, 125, 91, 88, 101, 0, 79, 2, 114, 78, 100, 96, 3, 68],
[51, 52, 118, 1, 77, 11, 0, 48, 73, 6, 45, 112],
[22, 8, 119, 21, 125, 91, 82, 93, 120, 0, 79, 2, 23, 53, 14, 61, 87, 110, 84, 68, 3, 78, 96, 71],
[78, 71, 96, 100, 14, 53, 66, 80, 63, 58, 104, 59, 113, 90, 17],
[112, 62, 16, 114, 23, 72, 66, 53, 14, 100, 78, 71, 96, 3, 12, 15, 56, 68, 84, 87, 102, 61, 108, 115, 106],
[81, 67, 77, 0, 11, 97, 37, 2, 114, 16, 112, 6, 45, 73, 48, 26, 101, 88, 25, 41, 8, 119, 21, 22, 125],
[65, 40, 116, 95, 13, 50, 83, 92, 126, 73, 48, 2, 114, 78, 96, 71, 3, 100, 14, 53, 66, 124, 49, 23],
[91, 123, 95, 65, 40, 50, 83, 92, 126, 48, 2, 49, 72, 9, 5, 58, 36, 24, 86, 10, 69, 18, 104, 43, 64],
[69, 109, 103, 90, 59, 17, 42, 89, 51, 47, 31, 52, 118, 1, 11, 97, 48, 73, 60, 75, 19, 20, 92, 50, 40],
[41, 25, 88, 101, 0, 79, 2, 37, 23, 53, 61, 115],
[81, 1, 77, 11, 7, 93, 88, 30, 33, 38, 54, 51, 52, 122, 29, 9, 70, 66, 14, 100, 12, 56, 107, 15, 3],
[21, 57, 30, 38, 31, 52, 122, 29, 80, 66, 14, 61, 106, 102],
[57, 41, 8, 119, 21, 22, 30, 33, 39, 46, 11, 2, 114, 78, 71, 3, 107, 12, 100, 96],
[13, 92, 20, 76, 83, 50, 40, 7, 11, 1, 118, 52, 89, 17, 64, 111, 69, 109, 18, 4],
[93, 65, 116, 40, 50, 13, 76, 83, 92, 19, 85, 20, 32, 60, 55, 16, 114, 78, 71, 100, 12, 56, 34, 68],
[105, 58, 63, 80, 9, 70, 72, 49, 2, 48, 73, 60, 75, 20, 32],
[85, 75, 20, 19, 76, 92, 83, 13, 50, 65, 7, 11, 1, 27, 29, 5, 36, 24, 86, 117, 10, 18, 109, 69, 43],
[75, 19, 20, 76, 13, 95, 82, 88, 30, 31, 89, 113, 43, 4, 109, 18, 104, 105],
[78, 12, 68, 3, 115, 61, 106, 14, 53, 23, 2, 11, 46, 39, 30, 22, 119, 8, 21, 125, 91, 88, 25, 121],
[110, 87, 106, 108, 61, 102, 24, 86, 18, 109, 69, 43, 113, 42, 89, 31, 39, 88, 93, 40, 50, 83, 13, 76, 20],
[44, 93, 116, 40, 82, 91, 35, 22, 21, 57, 8, 30, 39, 46, 1, 77, 11, 79, 2, 114, 16, 62, 112],
[123, 91, 88, 101, 0, 79, 2, 23, 53, 14, 61, 108, 102, 106, 115],
[20, 19, 50, 40, 7, 11, 1, 27, 81, 29, 5, 24, 86, 10, 109, 69, 4, 111, 28, 64, 43, 17, 90],
[28, 17, 98, 64, 111, 4, 43, 42, 89, 52, 118, 1, 77, 11, 97, 48, 73, 60, 32, 20, 85, 76, 50, 83],
[28, 43, 113, 89, 51, 52, 31, 33, 39, 46, 11, 79, 2, 114, 78, 96, 71, 3, 107, 56, 84, 68, 12, 100],
[44, 82, 91, 25, 41, 30, 38, 39, 31, 47, 51, 52, 122, 29, 80, 66, 53, 14, 61, 108, 115],
[45, 60, 75, 85, 20, 19, 76, 92, 126, 26, 11, 1, 118, 52, 89, 113, 43, 69, 109, 4, 111, 64, 28, 17, 42],
[69, 103, 43, 104, 42, 105, 58, 63, 80, 66, 53, 14, 100, 12, 56, 34, 68],
[12, 68, 34, 56, 84, 110, 87, 24, 36, 5, 58, 104, 59, 17, 113, 89, 52, 51, 31, 47, 54, 33, 41],
[20, 85, 19, 32, 60, 73, 48, 2, 49, 72, 124, 9, 80, 5, 36, 29, 94, 122, 118, 67, 11, 7, 93, 82],
[56, 12, 3, 100, 14, 66, 80, 29, 94, 122, 52, 51, 54],
[76, 92, 126, 26, 11, 1, 118, 52, 89, 42, 113, 98],
[64, 111, 103, 18, 109, 69, 4, 10, 117, 24, 36, 80, 66, 49, 2, 48, 126, 92, 50, 83, 13, 76, 20, 19, 85],
[62, 16, 114, 74, 66, 80, 63, 105, 43, 28, 111, 4, 109, 18, 103, 69, 10, 117, 86, 24, 87, 84, 68, 34]]

\
Best Operator Route set string:
\
18-109-69-43-59-89-51-38-30-22-8-21*13-83-50-92-126-73-48-2-23-53-61-115*17-113-89-52-118-1-77-11-79-97-48-99*17-113-89-52-118-1-77-11-79-97-48-99*114-23-124-72-49-66-53-14-100-78-96-71*16-114-74-23-124-66-53-14-100-78-71-96*16-114-23-49-124-72-66-14-100-78-71-96*56-12-100-78-114-2-79-0-120-93-82-44-95*3-71-78-114-2-79-0-101-88-25-41-8*117-10-69-43-113-42-89-31-38-30-22-119*117-10-69-43-113-42-89-31-38-30-22-119*16-114-23-124-72-66-53-14-100-78-96-71*76-92-126-26-11-77-1-118-52-89-113-90*112-32-60-73-48-2-49-66-53-61-106-87-110*32-60-73-48-2-49-66-53-61-106-87-110*32-60-73-48-2-49-66-53-61-106-87-110*16-114-23-124-72-66-53-14-100-78-96-71*10-86-24-36-80-66-49-2-48-73-6-45*13-83-50-92-126-73-48-2-23-53-61-115*3-96-71-78-114-16-55-6-45-32-20-85*10-86-24-36-80-66-49-2-48-73-6-45*16-114-23-124-72-66-53-14-100-78-96-71*13-83-50-92-126-73-48-2-23-53-61-115*34-68-84-110-87-24-36-5-58-104-59-89*107-3-71-96-100-14-66-80-63-105-42-113*96-71-100-14-66-80-63-105-104-43-103-4*16-114-23-124-72-66-53-14-100-78-96-71*16-114-23-124-72-66-53-14-100-78-96-71*96-71-100-14-53-66-80-63-105-104-43-103*16-114-23-124-72-66-53-14-100-78-96-71*19-85-92-126-73-48-2-37-23-53-61-108-87*17-113-89-52-118-27-1-77-11-79-97-48-99*47-51-52-122-94-29-80-9-66-53-14-100-96*108-61-53-23-37-2-79-0-101-88-121-91*83-50-116-65-82-88-39-31-89-113-90-103-98*15-3-100-14-53-66-80-29-94-122-52-51*34-68-84-110-87-24-36-5-58-104-59-89*75-60-73-48-2-37-23-53-14-108-61-102*16-114-23-124-72-66-53-14-100-78-96-71*76-92-126-73-48-2-49-72-124-9-63-105*87-108-61-53-23-74-2-79-0-101-88-125-121-25*3-96-71-78-114-16-55-6-45-32-20-85*16-114-74-23-124-66-53-14-100-78-71-96*13-50-40-7-11-1-67-27-81-29-5-24*35-125-91-88-101-0-79-2-49-72-70-124*96-71-100-14-66-80-63-58-105-104-43-90*123-35-125-88-101-0-79-2-49-72-70-124*16-114-23-124-72-66-53-14-100-78-96-71*61-108-14-53-23-37-79-0-101-88-91-125*16-114-23-49-124-72-66-14-100-78-96-71*3-96-71-78-114-16-55-6-45-32-20-85*12-3-71-96-78-114-2-11-46-39-30-57*32-60-73-48-2-49-66-53-61-106-87-110*10-86-24-36-80-66-49-2-48-73-6-45*33-54-47-51-52-118-67-1-77-0-48-73-60*16-114-23-124-72-66-53-14-100-78-96-71*34-68-84-110-87-24-36-5-58-104-59-89*16-114-23-124-72-66-53-14-100-78-96-71*15-3-100-14-53-66-80-29-94-122-52-51*111-28-64-43-105-58-63-80-66-74-114-16-62*

\
Best Passenger Route set sting:
\
75-19-76-13-95-82-88-39-31-89-42-113-43-4-109-18-104-105*60-73-48-79-2-37-23-53-61-87-84-110-68*95-65-120-0-97-79-2-49-72-124-9-63-58-104-105*112-16-55-99-48-26-7-101-88-125-21-119*91-88-39-25-38-47-54-30-41-33-31-51-52-122-94-29-80-66-74-114-16-112-32-45*7-0-101-88-121-91-25-41-21-119-22-57-30-39-46-11-2-37-74-114-78-96-71-100-3*27-118-46-39-88-121-125-35-21-8-41-30-38-52-122-29-5-24-87-110-84-68-56-34*4-18-109-69-103-64-111-28-17-42-89-52-118-1-77-11-0-48-73-60-6-45-112-55-16*89-17-43-103-4-69-10-86-24-36-80-66-49-2-48-126-92-50-40-65-95-13-83-76*68-56-12-107-15-3-100-14-53-66-80-63-58-104-43-98-90-103-28-64-111-69-4-109*45-6-32-19-20-85-76-13-83-50-92-126-73-48-2-114-78-12-56-34-68-3-15-107*62-16-114-74-23-124-72-66-53-14-100-78-12*62-16-55-99-48-26-7-101-88-125-21-119-22*88-25-33-54-47-38-31-51-52-27-81-29-80-63-105-104-59-89-42-17-64-103-69-109*24-117-10-69-43-42-89-31-33-30-22-21-119*34-68-84-87-24-36-58-105-104-59-89-51-38-25-91-123-125-21-35-22-57-8*107-15-12-3-115-106-102-87-108-61-53-23-2-11-46-39-30-22-8-119-21-125-91-123-35*82-44-120-7-11-0-101-65-116-50-83-92-126-48-2-37-23-53-61-108-87*34-68-110-87-24-36-5-63-58-104-59-89-52-51-38-54-31-33-30-25-39-46-67-81-80*87-110-68-56-12-107-15-3-78-114-2-79-11-7-101-88-91-123-125-121-25-33-39-46-118*8-41-25-88-93-120-0-79-2-114-16-62*51-52-122-29-5-63-80-66-14-100-71-3-12-56*3-107-15-56-84-110-87-61-53-23-37-79-0-26-40-95-50-13-92-126-48-2-74-114-16*93-26-126-73-99-55-16-114-74-66-80-63-105-104-18-109-69-43-103-90-42-98-17-113-59*3-96-71-78-114-2-79-0-101-88-91-123*62-16-114-74-37-79-11-77-1-118-52-89-51-54*119-21-41-25-33-30-22-8-35-125-91-88-101-0-79-2-114-78-100-96-3-68*51-52-118-1-77-11-0-48-73-6-45-112*22-8-119-21-125-91-82-93-120-0-79-2-23-53-14-61-87-110-84-68-3-78-96-71*78-71-96-100-14-53-66-80-63-58-104-59-113-90-17*112-62-16-114-23-72-66-53-14-100-78-71-96-3-12-15-56-68-84-87-102-61-108-115-106*81-67-77-0-11-97-37-2-114-16-112-6-45-73-48-26-101-88-25-41-8-119-21-22-125*65-40-116-95-13-50-83-92-126-73-48-2-114-78-96-71-3-100-14-53-66-124-49-23*91-123-95-65-40-50-83-92-126-48-2-49-72-9-5-58-36-24-86-10-69-18-104-43-64*69-109-103-90-59-17-42-89-51-47-31-52-118-1-11-97-48-73-60-75-19-20-92-50-40*41-25-88-101-0-79-2-37-23-53-61-115*81-1-77-11-7-93-88-30-33-38-54-51-52-122-29-9-70-66-14-100-12-56-107-15-3*21-57-30-38-31-52-122-29-80-66-14-61-106-102*57-41-8-119-21-22-30-33-39-46-11-2-114-78-71-3-107-12-100-96*13-92-20-76-83-50-40-7-11-1-118-52-89-17-64-111-69-109-18-4*93-65-116-40-50-13-76-83-92-19-85-20-32-60-55-16-114-78-71-100-12-56-34-68*105-58-63-80-9-70-72-49-2-48-73-60-75-20-32*85-75-20-19-76-92-83-13-50-65-7-11-1-27-29-5-36-24-86-117-10-18-109-69-43*75-19-20-76-13-95-82-88-30-31-89-113-43-4-109-18-104-105*78-12-68-3-115-61-106-14-53-23-2-11-46-39-30-22-119-8-21-125-91-88-25-121*110-87-106-108-61-102-24-86-18-109-69-43-113-42-89-31-39-88-93-40-50-83-13-76-20*44-93-116-40-82-91-35-22-21-57-8-30-39-46-1-77-11-79-2-114-16-62-112*123-91-88-101-0-79-2-23-53-14-61-108-102-106-115*20-19-50-40-7-11-1-27-81-29-5-24-86-10-109-69-4-111-28-64-43-17-90*28-17-98-64-111-4-43-42-89-52-118-1-77-11-97-48-73-60-32-20-85-76-50-83*28-43-113-89-51-52-31-33-39-46-11-79-2-114-78-96-71-3-107-56-84-68-12-100*44-82-91-25-41-30-38-39-31-47-51-52-122-29-80-66-53-14-61-108-115*45-60-75-85-20-19-76-92-126-26-11-1-118-52-89-113-43-69-109-4-111-64-28-17-42*69-103-43-104-42-105-58-63-80-66-53-14-100-12-56-34-68*12-68-34-56-84-110-87-24-36-5-58-104-59-17-113-89-52-51-31-47-54-33-41*20-85-19-32-60-73-48-2-49-72-124-9-80-5-36-29-94-122-118-67-11-7-93-82*56-12-3-100-14-66-80-29-94-122-52-51-54*76-92-126-26-11-1-118-52-89-42-113-98*64-111-103-18-109-69-4-10-117-24-36-80-66-49-2-48-126-92-50-83-13-76-20-19-85*62-16-114-74-66-80-63-105-43-28-111-4-109-18-103-69-10-117-86-24-87-84-68-34*