5_2_Mumford0_GA_Mut_threshold RESULTS EVALUATION:
\
HV:0.8284 | BM:0.8087

\
	Operator	Passenger
\
f1_ATT	24.6620		14.8737
\
f2_TRT	96		582
\
d_0	24.8773		77.9694
\
d_1	40.5570		22.0306
\
d_2	24.7311		0.0000
\
d_un	9.8346		0.0000

\
Best Operator Route set:
\
[[26, 0],
[1, 3],
[18, 0],
[22, 19, 12, 8],
[16, 27, 2, 29],
[24, 20],
[7, 27, 10, 15],
[4, 24],
[5, 21, 6, 13, 0, 22, 25, 7, 20, 14, 23, 1, 9],
[11, 25],
[17, 22],
[28, 25]]

\
Best Passenger Route set:
\
[[12, 19, 22, 25, 7, 20, 24, 4],
[21, 10, 29, 2, 15, 27, 7, 25, 22, 12, 8, 26, 0, 18, 19],
[18, 12, 19, 0, 28, 16, 27, 29, 2, 7, 14, 24, 1, 3],
[9, 3, 1, 23, 20, 7, 16, 6, 5, 21, 2, 15],
[4, 24, 20, 7, 27, 2, 16, 28, 17, 19, 8],
[3, 9, 23, 14, 7, 27, 2, 10, 21, 6, 16, 28, 25, 11],
[18, 22, 25, 28, 7, 2, 29, 10, 6, 13, 0, 26, 8, 12, 17],
[8, 12, 0, 13, 6, 15, 10, 16, 28, 17, 19],
[5, 21, 10, 7, 20, 14, 9, 1, 3, 11, 17, 19, 12, 8],
[9, 23, 14, 11, 17, 22, 0, 13, 6, 10, 27, 29, 2],
[16, 7, 4, 24, 23, 9, 1, 3, 11, 17, 0, 18, 13, 6, 21],
[9, 3, 1, 4, 24, 20, 7, 25, 0, 18, 13, 6, 5]]

\
Best Operator Route set string:
\
26-0*1-3*18-0*22-19-12-8*16-27-2-29*24-20*7-27-10-15*4-24*5-21-6-13-0-22-25-7-20-14-23-1-9*11-25*17-22*28-25*

\
Best Passenger Route set sting:
\
12-19-22-25-7-20-24-4*21-10-29-2-15-27-7-25-22-12-8-26-0-18-19*18-12-19-0-28-16-27-29-2-7-14-24-1-3*9-3-1-23-20-7-16-6-5-21-2-15*4-24-20-7-27-2-16-28-17-19-8*3-9-23-14-7-27-2-10-21-6-16-28-25-11*18-22-25-28-7-2-29-10-6-13-0-26-8-12-17*8-12-0-13-6-15-10-16-28-17-19*5-21-10-7-20-14-9-1-3-11-17-19-12-8*9-23-14-11-17-22-0-13-6-10-27-29-2*16-7-4-24-23-9-1-3-11-17-0-18-13-6-21*9-3-1-4-24-20-7-25-0-18-13-6-5*