22_3_Mumford1_SA_Mut_update RESULTS EVALUATION:
\
HV:0.7383 | BM:0.7758

\
	Operator	Passenger
\
f1_ATT	28.8144		23.5628
\
f2_TRT	544		1155
\
d_0	21.5817		47.1308
\
d_1	49.0419		51.1954
\
d_2	25.4427		1.6738
\
d_un	3.9337		0.0000

\
Best Operator Route set:
\
[[20, 52, 64, 58, 41, 25, 4, 40, 7, 53],
[65, 5, 18, 66, 3, 0, 50, 43, 33, 58],
[45, 34, 57, 51, 8, 26, 1, 9, 68, 59],
[27, 67, 37, 5, 54, 18, 32, 39, 48, 29],
[8, 56, 6, 47, 53, 46, 7, 4, 12, 41],
[26, 16, 10, 20, 43, 50, 23, 29, 48, 66],
[41, 57, 51, 56, 28, 8, 26, 49, 15, 42],
[55, 10, 52, 64, 58, 51, 41, 36, 38, 66],
[17, 20, 52, 8, 28, 56, 51, 35, 64, 58],
[25, 34, 35, 6, 63, 21, 24, 30, 26, 16],
[51, 34, 45, 36, 54, 19, 69, 23, 0, 2],
[19, 38, 22, 33, 20, 13, 43, 17, 9, 68],
[26, 16, 55, 20, 17, 61, 60, 44, 14, 2],
[57, 35, 51, 56, 8, 10, 16, 1, 31, 11],
[22, 45, 41, 34, 35, 6, 63, 30, 62, 42]]

\
Best Passenger Route set:
\
[[46, 40, 7, 47, 6, 56, 8, 10, 17, 60, 44, 14, 61, 43, 50, 2],
[30, 26, 8, 52, 55, 10, 28, 56, 6, 47, 53, 4, 25, 27, 67, 5, 65, 19, 22, 33, 13, 20, 17],
[42, 15, 49, 26, 8, 51, 34, 25, 4, 7, 46, 40],
[29, 69, 0, 50, 43, 20, 55, 10, 16, 26, 62, 21, 6, 35, 41, 36, 38, 19, 66, 3, 48, 39, 32, 65, 5],
[53, 47, 6, 63, 30, 42, 15, 49, 26, 16, 55, 20, 13, 22, 36, 54, 18, 39, 32],
[49, 62, 24, 21, 30, 26, 1, 9, 68, 59, 17, 61, 60, 44, 14, 2, 50, 13, 22, 45, 41, 25, 4, 53],
[42, 49, 9, 11, 31, 1, 26, 8, 28, 56, 51, 41, 12],
[65, 5, 54, 36, 19, 69, 0, 2, 14, 60, 61, 17, 20, 52, 64, 51, 57, 25, 4, 53, 46, 7],
[0, 50, 33, 58, 35, 6, 63, 24, 30, 26, 8, 51, 41, 27, 67, 5, 37, 32, 54],
[65, 37, 5, 18, 54, 36, 41, 12, 4, 40, 46, 53],
[31, 11, 68, 9, 17, 50, 23, 69, 3, 66, 18, 37, 67, 27, 25, 4],
[40, 12, 25, 57, 35, 51, 8, 10, 59, 9, 68, 11, 49, 1, 16, 55, 52, 64, 58, 41, 27, 67, 65],
[30, 26, 8, 51, 58, 34, 57, 41, 45, 22, 33, 43, 17, 10, 28, 56],
[69, 48, 39, 65, 67, 5, 32, 18, 54, 38, 36, 45, 58, 64, 52, 10, 55, 8, 56, 51, 35, 57, 25],
[63, 21, 62, 42, 15, 11, 1, 26, 8, 51, 34, 45, 36, 38, 66, 3, 29, 48, 39]]

\
Best Operator Route set string:
\
20-52-64-58-41-25-4-40-7-53*65-5-18-66-3-0-50-43-33-58*45-34-57-51-8-26-1-9-68-59*27-67-37-5-54-18-32-39-48-29*8-56-6-47-53-46-7-4-12-41*26-16-10-20-43-50-23-29-48-66*41-57-51-56-28-8-26-49-15-42*55-10-52-64-58-51-41-36-38-66*17-20-52-8-28-56-51-35-64-58*25-34-35-6-63-21-24-30-26-16*51-34-45-36-54-19-69-23-0-2*19-38-22-33-20-13-43-17-9-68*26-16-55-20-17-61-60-44-14-2*57-35-51-56-8-10-16-1-31-11*22-45-41-34-35-6-63-30-62-42*

\
Best Passenger Route set sting:
\
46-40-7-47-6-56-8-10-17-60-44-14-61-43-50-2*30-26-8-52-55-10-28-56-6-47-53-4-25-27-67-5-65-19-22-33-13-20-17*42-15-49-26-8-51-34-25-4-7-46-40*29-69-0-50-43-20-55-10-16-26-62-21-6-35-41-36-38-19-66-3-48-39-32-65-5*53-47-6-63-30-42-15-49-26-16-55-20-13-22-36-54-18-39-32*49-62-24-21-30-26-1-9-68-59-17-61-60-44-14-2-50-13-22-45-41-25-4-53*42-49-9-11-31-1-26-8-28-56-51-41-12*65-5-54-36-19-69-0-2-14-60-61-17-20-52-64-51-57-25-4-53-46-7*0-50-33-58-35-6-63-24-30-26-8-51-41-27-67-5-37-32-54*65-37-5-18-54-36-41-12-4-40-46-53*31-11-68-9-17-50-23-69-3-66-18-37-67-27-25-4*40-12-25-57-35-51-8-10-59-9-68-11-49-1-16-55-52-64-58-41-27-67-65*30-26-8-51-58-34-57-41-45-22-33-43-17-10-28-56*69-48-39-65-67-5-32-18-54-38-36-45-58-64-52-10-55-8-56-51-35-57-25*63-21-62-42-15-11-1-26-8-51-34-45-36-38-66-3-29-48-39*