33_3_Mumford1__ALL_param RESULTS EVALUATION:
\
HV:0.7641 | BM:0.7758

\
	Operator	Passenger
\
f1_ATT	26.6578		23.0118
\
f2_TRT	512		1795
\
d_0	26.0803		52.2830
\
d_1	53.5851		46.2784
\
d_2	18.8524		1.4386
\
d_un	1.4822		0.0000

\
Best Operator Route set:
\
[[61, 60, 44, 14, 2, 23, 69, 3, 66, 38],
[65, 37, 5, 54, 19, 38, 22, 33, 20, 17],
[62, 30, 26, 16, 10, 20, 43, 50, 23, 69],
[46, 40, 7, 53, 47, 6, 56, 8, 10, 55],
[39, 18, 54, 36, 45, 58, 64, 52, 8, 28],
[42, 15, 49, 26, 8, 56, 51, 35, 58, 33],
[48, 29, 69, 38, 36, 45, 34, 35, 51, 8],
[68, 9, 11, 31, 1, 26, 8, 51, 34, 41],
[68, 9, 59, 10, 52, 64, 51, 57, 34, 58],
[0, 23, 69, 18, 65, 37, 67, 27, 25, 12],
[44, 61, 17, 20, 52, 64, 35, 57, 25, 12],
[30, 24, 62, 42, 15, 49, 1, 16, 10, 28],
[46, 40, 7, 4, 25, 41, 45, 22, 33, 13],
[35, 6, 63, 21, 24, 30, 26, 1, 9, 68],
[32, 18, 38, 22, 13, 43, 17, 9, 68, 11]]

\
Best Passenger Route set:
\
[[29, 23, 0, 69, 66, 38, 36, 45, 34, 57, 51, 56, 28, 10, 55, 16, 1, 59, 17, 20, 52, 8, 26, 30, 21, 63, 6, 47],
[36, 22, 33, 43, 61, 14, 60, 17, 10, 52, 55, 16, 9, 31, 1, 26, 8, 51, 41, 27, 67, 37, 5, 65, 32, 39, 48, 3, 0, 2],
[4, 12, 25, 27, 67, 18, 19, 54, 38, 69, 29, 3, 0, 50, 17, 60, 44, 61, 43, 13, 33, 58, 51, 35, 6, 47, 7, 40, 53, 46],
[21, 24, 42, 62, 26, 16, 10, 20, 43, 50, 2, 23, 3, 38, 36, 41, 25, 4, 53, 47, 6, 63, 30, 15, 49, 11, 59, 17, 60],
[62, 42, 15, 49, 1, 31, 11, 9, 17, 20, 33, 22, 38, 54, 18, 65, 67, 27, 25, 12, 4, 40, 47, 6, 63, 24, 30, 26, 8, 28],
[9, 16, 10, 55, 52, 64, 35, 57, 25, 4, 40, 12, 41, 34, 58, 45, 36, 19, 66, 54, 65, 37, 32, 39, 48, 69, 0, 50, 33, 13],
[53, 47, 6, 35, 34, 25, 4, 7, 46, 40, 12, 41, 45, 22, 33, 20, 17, 61, 60, 44, 14, 2, 0, 23, 69, 19, 54, 36],
[53, 40, 12, 41, 36, 54, 5, 65, 39, 48, 3, 23, 50, 33, 22, 38, 18, 32],
[21, 24, 42, 49, 1, 9, 16, 26, 8, 28, 56, 51, 58, 33, 22, 19, 66, 29, 48, 39, 18, 69, 23, 2, 14, 60, 61, 43, 13],
[46, 53, 47, 6, 56, 8, 55, 20, 13, 22, 36, 41, 25, 12, 4, 7],
[31, 11, 68, 59, 1, 49, 26, 8, 51, 34, 45, 36, 54, 32, 39, 65, 5, 67, 27, 12, 40, 46, 53, 47, 6, 56, 28, 10, 17, 55],
[63, 30, 42, 62, 15, 11, 68, 9, 59, 10, 55, 52, 64, 58, 45, 36, 54, 18, 39, 48, 66, 69, 3, 29, 23, 50, 43, 17, 44, 14],
[34, 57, 58, 64, 52, 55, 10, 59, 11, 15, 62, 21, 6, 35, 41, 45, 36, 38, 54, 66, 3, 0, 2, 14, 60],
[68, 9, 59, 1, 26, 49, 15, 42, 24, 63, 6, 35, 41, 36, 19, 66, 29, 48, 69, 23, 50, 43, 13, 22, 45, 34, 25, 4, 40],
[57, 34, 45, 58, 35, 6, 63, 24, 30, 26, 1, 68, 9, 17, 44, 14, 2, 0, 3, 66, 38, 36, 41, 12, 25, 4, 7, 46]]

\
Best Operator Route set string:
\
61-60-44-14-2-23-69-3-66-38*65-37-5-54-19-38-22-33-20-17*62-30-26-16-10-20-43-50-23-69*46-40-7-53-47-6-56-8-10-55*39-18-54-36-45-58-64-52-8-28*42-15-49-26-8-56-51-35-58-33*48-29-69-38-36-45-34-35-51-8*68-9-11-31-1-26-8-51-34-41*68-9-59-10-52-64-51-57-34-58*0-23-69-18-65-37-67-27-25-12*44-61-17-20-52-64-35-57-25-12*30-24-62-42-15-49-1-16-10-28*46-40-7-4-25-41-45-22-33-13*35-6-63-21-24-30-26-1-9-68*32-18-38-22-13-43-17-9-68-11*

\
Best Passenger Route set sting:
\
29-23-0-69-66-38-36-45-34-57-51-56-28-10-55-16-1-59-17-20-52-8-26-30-21-63-6-47*36-22-33-43-61-14-60-17-10-52-55-16-9-31-1-26-8-51-41-27-67-37-5-65-32-39-48-3-0-2*4-12-25-27-67-18-19-54-38-69-29-3-0-50-17-60-44-61-43-13-33-58-51-35-6-47-7-40-53-46*21-24-42-62-26-16-10-20-43-50-2-23-3-38-36-41-25-4-53-47-6-63-30-15-49-11-59-17-60*62-42-15-49-1-31-11-9-17-20-33-22-38-54-18-65-67-27-25-12-4-40-47-6-63-24-30-26-8-28*9-16-10-55-52-64-35-57-25-4-40-12-41-34-58-45-36-19-66-54-65-37-32-39-48-69-0-50-33-13*53-47-6-35-34-25-4-7-46-40-12-41-45-22-33-20-17-61-60-44-14-2-0-23-69-19-54-36*53-40-12-41-36-54-5-65-39-48-3-23-50-33-22-38-18-32*21-24-42-49-1-9-16-26-8-28-56-51-58-33-22-19-66-29-48-39-18-69-23-2-14-60-61-43-13*46-53-47-6-56-8-55-20-13-22-36-41-25-12-4-7*31-11-68-59-1-49-26-8-51-34-45-36-54-32-39-65-5-67-27-12-40-46-53-47-6-56-28-10-17-55*63-30-42-62-15-11-68-9-59-10-55-52-64-58-45-36-54-18-39-48-66-69-3-29-23-50-43-17-44-14*34-57-58-64-52-55-10-59-11-15-62-21-6-35-41-45-36-38-54-66-3-0-2-14-60*68-9-59-1-26-49-15-42-24-63-6-35-41-36-19-66-29-48-69-23-50-43-13-22-45-34-25-4-40*57-34-45-58-35-6-63-24-30-26-1-68-9-17-44-14-2-0-3-66-38-36-41-12-25-4-7-46*