7_2_Mumford0_GA_Pop_size RESULTS EVALUATION:
\
HV:0.8259 | BM:0.8087

\
	Operator	Passenger
\
f1_ATT	30.3694		15.0463
\
f2_TRT	96		583
\
d_0	21.4461		78.7380
\
d_1	37.6578		20.9405
\
d_2	30.6202		0.3215
\
d_un	10.2759		0.0000

\
Best Operator Route set:
\
[[13, 6, 10, 15],
[18, 0, 22, 17],
[12, 19, 17],
[4, 24],
[22, 25, 28],
[2, 29],
[23, 1, 9],
[5, 21, 10, 2, 27, 7, 20, 24, 23, 14, 11, 17],
[0, 26],
[16, 27],
[3, 1],
[8, 12]]

\
Best Passenger Route set:
\
[[17, 12, 22, 18, 0, 28, 7, 20, 24, 4, 1, 14, 3, 23],
[21, 6, 13, 18, 0, 26, 8, 12, 19, 17, 11, 3, 1, 9, 23],
[8, 12, 19, 22, 25, 7, 27, 29, 2, 16],
[5, 6, 13, 18, 22, 17, 11, 14, 20, 7, 27, 10, 15, 16, 2],
[5, 21, 2, 29, 27, 7, 14, 24, 1, 3],
[13, 6, 2, 15, 21, 10, 27, 16, 28, 17, 0, 22, 19, 12, 8],
[9, 3, 24, 4, 7, 27, 10, 15, 6, 13, 0, 12, 8],
[18, 17, 19, 0, 13, 6, 5],
[9, 3, 23, 20, 7, 16, 6, 13],
[12, 19, 17, 28, 16, 10, 2, 7, 14, 23, 9, 3, 11, 25, 0],
[0, 17, 11, 25, 28, 16, 6, 5, 21, 15, 27, 7, 24, 23, 9],
[10, 29, 15, 5, 6, 16, 7, 14, 23, 1, 9, 3, 4, 20]]

\
Best Operator Route set string:
\
13-6-10-15*18-0-22-17*12-19-17*4-24*22-25-28*2-29*23-1-9*5-21-10-2-27-7-20-24-23-14-11-17*0-26*16-27*3-1*8-12*

\
Best Passenger Route set sting:
\
17-12-22-18-0-28-7-20-24-4-1-14-3-23*21-6-13-18-0-26-8-12-19-17-11-3-1-9-23*8-12-19-22-25-7-27-29-2-16*5-6-13-18-22-17-11-14-20-7-27-10-15-16-2*5-21-2-29-27-7-14-24-1-3*13-6-2-15-21-10-27-16-28-17-0-22-19-12-8*9-3-24-4-7-27-10-15-6-13-0-12-8*18-17-19-0-13-6-5*9-3-23-20-7-16-6-13*12-19-17-28-16-10-2-7-14-23-9-3-11-25-0*0-17-11-25-28-16-6-5-21-15-27-7-24-23-9*10-29-15-5-6-16-7-14-23-1-9-3-4-20*