23_2_Mumford0_SA_Mutations RESULTS EVALUATION:
\
HV:0.7916 | BM:0.8087

\
	Operator	Passenger
\
f1_ATT	34.8767		15.8000
\
f2_TRT	98		382
\
d_0	14.7767		62.8478
\
d_1	28.6942		36.7021
\
d_2	27.4112		0.4501
\
d_un	29.1180		0.0000

\
Best Operator Route set:
\
[[6, 15, 10],
[13, 18, 0, 22, 17],
[17, 12, 8],
[4, 24],
[22, 25, 28],
[2, 27, 7, 20, 24, 1],
[1, 9, 23, 14, 11, 17],
[5, 21, 10, 2, 29],
[0, 26],
[16, 27],
[3, 1],
[12, 19]]

\
Best Passenger Route set:
\
[[10, 29, 2, 7, 24, 1],
[23, 1, 3, 11, 17, 19, 0, 13, 6, 15],
[22, 19, 12, 18, 0, 25, 7, 20, 24, 4, 23],
[3, 14, 23],
[9, 14, 7, 27, 29, 2, 15, 5],
[10, 27, 16, 28, 17, 19, 8],
[4, 24, 14, 11, 17, 22, 12, 8, 26, 0, 28, 7, 20, 23, 1],
[15, 5, 21, 10, 27, 7, 25, 22, 0, 28, 16, 2, 29],
[9, 1, 3, 24, 4, 7, 16, 6, 21, 15],
[5, 15, 10, 7, 14, 9],
[21, 5, 6, 13, 18, 0, 22, 17, 11, 3, 1, 9],
[6, 2]]

\
Best Operator Route set string:
\
6-15-10*13-18-0-22-17*17-12-8*4-24*22-25-28*2-27-7-20-24-1*1-9-23-14-11-17*5-21-10-2-29*0-26*16-27*3-1*12-19*

\
Best Passenger Route set sting:
\
10-29-2-7-24-1*23-1-3-11-17-19-0-13-6-15*22-19-12-18-0-25-7-20-24-4-23*3-14-23*9-14-7-27-29-2-15-5*10-27-16-28-17-19-8*4-24-14-11-17-22-12-8-26-0-28-7-20-23-1*15-5-21-10-27-7-25-22-0-28-16-2-29*9-1-3-24-4-7-16-6-21-15*5-15-10-7-14-9*21-5-6-13-18-0-22-17-11-3-1-9*6-2*