33_3_Mumford1__ALL_param RESULTS EVALUATION:
\
HV:0.7606 | BM:0.7758

\
	Operator	Passenger
\
f1_ATT	30.4783		23.0193
\
f2_TRT	521		1564
\
d_0	19.4905		48.6702
\
d_1	46.1979		49.7796
\
d_2	27.5391		1.5502
\
d_un	6.7725		0.0000

\
Best Operator Route set:
\
[[40, 7, 4, 12, 41, 51, 64, 52, 55, 20],
[12, 25, 41, 34, 51, 35, 64, 58, 33, 13],
[35, 51, 56, 8, 10, 16, 26, 1, 49, 15],
[62, 42, 15, 11, 9, 68, 59, 10, 20, 13],
[69, 3, 23, 29, 48, 66, 19, 18, 32, 39],
[55, 17, 20, 33, 22, 38, 18, 65, 37, 67],
[27, 41, 34, 57, 35, 64, 52, 8, 56, 28],
[8, 51, 35, 6, 63, 21, 24, 30, 62, 15],
[55, 10, 20, 43, 50, 17, 59, 9, 1, 16],
[19, 3, 29, 48, 66, 38, 18, 54, 5, 37],
[34, 57, 41, 45, 36, 38, 19, 54, 18, 39],
[28, 8, 51, 56, 6, 47, 53, 40, 7, 46],
[58, 51, 64, 52, 20, 17, 61, 60, 44, 14],
[35, 51, 56, 8, 26, 49, 1, 11, 9, 31],
[23, 0, 2, 50, 13, 20, 10, 16, 1, 31]]

\
Best Passenger Route set:
\
[[32, 65, 18, 38, 19, 66, 3, 48, 29, 69, 0, 2, 14, 61, 17, 10, 55, 8, 56, 51, 35, 34, 57, 58, 33, 13, 43, 20, 52, 64],
[56, 28, 10, 17, 60, 44, 14, 2, 0, 69, 48, 39, 18, 54, 36, 45, 34, 51, 8, 26, 49, 15, 42, 24, 63, 6, 47, 53, 4],
[31, 11, 15, 30, 21, 63, 6, 35, 58, 33, 50, 23, 29, 69, 38, 36, 41, 25, 4, 7, 47, 40, 53],
[55, 17, 20, 33, 22, 19, 18, 39, 32, 54, 36, 45, 58, 64, 52, 10, 16, 1, 68, 9, 31],
[44, 60, 14, 2, 50, 17, 55, 52, 64, 35, 57, 25, 27, 67, 37, 5, 54, 38, 22, 33, 20, 10, 16, 26, 30, 42, 49, 9, 68],
[16, 55, 10, 8, 56, 6, 47, 53, 46, 40, 4, 25, 41, 45, 22, 13, 43, 61, 60, 44, 17, 59, 1, 26, 30, 24, 62, 42, 15, 11],
[39, 32, 18, 19, 69, 66, 38, 36, 45, 22, 33, 58, 34, 25, 12, 41, 51, 56, 28, 10, 59, 68, 9, 11, 15, 62, 49, 1],
[59, 10, 52, 64, 35, 57, 34, 41, 27, 67, 37, 65, 54, 19, 69, 23, 50, 17, 9, 68, 1, 11, 49, 26, 16, 55, 8, 56, 28],
[29, 48, 39, 65, 5, 67, 27, 41, 36, 22, 13, 50, 33, 43, 20, 52, 8, 28, 56, 6, 21, 62, 42, 15, 49, 1, 16, 55, 10],
[24, 21, 63, 6, 56, 28, 10, 8, 52, 64, 51, 35, 41, 45, 58, 33, 20],
[48, 39, 18, 5, 37, 32, 54, 66, 3, 23, 50, 43, 17, 59, 11, 15, 62, 26, 1, 68, 9, 16],
[60, 44, 14, 2, 23, 69, 48, 39, 32, 18, 38, 22, 13, 43, 17, 55, 52, 64, 35, 41, 12, 4, 53, 47],
[23, 69, 0, 50, 13, 20, 33, 22, 38, 3, 29, 19, 18, 37, 65, 67, 27, 12, 40, 7, 4, 25, 57, 51, 8, 26, 1, 31, 11, 49],
[39, 48, 66, 19, 36, 41, 35, 6, 63, 24, 62, 42, 30, 15, 49, 11, 9, 68],
[15, 62, 24, 21, 63, 30, 26, 1, 9, 68, 11]]

\
Best Operator Route set string:
\
40-7-4-12-41-51-64-52-55-20*12-25-41-34-51-35-64-58-33-13*35-51-56-8-10-16-26-1-49-15*62-42-15-11-9-68-59-10-20-13*69-3-23-29-48-66-19-18-32-39*55-17-20-33-22-38-18-65-37-67*27-41-34-57-35-64-52-8-56-28*8-51-35-6-63-21-24-30-62-15*55-10-20-43-50-17-59-9-1-16*19-3-29-48-66-38-18-54-5-37*34-57-41-45-36-38-19-54-18-39*28-8-51-56-6-47-53-40-7-46*58-51-64-52-20-17-61-60-44-14*35-51-56-8-26-49-1-11-9-31*23-0-2-50-13-20-10-16-1-31*

\
Best Passenger Route set sting:
\
32-65-18-38-19-66-3-48-29-69-0-2-14-61-17-10-55-8-56-51-35-34-57-58-33-13-43-20-52-64*56-28-10-17-60-44-14-2-0-69-48-39-18-54-36-45-34-51-8-26-49-15-42-24-63-6-47-53-4*31-11-15-30-21-63-6-35-58-33-50-23-29-69-38-36-41-25-4-7-47-40-53*55-17-20-33-22-19-18-39-32-54-36-45-58-64-52-10-16-1-68-9-31*44-60-14-2-50-17-55-52-64-35-57-25-27-67-37-5-54-38-22-33-20-10-16-26-30-42-49-9-68*16-55-10-8-56-6-47-53-46-40-4-25-41-45-22-13-43-61-60-44-17-59-1-26-30-24-62-42-15-11*39-32-18-19-69-66-38-36-45-22-33-58-34-25-12-41-51-56-28-10-59-68-9-11-15-62-49-1*59-10-52-64-35-57-34-41-27-67-37-65-54-19-69-23-50-17-9-68-1-11-49-26-16-55-8-56-28*29-48-39-65-5-67-27-41-36-22-13-50-33-43-20-52-8-28-56-6-21-62-42-15-49-1-16-55-10*24-21-63-6-56-28-10-8-52-64-51-35-41-45-58-33-20*48-39-18-5-37-32-54-66-3-23-50-43-17-59-11-15-62-26-1-68-9-16*60-44-14-2-23-69-48-39-32-18-38-22-13-43-17-55-52-64-35-41-12-4-53-47*23-69-0-50-13-20-33-22-38-3-29-19-18-37-65-67-27-12-40-7-4-25-57-51-8-26-1-31-11-49*39-48-66-19-36-41-35-6-63-24-62-42-30-15-49-11-9-68*15-62-24-21-63-30-26-1-9-68-11*