9_4_Mumford2_GA_Mut_prob RESULTS EVALUATION:
\
HV:0.6526 | BM:0.6490

\
	Operator	Passenger
\
f1_ATT	32.7567		26.1252
\
f2_TRT	1817		4885
\
d_0	16.4838		48.2174
\
d_1	54.5995		50.5310
\
d_2	26.9199		1.2517
\
d_un	1.9967		0.0000

\
Best Operator Route set:
\
[[74, 60, 12, 8, 90, 91, 49, 52, 89, 73],
[32, 59, 27, 94, 105, 83, 15, 34, 93, 98],
[95, 17, 65, 39, 55, 63, 45, 53, 90, 91],
[73, 89, 52, 91, 49, 90, 53, 63, 38, 87],
[24, 19, 23, 82, 44, 72, 108, 36, 107, 77],
[61, 1, 0, 87, 55, 101, 94, 81, 6, 24, 85],
[10, 52, 100, 18, 66, 3, 54, 6, 86, 46],
[45, 63, 53, 8, 90, 49, 91, 52, 89, 109],
[23, 19, 22, 85, 81, 105, 94, 101, 55, 39],
[13, 32, 68, 95, 17, 56, 87, 80, 58, 60],
[73, 89, 52, 91, 49, 90, 53, 63, 38, 87],
[50, 95, 27, 94, 81, 6, 22, 19, 33, 99],
[48, 92, 18, 34, 15, 2, 63, 38, 87, 56],
[13, 32, 59, 27, 94, 83, 15, 35, 91, 49],
[45, 63, 53, 8, 90, 49, 91, 52, 89, 109],
[5, 42, 73, 89, 52, 49, 91, 90, 8, 53],
[13, 32, 68, 95, 17, 56, 87, 80, 58, 60],
[58, 38, 63, 2, 15, 54, 22, 19, 31, 23],
[64, 11, 89, 52, 49, 91, 90, 53, 38, 80],
[69, 99, 33, 19, 22, 85, 6, 81, 105, 94],
[12, 8, 90, 91, 52, 89, 64, 36, 108, 4],
[13, 32, 59, 27, 105, 94, 83, 15, 34, 93],
[69, 99, 33, 19, 22, 85, 6, 81, 105, 94],
[64, 11, 89, 52, 49, 91, 90, 53, 38, 80],
[13, 32, 59, 27, 105, 94, 83, 15, 34, 93],
[60, 12, 62, 8, 90, 49, 91, 52, 89, 73],
[69, 99, 33, 19, 85, 81, 105, 27, 17, 50],
[50, 65, 39, 55, 45, 53, 62, 103, 70, 41],
[45, 63, 53, 8, 90, 49, 91, 52, 89, 109],
[71, 88, 51, 102, 19, 9, 92, 64, 96, 73],
[13, 32, 68, 95, 17, 56, 87, 80, 58, 60],
[78, 65, 39, 55, 45, 63, 53, 62, 103, 7, 84, 25],
[29, 43, 30, 26, 82, 19, 22, 85, 94, 101],
[64, 11, 89, 52, 49, 91, 90, 53, 38, 80],
[20, 75, 17, 39, 55, 45, 53, 8, 90, 91],
[95, 17, 65, 39, 55, 45, 63, 53, 90, 91],
[5, 42, 73, 89, 52, 49, 91, 90, 8, 53],
[27, 105, 94, 83, 15, 18, 92, 64, 79, 48],
[39, 55, 101, 94, 81, 85, 22, 31, 14, 76],
[74, 60, 12, 8, 90, 91, 49, 52, 89, 73],
[64, 11, 89, 52, 49, 91, 90, 53, 63, 38],
[20, 95, 17, 65, 39, 55, 45, 63, 53, 90, 91],
[63, 8, 90, 49, 52, 89, 64, 36, 108, 107],
[13, 32, 68, 95, 17, 56, 87, 80, 58, 60],
[5, 42, 73, 89, 52, 49, 91, 90, 8, 53],
[80, 38, 63, 8, 90, 91, 49, 52, 89, 106],
[60, 12, 62, 8, 90, 91, 49, 52, 89, 73],
[67, 92, 18, 93, 34, 15, 2, 63, 38, 58, 97],
[13, 32, 59, 27, 94, 105, 83, 15, 34, 93],
[30, 43, 72, 79, 73, 106, 57, 40, 37, 104, 84],
[60, 12, 62, 8, 90, 49, 91, 52, 89, 73],
[23, 19, 22, 85, 81, 105, 94, 101, 55, 39],
[109, 73, 89, 52, 91, 49, 90, 53, 38, 80],
[60, 12, 62, 8, 90, 91, 49, 52, 89, 73],
[13, 32, 59, 27, 94, 83, 15, 35, 91, 49],
[28, 21, 27, 101, 55, 45, 63, 12, 16, 47]]

\
Best Passenger Route set:
\
[[19, 22, 3, 66, 9, 92, 64, 79, 73, 89, 52, 49, 91, 90, 8, 63, 38, 87, 55, 45, 80],
[63, 12, 103, 70, 7, 37, 104, 40, 10, 52, 100, 67, 18, 9, 23, 31, 51, 71, 88, 102, 19],
[92, 48, 44, 82, 33, 31, 23, 9, 18, 98, 67, 100, 52, 10, 40, 7, 57, 106, 89, 42, 5],
[1, 87, 38, 63, 8, 90, 91, 52, 89, 109, 64, 73, 79, 48, 36, 72, 44, 82, 99, 69],
[71, 88, 31, 19, 23, 82, 99, 69, 30, 43, 72, 79, 73, 106, 57, 40, 37, 25, 7, 52, 10],
[108, 48, 72, 43, 30, 26, 82, 23, 19, 22, 85, 94, 27, 59, 32, 68, 20, 17, 65],
[18, 67, 92, 72, 108, 107, 36, 5, 42, 89, 52, 49, 90, 8, 53, 63, 55, 39, 78, 0, 1, 61],
[58, 74, 47, 60, 41, 16, 12, 63, 55, 101, 27, 21, 28, 86, 51, 31, 102, 76, 69, 43, 30, 26],
[68, 75, 50, 95, 78, 17, 56, 1, 0, 80, 38, 63, 8, 90, 49, 52, 89, 11, 109, 73, 106],
[92, 72, 79, 108, 4, 107, 36, 64, 11, 89, 52, 10, 70, 16, 47, 60, 12, 38, 45],
[31, 88, 102, 14, 76, 69, 99, 33, 19, 22, 54, 15, 2, 45, 38, 80, 97, 87, 56, 0, 1],
[106, 73, 96, 64, 11, 89, 52, 10, 70, 103, 62, 53, 63, 55, 39, 17, 75, 20, 50, 65, 78],
[48, 79, 108, 4, 36, 64, 89, 52, 49, 90, 8, 63, 38, 80, 58, 74, 12, 60, 47, 41, 103, 70],
[38, 55, 45, 80, 87, 0, 1, 61, 65, 17, 27, 94, 105, 81, 6, 24, 31, 76, 14, 69, 30, 43],
[75, 50, 20, 95, 17, 65, 61, 56, 87, 38, 63, 53, 90, 49, 52, 89, 11, 5, 77, 4, 107, 36],
[99, 69, 30, 29, 43, 44, 92, 18, 15, 2, 63, 38, 80, 0, 61, 56, 65, 78, 17, 50, 95, 20],
[60, 16, 41, 7, 10, 104, 25, 37, 57, 106, 73, 89, 64, 92, 44, 82, 99, 76, 14, 33, 31],
[12, 41, 47, 74, 16, 103, 7, 37, 40, 10, 52, 100, 18, 9, 19, 102, 88, 71, 51, 31, 24, 54],
[39, 17, 27, 59, 32, 21, 28, 86, 71, 88, 51, 31, 19, 9, 18, 100, 52, 7, 84, 104, 25, 37],
[38, 87, 56, 17, 39, 65, 78, 95, 68, 13, 32, 27, 94, 83, 15, 18, 92, 48, 36, 108, 4],
[32, 21, 28, 46, 86, 6, 85, 54, 15, 35, 91, 49, 7, 84, 104, 25, 40, 10, 52, 89],
[13, 28, 21, 59, 27, 101, 55, 63, 53, 90, 49, 91, 52, 89, 109, 73, 106, 57, 40, 10, 104, 84],
[60, 74, 47, 41, 103, 62, 8, 35, 15, 3, 19, 33, 14, 69, 30, 26, 72, 44, 92, 18, 67],
[43, 30, 26, 44, 92, 67, 98, 93, 35, 8, 53, 12, 74, 60, 58, 97, 0, 39, 17, 95, 20, 68],
[103, 16, 47, 74, 60, 58, 38, 45, 2, 83, 15, 54, 85, 24, 102, 71, 88, 31, 33, 14, 99, 69],
[88, 71, 51, 86, 28, 59, 27, 101, 55, 38, 74, 47, 62, 90, 49, 35, 93, 100, 67, 98, 18],
[4, 77, 107, 48, 72, 44, 82, 33, 31, 102, 51, 86, 28, 21, 32, 50, 20, 17, 78, 0, 97, 80],
[23, 82, 33, 31, 71, 86, 6, 85, 54, 3, 93, 100, 52, 7, 104, 10, 37, 40, 25, 70, 84],
[57, 37, 40, 7, 103, 62, 53, 45, 55, 39, 17, 95, 50, 20, 68, 59, 27, 94, 85, 54, 6, 81],
[68, 13, 28, 46, 86, 51, 102, 31, 33, 82, 44, 72, 108, 4, 77, 107, 48, 92, 64, 79, 11, 109],
[41, 70, 25, 7, 10, 52, 100, 18, 9, 19, 102, 51, 46, 86, 71, 88, 31, 33, 14, 99, 69, 76],
[58, 47, 74, 60, 41, 12, 63, 2, 15, 54, 85, 24, 102, 88, 71, 31, 22, 66, 3, 81, 86, 46],
[56, 39, 65, 17, 75, 50, 13, 32, 59, 27, 94, 85, 19, 82, 44, 72, 43, 30, 69, 99, 33],
[42, 106, 57, 40, 37, 84, 7, 52, 91, 49, 90, 8, 63, 45, 55, 39, 65, 78, 0, 1, 97],
[78, 39, 65, 61, 56, 87, 45, 2, 34, 93, 18, 92, 72, 48, 44, 82, 19, 23, 33, 102, 31, 22],
[28, 21, 32, 13, 50, 68, 59, 27, 94, 83, 34, 18, 92, 64, 36, 107, 77, 4, 108],
[27, 17, 78, 39, 55, 45, 2, 15, 66, 9, 23, 82, 26, 43, 30, 44, 92, 18, 34, 54, 24],
[29, 30, 43, 26, 44, 92, 67, 93, 35, 8, 12, 62, 103, 41, 70, 16, 74, 58, 97, 1],
[13, 32, 50, 17, 78, 65, 39, 0, 87, 55, 101, 94, 81, 6, 85, 19, 82, 26, 29, 30],
[29, 30, 43, 26, 44, 92, 67, 18, 15, 2, 45, 38, 80, 97, 1, 61, 0, 56, 39, 17, 50, 65],
[88, 51, 71, 86, 28, 46, 21, 27, 101, 55, 45, 63, 53, 62, 91, 49, 90, 35, 93, 98, 67],
[102, 24, 86, 28, 21, 59, 27, 101, 55, 80, 58, 74, 60, 47, 41, 12, 62, 53, 90, 49, 8, 35],
[10, 57, 40, 104, 84, 7, 52, 89, 11, 64, 79, 72, 44, 82, 99, 76, 31, 102, 24, 86, 51, 88],
[91, 49, 7, 70, 16, 47, 12, 62, 8, 35, 34, 3, 19, 33, 99, 69, 14, 102, 51, 86],
[104, 25, 70, 41, 16, 12, 62, 8, 35, 93, 18, 9, 23, 33, 31, 19, 22, 54, 15, 3, 67, 98],
[37, 40, 57, 42, 106, 73, 89, 52, 49, 91, 90, 53, 63, 55, 101, 94, 105, 83, 2, 45, 87, 97],
[36, 108, 79, 72, 44, 30, 26, 82, 19, 22, 85, 6, 81, 94, 101, 55, 39, 56, 65, 50, 17, 78],
[81, 94, 105, 27, 59, 21, 28, 86, 6, 85, 54, 3, 9, 92, 64, 79, 11, 89, 96, 42, 57, 10],
[98, 3, 81, 94, 101, 55, 63, 38, 80, 97, 87, 1, 56, 65, 17, 95, 59, 21, 86, 51, 88, 71],
[25, 7, 84, 37, 40, 10, 52, 100, 93, 3, 54, 85, 6, 86, 28, 21, 13, 32, 95, 68, 17],
[62, 12, 74, 47, 60, 16, 103, 7, 52, 100, 67, 98, 18, 9, 23, 33, 76, 14, 102, 31, 19, 24],
[46, 28, 59, 95, 17, 39, 65, 56, 87, 55, 45, 2, 15, 18, 92, 64, 36, 108, 107, 77],
[50, 68, 21, 28, 86, 6, 85, 54, 3, 9, 92, 64, 96, 42, 5, 77, 4, 108, 36, 48],
[86, 28, 21, 13, 32, 27, 105, 83, 35, 49, 91, 52, 89, 73, 42, 96, 64, 11, 79, 108, 107, 36],
[18, 66, 93, 100, 91, 8, 63, 45, 87, 38, 53, 90, 49, 52, 89, 11, 64, 36, 108, 5, 107],
[28, 21, 32, 13, 50, 95, 27, 94, 105, 83, 15, 34, 18, 92, 64, 96, 11, 79, 108, 36, 107]]

\
Best Operator Route set string:
\
74-60-12-8-90-91-49-52-89-73*32-59-27-94-105-83-15-34-93-98*95-17-65-39-55-63-45-53-90-91*73-89-52-91-49-90-53-63-38-87*24-19-23-82-44-72-108-36-107-77*61-1-0-87-55-101-94-81-6-24-85*10-52-100-18-66-3-54-6-86-46*45-63-53-8-90-49-91-52-89-109*23-19-22-85-81-105-94-101-55-39*13-32-68-95-17-56-87-80-58-60*73-89-52-91-49-90-53-63-38-87*50-95-27-94-81-6-22-19-33-99*48-92-18-34-15-2-63-38-87-56*13-32-59-27-94-83-15-35-91-49*45-63-53-8-90-49-91-52-89-109*5-42-73-89-52-49-91-90-8-53*13-32-68-95-17-56-87-80-58-60*58-38-63-2-15-54-22-19-31-23*64-11-89-52-49-91-90-53-38-80*69-99-33-19-22-85-6-81-105-94*12-8-90-91-52-89-64-36-108-4*13-32-59-27-105-94-83-15-34-93*69-99-33-19-22-85-6-81-105-94*64-11-89-52-49-91-90-53-38-80*13-32-59-27-105-94-83-15-34-93*60-12-62-8-90-49-91-52-89-73*69-99-33-19-85-81-105-27-17-50*50-65-39-55-45-53-62-103-70-41*45-63-53-8-90-49-91-52-89-109*71-88-51-102-19-9-92-64-96-73*13-32-68-95-17-56-87-80-58-60*78-65-39-55-45-63-53-62-103-7-84-25*29-43-30-26-82-19-22-85-94-101*64-11-89-52-49-91-90-53-38-80*20-75-17-39-55-45-53-8-90-91*95-17-65-39-55-45-63-53-90-91*5-42-73-89-52-49-91-90-8-53*27-105-94-83-15-18-92-64-79-48*39-55-101-94-81-85-22-31-14-76*74-60-12-8-90-91-49-52-89-73*64-11-89-52-49-91-90-53-63-38*20-95-17-65-39-55-45-63-53-90-91*63-8-90-49-52-89-64-36-108-107*13-32-68-95-17-56-87-80-58-60*5-42-73-89-52-49-91-90-8-53*80-38-63-8-90-91-49-52-89-106*60-12-62-8-90-91-49-52-89-73*67-92-18-93-34-15-2-63-38-58-97*13-32-59-27-94-105-83-15-34-93*30-43-72-79-73-106-57-40-37-104-84*60-12-62-8-90-49-91-52-89-73*23-19-22-85-81-105-94-101-55-39*109-73-89-52-91-49-90-53-38-80*60-12-62-8-90-91-49-52-89-73*13-32-59-27-94-83-15-35-91-49*28-21-27-101-55-45-63-12-16-47*

\
Best Passenger Route set sting:
\
19-22-3-66-9-92-64-79-73-89-52-49-91-90-8-63-38-87-55-45-80*63-12-103-70-7-37-104-40-10-52-100-67-18-9-23-31-51-71-88-102-19*92-48-44-82-33-31-23-9-18-98-67-100-52-10-40-7-57-106-89-42-5*1-87-38-63-8-90-91-52-89-109-64-73-79-48-36-72-44-82-99-69*71-88-31-19-23-82-99-69-30-43-72-79-73-106-57-40-37-25-7-52-10*108-48-72-43-30-26-82-23-19-22-85-94-27-59-32-68-20-17-65*18-67-92-72-108-107-36-5-42-89-52-49-90-8-53-63-55-39-78-0-1-61*58-74-47-60-41-16-12-63-55-101-27-21-28-86-51-31-102-76-69-43-30-26*68-75-50-95-78-17-56-1-0-80-38-63-8-90-49-52-89-11-109-73-106*92-72-79-108-4-107-36-64-11-89-52-10-70-16-47-60-12-38-45*31-88-102-14-76-69-99-33-19-22-54-15-2-45-38-80-97-87-56-0-1*106-73-96-64-11-89-52-10-70-103-62-53-63-55-39-17-75-20-50-65-78*48-79-108-4-36-64-89-52-49-90-8-63-38-80-58-74-12-60-47-41-103-70*38-55-45-80-87-0-1-61-65-17-27-94-105-81-6-24-31-76-14-69-30-43*75-50-20-95-17-65-61-56-87-38-63-53-90-49-52-89-11-5-77-4-107-36*99-69-30-29-43-44-92-18-15-2-63-38-80-0-61-56-65-78-17-50-95-20*60-16-41-7-10-104-25-37-57-106-73-89-64-92-44-82-99-76-14-33-31*12-41-47-74-16-103-7-37-40-10-52-100-18-9-19-102-88-71-51-31-24-54*39-17-27-59-32-21-28-86-71-88-51-31-19-9-18-100-52-7-84-104-25-37*38-87-56-17-39-65-78-95-68-13-32-27-94-83-15-18-92-48-36-108-4*32-21-28-46-86-6-85-54-15-35-91-49-7-84-104-25-40-10-52-89*13-28-21-59-27-101-55-63-53-90-49-91-52-89-109-73-106-57-40-10-104-84*60-74-47-41-103-62-8-35-15-3-19-33-14-69-30-26-72-44-92-18-67*43-30-26-44-92-67-98-93-35-8-53-12-74-60-58-97-0-39-17-95-20-68*103-16-47-74-60-58-38-45-2-83-15-54-85-24-102-71-88-31-33-14-99-69*88-71-51-86-28-59-27-101-55-38-74-47-62-90-49-35-93-100-67-98-18*4-77-107-48-72-44-82-33-31-102-51-86-28-21-32-50-20-17-78-0-97-80*23-82-33-31-71-86-6-85-54-3-93-100-52-7-104-10-37-40-25-70-84*57-37-40-7-103-62-53-45-55-39-17-95-50-20-68-59-27-94-85-54-6-81*68-13-28-46-86-51-102-31-33-82-44-72-108-4-77-107-48-92-64-79-11-109*41-70-25-7-10-52-100-18-9-19-102-51-46-86-71-88-31-33-14-99-69-76*58-47-74-60-41-12-63-2-15-54-85-24-102-88-71-31-22-66-3-81-86-46*56-39-65-17-75-50-13-32-59-27-94-85-19-82-44-72-43-30-69-99-33*42-106-57-40-37-84-7-52-91-49-90-8-63-45-55-39-65-78-0-1-97*78-39-65-61-56-87-45-2-34-93-18-92-72-48-44-82-19-23-33-102-31-22*28-21-32-13-50-68-59-27-94-83-34-18-92-64-36-107-77-4-108*27-17-78-39-55-45-2-15-66-9-23-82-26-43-30-44-92-18-34-54-24*29-30-43-26-44-92-67-93-35-8-12-62-103-41-70-16-74-58-97-1*13-32-50-17-78-65-39-0-87-55-101-94-81-6-85-19-82-26-29-30*29-30-43-26-44-92-67-18-15-2-45-38-80-97-1-61-0-56-39-17-50-65*88-51-71-86-28-46-21-27-101-55-45-63-53-62-91-49-90-35-93-98-67*102-24-86-28-21-59-27-101-55-80-58-74-60-47-41-12-62-53-90-49-8-35*10-57-40-104-84-7-52-89-11-64-79-72-44-82-99-76-31-102-24-86-51-88*91-49-7-70-16-47-12-62-8-35-34-3-19-33-99-69-14-102-51-86*104-25-70-41-16-12-62-8-35-93-18-9-23-33-31-19-22-54-15-3-67-98*37-40-57-42-106-73-89-52-49-91-90-53-63-55-101-94-105-83-2-45-87-97*36-108-79-72-44-30-26-82-19-22-85-6-81-94-101-55-39-56-65-50-17-78*81-94-105-27-59-21-28-86-6-85-54-3-9-92-64-79-11-89-96-42-57-10*98-3-81-94-101-55-63-38-80-97-87-1-56-65-17-95-59-21-86-51-88-71*25-7-84-37-40-10-52-100-93-3-54-85-6-86-28-21-13-32-95-68-17*62-12-74-47-60-16-103-7-52-100-67-98-18-9-23-33-76-14-102-31-19-24*46-28-59-95-17-39-65-56-87-55-45-2-15-18-92-64-36-108-107-77*50-68-21-28-86-6-85-54-3-9-92-64-96-42-5-77-4-108-36-48*86-28-21-13-32-27-105-83-35-49-91-52-89-73-42-96-64-11-79-108-107-36*18-66-93-100-91-8-63-45-87-38-53-90-49-52-89-11-64-36-108-5-107*28-21-32-13-50-95-27-94-105-83-15-34-18-92-64-96-11-79-108-36-107*