7_4_Mumford2_GA_Pop_size RESULTS EVALUATION:
\
HV:0.6469 | BM:0.6490

\
	Operator	Passenger
\
f1_ATT	32.1616		26.1760
\
f2_TRT	1839		4523
\
d_0	18.0441		46.6695
\
d_1	54.4392		51.1143
\
d_2	25.8023		2.2162
\
d_un	1.7144		0.0000

\
Best Operator Route set:
\
[[23, 9, 92, 64, 96, 11, 89, 106, 57, 40],
[12, 62, 8, 90, 91, 52, 89, 11, 5, 77],
[41, 16, 12, 62, 8, 90, 91, 52, 89, 11],
[8, 90, 49, 91, 52, 89, 64, 36, 108, 107],
[13, 32, 68, 95, 17, 39, 55, 63, 53, 62],
[79, 64, 11, 89, 52, 91, 90, 8, 53, 38],
[1, 0, 87, 55, 101, 94, 81, 6, 24, 31],
[69, 99, 82, 44, 72, 48, 36, 108, 107, 77],
[61, 1, 87, 55, 101, 94, 105, 81, 6, 24],
[40, 37, 7, 52, 100, 18, 9, 19, 102, 71],
[1, 0, 87, 55, 101, 94, 105, 81, 6, 24],
[8, 90, 49, 91, 52, 89, 64, 36, 108, 107],
[13, 32, 59, 27, 94, 83, 15, 35, 91, 49],
[47, 12, 8, 90, 49, 52, 89, 64, 36, 108],
[13, 32, 68, 95, 17, 39, 55, 63, 53, 62],
[45, 63, 53, 8, 90, 49, 91, 52, 89, 109],
[107, 108, 36, 64, 11, 89, 52, 10, 70, 16],
[43, 30, 44, 92, 18, 67, 98, 93, 35, 8],
[78, 65, 17, 95, 68, 21, 28, 86, 51, 71],
[1, 0, 87, 55, 101, 94, 105, 81, 6, 24],
[17, 65, 39, 55, 63, 8, 90, 49, 91, 52],
[23, 9, 92, 64, 96, 73, 11, 106, 57, 40],
[23, 9, 92, 64, 96, 73, 11, 106, 57, 40],
[73, 89, 52, 49, 91, 90, 8, 62, 12, 74],
[30, 26, 82, 19, 22, 85, 6, 81, 94, 105],
[29, 43, 30, 26, 44, 92, 67, 93, 35, 8],
[82, 23, 9, 18, 98, 67, 100, 52, 7, 84],
[60, 12, 63, 45, 55, 39, 17, 95, 68, 20],
[13, 32, 68, 95, 17, 39, 55, 45, 63, 53],
[8, 90, 49, 91, 52, 89, 64, 36, 108, 107],
[46, 86, 28, 21, 59, 27, 101, 55, 45, 63],
[55, 45, 63, 53, 8, 90, 91, 52, 89, 109],
[30, 26, 82, 19, 22, 85, 6, 81, 94, 105],
[13, 32, 68, 95, 17, 39, 55, 45, 63, 53],
[79, 64, 11, 89, 52, 49, 90, 8, 53, 38],
[53, 8, 49, 52, 89, 96, 42, 5, 77, 4],
[76, 14, 99, 82, 44, 72, 36, 108, 107, 77],
[53, 90, 91, 49, 52, 89, 11, 64, 36, 107],
[40, 37, 7, 52, 100, 18, 9, 19, 102, 88],
[75, 50, 13, 32, 68, 95, 17, 39, 55, 63],
[78, 65, 39, 55, 63, 12, 103, 70, 25, 104],
[82, 23, 9, 18, 98, 67, 100, 52, 7, 84],
[86, 51, 102, 31, 33, 82, 26, 43, 30, 29],
[78, 65, 17, 95, 68, 21, 28, 86, 51, 71],
[46, 86, 28, 21, 59, 27, 101, 55, 45, 63],
[28, 86, 24, 19, 82, 44, 72, 48, 108, 36],
[80, 38, 63, 8, 90, 49, 91, 52, 89, 109],
[17, 65, 39, 55, 63, 8, 90, 49, 91, 52],
[80, 38, 63, 53, 90, 49, 91, 52, 89, 96],
[78, 65, 39, 55, 45, 2, 15, 34, 18, 66, 3],
[31, 22, 54, 15, 2, 45, 63, 38, 80, 97],
[58, 38, 63, 53, 90, 49, 91, 52, 89, 106],
[45, 63, 53, 8, 90, 49, 91, 52, 89, 109],
[0, 56, 65, 17, 95, 68, 21, 86, 51, 88],
[73, 89, 52, 49, 91, 90, 8, 62, 12, 74],
[30, 26, 82, 19, 22, 85, 6, 81, 94, 105]]

\
Best Passenger Route set:
\
[[35, 90, 91, 49, 52, 10, 25, 84, 37, 7, 103, 62, 53, 63, 55, 39, 17, 95, 68, 50, 20, 75],
[24, 31, 22, 54, 15, 35, 8, 62, 103, 70],
[65, 50, 75, 68, 17, 78, 39, 55, 101, 94, 81, 6, 24, 31, 33, 99, 69, 14, 76, 102, 88],
[42, 5, 36, 72, 48, 79, 64, 11, 89, 52, 91, 62, 12, 60, 58, 47, 103, 70, 10, 7],
[24, 54, 66, 3, 9, 92, 64, 79, 73, 89, 52, 49, 91, 90, 8, 63, 38, 87, 55, 45, 80, 58],
[61, 1, 56, 87, 38, 63, 53, 62, 103, 70, 25, 84, 104, 7, 49, 52, 91],
[105, 81, 85, 66, 18, 98, 67, 93, 34, 15, 2, 45, 55, 39, 65, 17, 50, 75, 20, 95, 68],
[51, 86, 21, 13, 32, 27, 94, 83, 35, 91, 49, 52, 10, 40, 37, 7, 57, 106],
[68, 75, 50, 95, 78, 17, 56, 1, 0, 80, 38, 63, 8, 90, 49, 52, 89, 11, 109, 73, 106, 57],
[31, 19, 33, 23, 9, 92, 64, 11, 73, 106, 57, 10, 40, 37, 7],
[23, 31, 24, 85, 54, 15, 2, 45, 63, 38, 58, 74, 12, 47, 16, 70, 84, 104, 37, 10],
[46, 21, 27, 101, 55, 63, 12, 62, 103, 70],
[30, 43, 26, 82, 99, 69, 14, 33, 19, 22, 54, 15, 35, 8, 62, 47, 103, 12, 60, 58, 97, 1],
[14, 76, 69, 99, 33, 19, 85, 94, 27, 59, 68, 20, 75],
[16, 74, 58, 47, 12, 38, 63, 45, 53, 90, 49, 52, 89, 11, 64, 36, 108, 5, 107, 4],
[68, 13, 28, 46, 86, 51, 102, 31, 33, 82, 44, 72, 108, 4, 77, 107, 48, 92, 64, 79, 73, 109],
[11, 64, 36, 108, 72, 92, 18, 98, 67, 93, 35, 8, 12, 60, 58, 38, 53, 63, 55, 87, 80],
[43, 30, 26, 44, 92, 67, 98, 93, 35, 8, 53, 12, 74, 60, 58, 97, 0, 39, 17, 95, 20, 68],
[24, 19, 23, 33, 76, 69, 14, 31, 22, 54, 15, 2, 45, 38, 80, 97, 0, 78, 17, 50, 65, 39],
[60, 12, 74, 16, 70, 41, 7, 10, 52, 49, 90, 53, 63, 38, 87, 0, 61, 56, 65, 39, 55, 101],
[20, 32, 68, 59, 28, 21, 27, 94, 83, 15, 35, 91, 49, 7, 37, 25, 70, 41, 47, 60, 74, 58],
[77, 5, 42, 73, 89, 52, 49, 90, 53, 63, 80, 97, 0, 56],
[48, 44, 26, 29, 30, 43, 72, 79, 73, 89, 52, 7, 70, 41, 16, 47, 12, 53, 90, 8],
[65, 78, 95, 20, 17, 39, 55, 63, 53, 8, 90, 91, 52, 89, 73, 79, 36, 108, 5, 42, 96, 11],
[29, 30, 43, 26, 72, 79, 64, 11, 89, 52, 7, 25, 84, 104, 41, 16, 12, 60, 74, 38, 63, 55],
[13, 21, 28, 59, 27, 101, 55, 63, 53, 90, 49, 91, 52, 89, 109, 73, 106, 57, 40, 10, 104, 84],
[48, 79, 108, 4, 36, 64, 89, 52, 49, 90, 8, 63, 38, 80, 58, 74, 12, 60, 47, 41, 103, 70],
[36, 64, 73, 11, 89, 106, 42, 57, 10, 52, 91, 49, 90, 53, 45, 55, 39, 17, 95, 20, 50, 13],
[5, 77, 107, 108, 4, 36, 64, 92, 18, 15, 83, 105, 27, 17, 95, 50, 20, 32, 13, 21, 59],
[99, 69, 30, 29, 43, 44, 92, 18, 15, 2, 45, 38, 80, 97, 1, 61, 0, 56, 39, 17, 50, 65],
[62, 12, 74, 47, 60, 16, 103, 7, 52, 100, 67, 98, 18, 9, 23, 33, 76, 14, 102, 31, 19, 24],
[29, 30, 43, 26, 82, 19, 22, 85, 94, 27, 17, 78, 65, 39, 56, 0, 87],
[32, 50, 65, 0, 61, 1, 87, 55, 101, 94, 105, 81, 6, 24, 31, 102, 33, 99, 69, 76, 14],
[21, 13, 32, 50, 65, 39, 55, 63, 12, 103, 7, 37],
[16, 60, 74, 47, 41, 12, 62, 8, 35, 15, 3, 19, 33, 99, 69, 30, 26, 72, 44, 92, 18, 67],
[51, 71, 86, 28, 21, 59, 27, 101, 55, 45, 63, 53, 62, 91, 49, 90, 35, 93, 98, 67, 18, 9],
[84, 25, 104, 40, 10, 52, 100, 93, 3, 22, 85, 6, 86, 28, 59, 27, 32, 17, 39, 78, 0, 97],
[55, 87, 97, 1, 0, 56, 65, 17, 95, 59, 28, 86, 51, 88, 71, 31, 102, 19, 82, 44, 48],
[22, 66, 9, 23, 82, 26, 43, 30, 44, 92, 18, 93, 34, 15, 2, 45, 55, 39, 78, 17, 27],
[20, 50, 95, 27, 94, 83, 15, 18, 67, 92, 64, 96, 73, 106, 57, 42, 5, 77],
[15, 3, 66, 93, 18, 92, 64, 11, 73, 89, 52, 49, 90, 8, 63, 55, 39, 78, 65, 56, 0, 1],
[95, 17, 56, 61, 1, 97, 58, 47, 60, 74, 38, 55, 101, 27, 21, 28, 86, 51, 71, 88, 102, 31],
[20, 95, 68, 50, 32, 13, 28, 21, 59, 27, 94, 83, 15, 35, 49, 7, 25, 104, 70, 16, 103],
[14, 76, 102, 51, 86, 28, 21, 68, 20, 75],
[44, 26, 43, 30, 69, 76, 14, 31, 22, 6, 81, 105, 27, 17, 65, 61, 1, 0, 80, 63, 55, 101],
[13, 50, 65, 56, 61, 1, 0, 87, 55, 101, 94, 105, 81, 6, 24, 22, 19, 31, 14, 76, 99, 33],
[32, 95, 50, 68, 21, 28, 86, 6, 85, 54, 3, 9, 92, 64, 96, 42, 5, 77, 107, 108, 36, 48],
[58, 47, 74, 60, 41, 12, 63, 2, 15, 54, 85, 24, 102, 88, 71, 31, 22, 6, 3, 81, 86, 21],
[18, 66, 93, 100, 91, 8, 63, 45, 87, 38, 53, 90, 49, 52, 89, 11, 64, 36, 108, 5, 107, 77],
[21, 28, 86, 6, 3, 66, 18, 92, 64, 109],
[29, 30, 43, 72, 79, 64, 11, 89, 52, 10, 70, 7, 49, 90, 91, 8, 35, 15, 83, 3, 66, 34],
[96, 89, 52, 7, 37, 57, 106, 11, 64, 92, 18, 3, 6, 86, 71, 31, 88, 102, 24, 19, 85],
[80, 55, 39, 56, 65, 17, 95, 20, 68, 59, 27, 105, 83, 34, 18, 92, 64, 36, 107, 77, 5, 42],
[16, 47, 74, 60, 58, 38, 45, 2, 83, 15, 54, 24, 102, 71, 88, 31, 33, 14, 99, 69, 43],
[29, 30, 43, 26, 82, 19, 85, 94, 105, 27, 95, 50, 75, 20, 17, 56, 39, 55, 38, 63, 80, 0],
[88, 51, 102, 31, 23, 9, 18, 100, 52, 7, 104, 41, 60, 74, 38, 63, 2, 94, 105, 81, 85]]

\
Best Operator Route set string:
\
23-9-92-64-96-11-89-106-57-40*12-62-8-90-91-52-89-11-5-77*41-16-12-62-8-90-91-52-89-11*8-90-49-91-52-89-64-36-108-107*13-32-68-95-17-39-55-63-53-62*79-64-11-89-52-91-90-8-53-38*1-0-87-55-101-94-81-6-24-31*69-99-82-44-72-48-36-108-107-77*61-1-87-55-101-94-105-81-6-24*40-37-7-52-100-18-9-19-102-71*1-0-87-55-101-94-105-81-6-24*8-90-49-91-52-89-64-36-108-107*13-32-59-27-94-83-15-35-91-49*47-12-8-90-49-52-89-64-36-108*13-32-68-95-17-39-55-63-53-62*45-63-53-8-90-49-91-52-89-109*107-108-36-64-11-89-52-10-70-16*43-30-44-92-18-67-98-93-35-8*78-65-17-95-68-21-28-86-51-71*1-0-87-55-101-94-105-81-6-24*17-65-39-55-63-8-90-49-91-52*23-9-92-64-96-73-11-106-57-40*23-9-92-64-96-73-11-106-57-40*73-89-52-49-91-90-8-62-12-74*30-26-82-19-22-85-6-81-94-105*29-43-30-26-44-92-67-93-35-8*82-23-9-18-98-67-100-52-7-84*60-12-63-45-55-39-17-95-68-20*13-32-68-95-17-39-55-45-63-53*8-90-49-91-52-89-64-36-108-107*46-86-28-21-59-27-101-55-45-63*55-45-63-53-8-90-91-52-89-109*30-26-82-19-22-85-6-81-94-105*13-32-68-95-17-39-55-45-63-53*79-64-11-89-52-49-90-8-53-38*53-8-49-52-89-96-42-5-77-4*76-14-99-82-44-72-36-108-107-77*53-90-91-49-52-89-11-64-36-107*40-37-7-52-100-18-9-19-102-88*75-50-13-32-68-95-17-39-55-63*78-65-39-55-63-12-103-70-25-104*82-23-9-18-98-67-100-52-7-84*86-51-102-31-33-82-26-43-30-29*78-65-17-95-68-21-28-86-51-71*46-86-28-21-59-27-101-55-45-63*28-86-24-19-82-44-72-48-108-36*80-38-63-8-90-49-91-52-89-109*17-65-39-55-63-8-90-49-91-52*80-38-63-53-90-49-91-52-89-96*78-65-39-55-45-2-15-34-18-66-3*31-22-54-15-2-45-63-38-80-97*58-38-63-53-90-49-91-52-89-106*45-63-53-8-90-49-91-52-89-109*0-56-65-17-95-68-21-86-51-88*73-89-52-49-91-90-8-62-12-74*30-26-82-19-22-85-6-81-94-105*

\
Best Passenger Route set sting:
\
35-90-91-49-52-10-25-84-37-7-103-62-53-63-55-39-17-95-68-50-20-75*24-31-22-54-15-35-8-62-103-70*65-50-75-68-17-78-39-55-101-94-81-6-24-31-33-99-69-14-76-102-88*42-5-36-72-48-79-64-11-89-52-91-62-12-60-58-47-103-70-10-7*24-54-66-3-9-92-64-79-73-89-52-49-91-90-8-63-38-87-55-45-80-58*61-1-56-87-38-63-53-62-103-70-25-84-104-7-49-52-91*105-81-85-66-18-98-67-93-34-15-2-45-55-39-65-17-50-75-20-95-68*51-86-21-13-32-27-94-83-35-91-49-52-10-40-37-7-57-106*68-75-50-95-78-17-56-1-0-80-38-63-8-90-49-52-89-11-109-73-106-57*31-19-33-23-9-92-64-11-73-106-57-10-40-37-7*23-31-24-85-54-15-2-45-63-38-58-74-12-47-16-70-84-104-37-10*46-21-27-101-55-63-12-62-103-70*30-43-26-82-99-69-14-33-19-22-54-15-35-8-62-47-103-12-60-58-97-1*14-76-69-99-33-19-85-94-27-59-68-20-75*16-74-58-47-12-38-63-45-53-90-49-52-89-11-64-36-108-5-107-4*68-13-28-46-86-51-102-31-33-82-44-72-108-4-77-107-48-92-64-79-73-109*11-64-36-108-72-92-18-98-67-93-35-8-12-60-58-38-53-63-55-87-80*43-30-26-44-92-67-98-93-35-8-53-12-74-60-58-97-0-39-17-95-20-68*24-19-23-33-76-69-14-31-22-54-15-2-45-38-80-97-0-78-17-50-65-39*60-12-74-16-70-41-7-10-52-49-90-53-63-38-87-0-61-56-65-39-55-101*20-32-68-59-28-21-27-94-83-15-35-91-49-7-37-25-70-41-47-60-74-58*77-5-42-73-89-52-49-90-53-63-80-97-0-56*48-44-26-29-30-43-72-79-73-89-52-7-70-41-16-47-12-53-90-8*65-78-95-20-17-39-55-63-53-8-90-91-52-89-73-79-36-108-5-42-96-11*29-30-43-26-72-79-64-11-89-52-7-25-84-104-41-16-12-60-74-38-63-55*13-21-28-59-27-101-55-63-53-90-49-91-52-89-109-73-106-57-40-10-104-84*48-79-108-4-36-64-89-52-49-90-8-63-38-80-58-74-12-60-47-41-103-70*36-64-73-11-89-106-42-57-10-52-91-49-90-53-45-55-39-17-95-20-50-13*5-77-107-108-4-36-64-92-18-15-83-105-27-17-95-50-20-32-13-21-59*99-69-30-29-43-44-92-18-15-2-45-38-80-97-1-61-0-56-39-17-50-65*62-12-74-47-60-16-103-7-52-100-67-98-18-9-23-33-76-14-102-31-19-24*29-30-43-26-82-19-22-85-94-27-17-78-65-39-56-0-87*32-50-65-0-61-1-87-55-101-94-105-81-6-24-31-102-33-99-69-76-14*21-13-32-50-65-39-55-63-12-103-7-37*16-60-74-47-41-12-62-8-35-15-3-19-33-99-69-30-26-72-44-92-18-67*51-71-86-28-21-59-27-101-55-45-63-53-62-91-49-90-35-93-98-67-18-9*84-25-104-40-10-52-100-93-3-22-85-6-86-28-59-27-32-17-39-78-0-97*55-87-97-1-0-56-65-17-95-59-28-86-51-88-71-31-102-19-82-44-48*22-66-9-23-82-26-43-30-44-92-18-93-34-15-2-45-55-39-78-17-27*20-50-95-27-94-83-15-18-67-92-64-96-73-106-57-42-5-77*15-3-66-93-18-92-64-11-73-89-52-49-90-8-63-55-39-78-65-56-0-1*95-17-56-61-1-97-58-47-60-74-38-55-101-27-21-28-86-51-71-88-102-31*20-95-68-50-32-13-28-21-59-27-94-83-15-35-49-7-25-104-70-16-103*14-76-102-51-86-28-21-68-20-75*44-26-43-30-69-76-14-31-22-6-81-105-27-17-65-61-1-0-80-63-55-101*13-50-65-56-61-1-0-87-55-101-94-105-81-6-24-22-19-31-14-76-99-33*32-95-50-68-21-28-86-6-85-54-3-9-92-64-96-42-5-77-107-108-36-48*58-47-74-60-41-12-63-2-15-54-85-24-102-88-71-31-22-6-3-81-86-21*18-66-93-100-91-8-63-45-87-38-53-90-49-52-89-11-64-36-108-5-107-77*21-28-86-6-3-66-18-92-64-109*29-30-43-72-79-64-11-89-52-10-70-7-49-90-91-8-35-15-83-3-66-34*96-89-52-7-37-57-106-11-64-92-18-3-6-86-71-31-88-102-24-19-85*80-55-39-56-65-17-95-20-68-59-27-105-83-34-18-92-64-36-107-77-5-42*16-47-74-60-58-38-45-2-83-15-54-24-102-71-88-31-33-14-99-69-43*29-30-43-26-82-19-85-94-105-27-95-50-75-20-17-56-39-55-38-63-80-0*88-51-102-31-23-9-18-100-52-7-104-41-60-74-38-63-2-94-105-81-85*