3_2_Mumford0_GA_Mutations RESULTS EVALUATION:
\
HV:0.7708 | BM:0.0000

\
	Operator	Passenger
\
f1_ATT	27.9310		15.5596
\
f2_TRT	125		450
\
d_0	32.2744		69.6049
\
d_1	38.7889		30.3951
\
d_2	23.5767		0.0000
\
d_un	5.3601		0.0000

\
Best Operator Route set:
\
[[5, 21],
[26, 0, 18, 22, 17, 11, 3, 1, 9, 23],
[5, 6, 21],
[5, 21],
[5, 21],
[5, 21],
[5, 21],
[13, 6, 15, 10, 27, 7, 20, 14, 24, 4],
[5, 21],
[5, 21],
[5, 21],
[8, 12, 19, 22, 25, 28, 16, 27, 29, 2]]

\
Best Passenger Route set:
\
[[8, 12, 19, 22, 25, 7, 27, 29, 2],
[2, 29, 27, 16, 28, 17, 19, 8, 12, 0, 18, 13, 6, 10, 15],
[11, 25, 28, 16, 6, 5, 21],
[8, 12, 19, 22, 25, 7, 27, 29, 2],
[9, 3, 1, 23, 20, 7, 16, 6, 5, 21, 10, 2, 29, 27],
[4, 24, 14, 11, 17, 22, 12, 8],
[3, 1, 24, 4, 7, 10, 21, 5, 6, 13, 18, 0, 12, 19],
[11, 25, 28, 16, 6, 5, 21],
[19, 22, 18, 0, 25, 7, 20, 14, 23, 3, 24, 4],
[8, 12, 19, 17, 28, 7, 20, 24],
[26, 0, 18, 22, 17, 11, 3, 1, 9, 14, 7, 27, 10, 15, 21],
[29, 2, 10, 15, 21, 6, 13, 18, 0, 28, 7, 4, 24]]

\
Best Operator Route set string:
\
5-21*26-0-18-22-17-11-3-1-9-23*5-6-21*5-21*5-21*5-21*5-21*13-6-15-10-27-7-20-14-24-4*5-21*5-21*5-21*8-12-19-22-25-28-16-27-29-2*

\
Best Passenger Route set sting:
\
8-12-19-22-25-7-27-29-2*2-29-27-16-28-17-19-8-12-0-18-13-6-10-15*11-25-28-16-6-5-21*8-12-19-22-25-7-27-29-2*9-3-1-23-20-7-16-6-5-21-10-2-29-27*4-24-14-11-17-22-12-8*3-1-24-4-7-10-21-5-6-13-18-0-12-19*11-25-28-16-6-5-21*19-22-18-0-25-7-20-14-23-3-24-4*8-12-19-17-28-7-20-24*26-0-18-22-17-11-3-1-9-14-7-27-10-15-21*29-2-10-15-21-6-13-18-0-28-7-4-24*