7_5_Mumford3_GA_Pop_size RESULTS EVALUATION:
\
HV:0.6008 | BM:0.6385

\
	Operator	Passenger
\
f1_ATT	36.6756		28.8132
\
f2_TRT	2338		5876
\
d_0	17.2200		43.1792
\
d_1	51.0440		54.9152
\
d_2	27.7547		1.9056
\
d_un	3.9813		0.0000

\
Best Operator Route set:
\
[[16, 114, 74, 49, 72, 66, 53, 14, 100, 78, 71, 96],
[16, 114, 74, 23, 72, 66, 53, 14, 100, 78, 71, 96],
[82, 93, 120, 0, 79, 37, 23, 53, 14, 61, 87, 110],
[64, 43, 104, 105, 63, 80, 66, 53, 14, 100, 71, 96],
[112, 45, 6, 73, 48, 2, 37, 23, 53, 14, 61, 108],
[16, 114, 74, 23, 72, 66, 53, 14, 100, 78, 71, 96],
[16, 114, 74, 23, 72, 66, 53, 14, 100, 78, 71, 96],
[60, 73, 48, 2, 49, 124, 70, 9, 80, 63, 58, 36],
[16, 114, 74, 23, 72, 66, 53, 14, 100, 78, 71, 96],
[55, 99, 48, 26, 7, 101, 88, 125, 21, 119, 8, 41],
[90, 98, 43, 104, 105, 58, 63, 80, 66, 14, 61, 108],
[16, 114, 74, 23, 72, 66, 53, 14, 100, 78, 71, 96],
[106, 61, 14, 53, 23, 74, 2, 79, 0, 101, 88, 121],
[34, 56, 12, 3, 71, 96, 78, 114, 16, 55, 60, 75],
[16, 114, 74, 66, 80, 63, 105, 104, 18, 109, 69, 4],
[10, 18, 109, 69, 43, 42, 89, 52, 118, 1, 77, 11],
[108, 14, 53, 23, 2, 79, 0, 101, 88, 121, 91, 35],
[28, 17, 42, 89, 52, 118, 1, 77, 11, 0, 48, 73],
[16, 114, 74, 23, 72, 66, 53, 14, 100, 78, 71, 96],
[96, 71, 78, 114, 16, 55, 45, 6, 60, 32, 20, 85],
[86, 10, 109, 69, 43, 113, 89, 51, 31, 38, 25, 91, 123],
[32, 60, 73, 48, 2, 49, 124, 70, 9, 80, 63, 58],
[95, 44, 120, 0, 79, 2, 37, 23, 53, 14, 61, 87],
[16, 114, 74, 23, 72, 66, 53, 14, 100, 78, 71, 96],
[16, 114, 74, 23, 72, 66, 53, 14, 100, 78, 71, 96],
[76, 92, 126, 48, 2, 37, 23, 53, 14, 61, 108, 102],
[71, 96, 78, 114, 16, 55, 45, 6, 60, 32, 20, 85],
[76, 92, 126, 48, 2, 37, 23, 53, 14, 100, 96, 71],
[16, 114, 74, 23, 72, 66, 53, 14, 100, 78, 71, 96],
[83, 50, 92, 126, 73, 48, 2, 37, 23, 53, 61, 108],
[16, 114, 74, 66, 80, 63, 105, 104, 18, 109, 69, 4],
[10, 18, 109, 69, 43, 42, 89, 52, 118, 1, 77, 11],
[13, 50, 40, 26, 11, 1, 27, 81, 29, 5, 24, 86, 117],
[19, 32, 60, 73, 48, 0, 11, 77, 1, 118, 52, 51],
[22, 57, 30, 33, 39, 46, 11, 0, 48, 99, 55, 16, 62],
[71, 96, 78, 114, 16, 55, 45, 6, 60, 32, 20, 85],
[16, 114, 23, 72, 66, 53, 14, 100, 96, 71, 78, 12],
[76, 92, 126, 48, 2, 37, 23, 53, 14, 61, 108, 102],
[16, 114, 74, 23, 72, 66, 53, 14, 100, 78, 71, 96],
[16, 114, 74, 66, 80, 63, 105, 104, 18, 109, 69, 4, 111, 103],
[31, 51, 52, 122, 94, 81, 80, 63, 105, 104, 59, 89],
[98, 43, 104, 105, 58, 63, 80, 66, 14, 61, 108, 115],
[54, 47, 51, 52, 122, 29, 5, 24, 87, 110, 84, 68],
[73, 48, 97, 11, 77, 67, 118, 52, 89, 17, 64, 111],
[16, 114, 74, 23, 72, 66, 53, 14, 100, 78, 71, 96],
[16, 114, 74, 23, 72, 66, 53, 14, 100, 78, 71, 96],
[16, 114, 74, 23, 72, 66, 53, 14, 100, 78, 71, 96],
[82, 44, 93, 120, 0, 79, 2, 23, 53, 61, 87, 110],
[107, 15, 3, 71, 96, 100, 14, 66, 80, 63, 105, 104],
[16, 114, 74, 23, 72, 66, 53, 14, 100, 78, 71, 96],
[76, 92, 126, 48, 2, 37, 23, 53, 14, 61, 108, 102],
[16, 114, 74, 66, 80, 63, 105, 104, 18, 109, 69, 4],
[16, 114, 74, 23, 72, 66, 53, 14, 100, 78, 71, 96],
[68, 3, 96, 71, 78, 114, 2, 79, 0, 101, 88, 121],
[16, 114, 74, 23, 72, 66, 53, 14, 100, 78, 71, 96],
[68, 3, 71, 96, 78, 114, 2, 79, 0, 101, 88, 121],
[16, 114, 74, 23, 72, 66, 53, 14, 100, 78, 71, 96],
[16, 114, 74, 23, 72, 66, 53, 14, 100, 78, 71, 96],
[56, 3, 96, 71, 78, 114, 2, 79, 0, 120, 116, 65],
[16, 114, 74, 23, 72, 66, 53, 14, 100, 78, 71, 96]]

\
Best Passenger Route set:
\
[[59, 17, 43, 69, 10, 86, 24, 5, 36, 9, 72, 49, 2, 48, 126, 92, 83, 13, 76, 50, 65, 7, 101, 120, 0],
[65, 50, 92, 19, 13, 83, 76, 85, 20, 32, 60, 6, 45, 55, 16, 114, 78, 71, 96, 100, 3, 12, 56, 15, 107],
[109, 69, 103, 98, 113, 90, 17, 59, 89, 52, 118, 1, 77, 11, 79, 97, 48, 73, 60, 75, 20, 85, 76, 83, 92],
[81, 122, 27, 1, 11, 26, 126, 92, 50, 19, 32, 60, 73, 48, 2, 49, 66, 80, 5, 24, 117, 10],
[119, 21, 22, 41, 57, 8, 30, 39, 46, 11, 2, 114, 78, 71, 96, 3, 12, 15, 107, 56, 84, 68, 34],
[116, 95, 50, 83, 92, 40, 65, 44, 82, 88, 39, 31, 51, 89, 42, 113, 43, 69, 109, 4, 18, 10, 86, 117],
[50, 40, 44, 82, 88, 25, 33, 41, 57, 30, 38, 52, 122, 29, 80, 66, 53, 14, 61, 106, 108, 102, 87, 24, 86],
[112, 16, 114, 74, 72, 124, 70, 80, 63, 105, 42, 89, 52, 118, 1, 11, 0, 26, 126, 92, 76, 85, 19, 20],
[85, 75, 19, 13, 50, 92, 20, 32, 60, 73, 48, 97, 2, 23, 53, 61, 108, 106, 87, 110, 84, 68, 12, 56],
[110, 68, 34, 56, 12, 3, 96, 78, 114, 16, 55, 60, 32, 20, 85, 19, 13, 95, 44, 116, 120, 26, 93, 101, 65],
[120, 116, 50, 19, 75, 60, 73, 45, 55, 16, 114, 74, 66, 80, 63, 105, 104, 18, 109, 69, 4, 10, 117, 86, 24],
[64, 111, 28, 42, 113, 90, 98, 103, 43, 59, 89, 52, 118, 1, 67, 77, 0, 48, 73, 60, 75, 32, 126, 26, 93],
[115, 108, 87, 84, 110, 68, 34, 56, 12, 78, 114, 2, 79, 0, 120, 65, 116, 95, 82, 91, 125, 35, 21, 119, 22],
[105, 43, 64, 4, 103, 69, 109, 86, 18, 104, 58, 63, 9, 124, 72, 49, 2, 48, 73, 126, 92, 76, 83, 50, 19],
[71, 100, 78, 12, 15, 56, 68, 84, 110, 87, 61, 53, 23, 2, 79, 0, 26, 40, 50, 13, 83, 92, 20, 32, 126],
[107, 15, 12, 3, 56, 34, 68, 84, 110, 87, 102, 24, 5, 29, 122, 52, 31, 47],
[98, 43, 59, 17, 28, 103, 69, 4, 109, 10, 86, 24, 36, 5, 9, 124, 49, 2, 48, 126, 92, 85, 19, 20, 50],
[54, 47, 38, 52, 51, 31, 33, 30, 57, 8, 41, 25, 88, 101, 7, 26, 48, 99, 55, 16, 62, 112, 60, 75, 20],
[110, 84, 68, 34, 56, 107, 12, 100, 14, 66, 9, 80, 29, 94, 122, 52, 51, 47, 54, 31, 89, 59],
[91, 88, 39, 30, 54, 47, 38, 25, 41, 33, 31, 51, 52, 122, 94, 81, 80, 66, 53, 14, 100, 12, 68, 34],
[84, 68, 56, 12, 107, 15, 3, 78, 114, 2, 79, 11, 7, 93, 88, 91, 123, 125, 121, 25, 33, 39, 46, 118],
[113, 42, 43, 4, 64, 28, 17, 89, 52, 118, 1, 11, 97, 48, 73, 6, 45, 112, 60, 75, 20, 50, 83, 76, 92],
[17, 113, 42, 28, 103, 4, 10, 18, 109, 69, 43, 59, 89, 51, 31, 39, 88, 82, 44, 95, 65, 40, 116, 120, 101],
[83, 50, 76, 85, 20, 32, 60, 112, 62, 16, 114, 74, 66, 80, 63, 58, 105, 104, 43, 64, 111, 4, 109, 18, 103],
[19, 76, 83, 92, 126, 26, 11, 1, 27, 52, 89, 17, 98, 42, 113],
[23, 114, 16, 62, 112, 60, 45, 6, 73, 48, 2, 49, 124, 9, 63, 105, 43, 103, 98, 17, 89, 42, 113, 90, 59],
[12, 100, 14, 53, 66, 80, 63, 58, 105, 43, 90, 113, 17, 98],
[91, 125, 121, 25, 39, 38, 54, 31, 51, 52, 122, 29, 5, 36, 24, 86, 18, 104, 59, 113, 43, 90, 42, 17],
[92, 20, 32, 6, 45, 112, 62, 16, 114, 74, 23, 49, 124, 66, 53, 14, 100, 78, 12, 3, 107, 15, 56, 34],
[21, 35, 123, 125, 121, 88, 25, 41, 57, 30, 33, 39, 46, 11, 79, 2, 114, 78, 71, 100, 96, 3, 12, 68, 34],
[6, 45, 73, 48, 2, 23, 53, 14, 61, 108, 106, 102, 87, 84, 56],
[112, 32, 60, 45, 6, 73, 99, 48, 79, 11, 1, 118, 52, 89, 17, 98, 28, 64, 103, 111, 4, 69, 109, 18, 104],
[55, 99, 73, 126, 92, 83, 13, 50, 40, 7, 11, 1, 27, 29, 5, 24, 86, 117, 10, 18, 103, 90, 113, 17],
[96, 71, 3, 12, 56, 84, 110, 87, 24, 5, 29, 122, 52, 38, 39, 30, 22, 119, 21, 8, 41, 25, 88, 101, 120],
[75, 32, 126, 26, 40, 82, 65, 116, 120, 0, 79, 37, 23, 53, 14, 61, 108, 87, 110, 68, 34, 56, 84],
[71, 100, 78, 12, 15, 107, 56, 84, 110, 87, 61, 53, 23, 2, 79, 0, 26, 40, 95, 123, 35, 8, 41, 21, 22],
[76, 50, 19, 92, 126, 26, 11, 1, 118, 52, 89, 42, 17, 64, 98, 113, 90, 43, 105, 104, 58, 63, 9, 70],
[8, 119, 21, 22, 35, 123, 95, 40, 7, 11, 1, 27, 29, 80, 66, 53, 14, 100, 96, 78, 3, 68, 56, 15, 107],
[68, 3, 12, 100, 78, 114, 2, 79, 0, 120, 93, 44, 116, 40, 65, 7, 26, 11, 67, 81, 94],
[75, 19, 92, 83, 50, 40, 116, 93, 88, 25, 39, 31, 89, 17, 64, 111, 28, 42, 59, 113],
[92, 40, 65, 44, 120, 93, 82, 91, 125, 22, 8, 41, 25, 88, 101, 7, 26, 48, 73, 6, 45, 112, 62, 16, 55],
[24, 86, 10, 117, 18, 69, 103, 43, 98, 113, 42, 105, 63, 80, 66, 14, 100, 96, 71, 3, 107],
[34, 68, 110, 87, 24, 36, 5, 63, 58, 104, 59, 89, 52, 51, 38, 54, 31, 33, 30, 25, 39, 46, 67, 81, 80],
[110, 84, 68, 34, 56, 12, 3, 71, 78, 114, 2, 79, 0, 101, 88, 91, 35, 125, 22, 8, 57, 30, 31, 39, 38],
[76, 83, 50, 65, 82, 88, 39, 31, 89, 113, 90, 103, 18],
[44, 65, 93, 116, 50, 40, 82, 91, 35, 22, 21, 8, 57, 30, 39, 46, 1, 77, 11, 2, 114, 16, 62, 112],
[44, 120, 26, 93, 65, 50, 83, 92, 126, 73, 48, 79, 2, 23, 53, 14, 61, 115, 106, 108, 87, 102, 24, 117, 86],
[70, 66, 124, 23, 53, 14, 61, 102, 24, 5, 29, 94, 122, 52, 38, 33, 30, 22, 119, 21, 125, 35, 91, 82, 116],
[68, 84, 110, 87, 61, 14, 53, 23, 2, 79, 0, 120, 44, 116, 65, 82, 88, 93, 101],
[34, 68, 12, 56, 107, 15, 3, 71, 96, 78, 114, 2, 79, 0, 101, 88, 125, 21, 119, 22, 41, 57, 30, 54],
[41, 57, 30, 33, 39, 38, 47, 54, 51, 52, 122, 29, 9, 70, 66, 14, 100, 12, 56, 15, 107, 3, 96, 78, 71],
[63, 80, 9, 66, 14, 100, 12, 15, 107, 3, 71, 96, 78, 114, 2, 79, 0, 101, 88, 121, 25, 30, 31, 52, 38],
[110, 87, 106, 108, 61, 102, 24, 86, 18, 109, 69, 43, 113, 42, 89, 31, 39, 88, 93, 40, 50, 83, 13, 76],
[13, 19, 85, 20, 76, 83, 92, 126, 73, 48, 2, 37, 23, 53, 61, 87, 84, 110, 68, 12, 107, 15, 3, 100, 71],
[27, 118, 46, 39, 88, 121, 125, 35, 21, 119, 8, 41, 30, 38, 52, 122, 29, 5, 24, 87, 110, 84, 68, 56, 34],
[112, 6, 45, 60, 32, 75, 20, 85, 76, 92, 126, 73, 48, 2, 23, 53, 61, 108, 102, 87, 110, 84, 68, 12, 56],
[86, 10, 4, 43, 90, 113, 89, 52, 118, 1, 11, 0, 26, 126, 48, 99, 55, 16, 112, 60],
[75, 19, 85, 20, 76, 13, 50, 83, 92, 126, 73, 48, 2, 23, 53, 61, 87, 106, 108, 14, 72, 124, 49, 74, 37],
[38, 31, 52, 51, 89, 59, 42, 90, 17, 28, 64, 43, 104, 58, 63, 80, 66, 74, 114, 16, 55, 6, 45, 73, 126],
[22, 8, 21, 57, 30, 54, 51, 52, 118, 1, 77, 11, 2, 74, 114, 16, 62, 112, 55, 60, 32, 126, 73, 48]]

\
Best Operator Route set string:
\
16-114-74-49-72-66-53-14-100-78-71-96*16-114-74-23-72-66-53-14-100-78-71-96*82-93-120-0-79-37-23-53-14-61-87-110*64-43-104-105-63-80-66-53-14-100-71-96*112-45-6-73-48-2-37-23-53-14-61-108*16-114-74-23-72-66-53-14-100-78-71-96*16-114-74-23-72-66-53-14-100-78-71-96*60-73-48-2-49-124-70-9-80-63-58-36*16-114-74-23-72-66-53-14-100-78-71-96*55-99-48-26-7-101-88-125-21-119-8-41*90-98-43-104-105-58-63-80-66-14-61-108*16-114-74-23-72-66-53-14-100-78-71-96*106-61-14-53-23-74-2-79-0-101-88-121*34-56-12-3-71-96-78-114-16-55-60-75*16-114-74-66-80-63-105-104-18-109-69-4*10-18-109-69-43-42-89-52-118-1-77-11*108-14-53-23-2-79-0-101-88-121-91-35*28-17-42-89-52-118-1-77-11-0-48-73*16-114-74-23-72-66-53-14-100-78-71-96*96-71-78-114-16-55-45-6-60-32-20-85*86-10-109-69-43-113-89-51-31-38-25-91-123*32-60-73-48-2-49-124-70-9-80-63-58*95-44-120-0-79-2-37-23-53-14-61-87*16-114-74-23-72-66-53-14-100-78-71-96*16-114-74-23-72-66-53-14-100-78-71-96*76-92-126-48-2-37-23-53-14-61-108-102*71-96-78-114-16-55-45-6-60-32-20-85*76-92-126-48-2-37-23-53-14-100-96-71*16-114-74-23-72-66-53-14-100-78-71-96*83-50-92-126-73-48-2-37-23-53-61-108*16-114-74-66-80-63-105-104-18-109-69-4*10-18-109-69-43-42-89-52-118-1-77-11*13-50-40-26-11-1-27-81-29-5-24-86-117*19-32-60-73-48-0-11-77-1-118-52-51*22-57-30-33-39-46-11-0-48-99-55-16-62*71-96-78-114-16-55-45-6-60-32-20-85*16-114-23-72-66-53-14-100-96-71-78-12*76-92-126-48-2-37-23-53-14-61-108-102*16-114-74-23-72-66-53-14-100-78-71-96*16-114-74-66-80-63-105-104-18-109-69-4-111-103*31-51-52-122-94-81-80-63-105-104-59-89*98-43-104-105-58-63-80-66-14-61-108-115*54-47-51-52-122-29-5-24-87-110-84-68*73-48-97-11-77-67-118-52-89-17-64-111*16-114-74-23-72-66-53-14-100-78-71-96*16-114-74-23-72-66-53-14-100-78-71-96*16-114-74-23-72-66-53-14-100-78-71-96*82-44-93-120-0-79-2-23-53-61-87-110*107-15-3-71-96-100-14-66-80-63-105-104*16-114-74-23-72-66-53-14-100-78-71-96*76-92-126-48-2-37-23-53-14-61-108-102*16-114-74-66-80-63-105-104-18-109-69-4*16-114-74-23-72-66-53-14-100-78-71-96*68-3-96-71-78-114-2-79-0-101-88-121*16-114-74-23-72-66-53-14-100-78-71-96*68-3-71-96-78-114-2-79-0-101-88-121*16-114-74-23-72-66-53-14-100-78-71-96*16-114-74-23-72-66-53-14-100-78-71-96*56-3-96-71-78-114-2-79-0-120-116-65*16-114-74-23-72-66-53-14-100-78-71-96*

\
Best Passenger Route set sting:
\
59-17-43-69-10-86-24-5-36-9-72-49-2-48-126-92-83-13-76-50-65-7-101-120-0*65-50-92-19-13-83-76-85-20-32-60-6-45-55-16-114-78-71-96-100-3-12-56-15-107*109-69-103-98-113-90-17-59-89-52-118-1-77-11-79-97-48-73-60-75-20-85-76-83-92*81-122-27-1-11-26-126-92-50-19-32-60-73-48-2-49-66-80-5-24-117-10*119-21-22-41-57-8-30-39-46-11-2-114-78-71-96-3-12-15-107-56-84-68-34*116-95-50-83-92-40-65-44-82-88-39-31-51-89-42-113-43-69-109-4-18-10-86-117*50-40-44-82-88-25-33-41-57-30-38-52-122-29-80-66-53-14-61-106-108-102-87-24-86*112-16-114-74-72-124-70-80-63-105-42-89-52-118-1-11-0-26-126-92-76-85-19-20*85-75-19-13-50-92-20-32-60-73-48-97-2-23-53-61-108-106-87-110-84-68-12-56*110-68-34-56-12-3-96-78-114-16-55-60-32-20-85-19-13-95-44-116-120-26-93-101-65*120-116-50-19-75-60-73-45-55-16-114-74-66-80-63-105-104-18-109-69-4-10-117-86-24*64-111-28-42-113-90-98-103-43-59-89-52-118-1-67-77-0-48-73-60-75-32-126-26-93*115-108-87-84-110-68-34-56-12-78-114-2-79-0-120-65-116-95-82-91-125-35-21-119-22*105-43-64-4-103-69-109-86-18-104-58-63-9-124-72-49-2-48-73-126-92-76-83-50-19*71-100-78-12-15-56-68-84-110-87-61-53-23-2-79-0-26-40-50-13-83-92-20-32-126*107-15-12-3-56-34-68-84-110-87-102-24-5-29-122-52-31-47*98-43-59-17-28-103-69-4-109-10-86-24-36-5-9-124-49-2-48-126-92-85-19-20-50*54-47-38-52-51-31-33-30-57-8-41-25-88-101-7-26-48-99-55-16-62-112-60-75-20*110-84-68-34-56-107-12-100-14-66-9-80-29-94-122-52-51-47-54-31-89-59*91-88-39-30-54-47-38-25-41-33-31-51-52-122-94-81-80-66-53-14-100-12-68-34*84-68-56-12-107-15-3-78-114-2-79-11-7-93-88-91-123-125-121-25-33-39-46-118*113-42-43-4-64-28-17-89-52-118-1-11-97-48-73-6-45-112-60-75-20-50-83-76-92*17-113-42-28-103-4-10-18-109-69-43-59-89-51-31-39-88-82-44-95-65-40-116-120-101*83-50-76-85-20-32-60-112-62-16-114-74-66-80-63-58-105-104-43-64-111-4-109-18-103*19-76-83-92-126-26-11-1-27-52-89-17-98-42-113*23-114-16-62-112-60-45-6-73-48-2-49-124-9-63-105-43-103-98-17-89-42-113-90-59*12-100-14-53-66-80-63-58-105-43-90-113-17-98*91-125-121-25-39-38-54-31-51-52-122-29-5-36-24-86-18-104-59-113-43-90-42-17*92-20-32-6-45-112-62-16-114-74-23-49-124-66-53-14-100-78-12-3-107-15-56-34*21-35-123-125-121-88-25-41-57-30-33-39-46-11-79-2-114-78-71-100-96-3-12-68-34*6-45-73-48-2-23-53-14-61-108-106-102-87-84-56*112-32-60-45-6-73-99-48-79-11-1-118-52-89-17-98-28-64-103-111-4-69-109-18-104*55-99-73-126-92-83-13-50-40-7-11-1-27-29-5-24-86-117-10-18-103-90-113-17*96-71-3-12-56-84-110-87-24-5-29-122-52-38-39-30-22-119-21-8-41-25-88-101-120*75-32-126-26-40-82-65-116-120-0-79-37-23-53-14-61-108-87-110-68-34-56-84*71-100-78-12-15-107-56-84-110-87-61-53-23-2-79-0-26-40-95-123-35-8-41-21-22*76-50-19-92-126-26-11-1-118-52-89-42-17-64-98-113-90-43-105-104-58-63-9-70*8-119-21-22-35-123-95-40-7-11-1-27-29-80-66-53-14-100-96-78-3-68-56-15-107*68-3-12-100-78-114-2-79-0-120-93-44-116-40-65-7-26-11-67-81-94*75-19-92-83-50-40-116-93-88-25-39-31-89-17-64-111-28-42-59-113*92-40-65-44-120-93-82-91-125-22-8-41-25-88-101-7-26-48-73-6-45-112-62-16-55*24-86-10-117-18-69-103-43-98-113-42-105-63-80-66-14-100-96-71-3-107*34-68-110-87-24-36-5-63-58-104-59-89-52-51-38-54-31-33-30-25-39-46-67-81-80*110-84-68-34-56-12-3-71-78-114-2-79-0-101-88-91-35-125-22-8-57-30-31-39-38*76-83-50-65-82-88-39-31-89-113-90-103-18*44-65-93-116-50-40-82-91-35-22-21-8-57-30-39-46-1-77-11-2-114-16-62-112*44-120-26-93-65-50-83-92-126-73-48-79-2-23-53-14-61-115-106-108-87-102-24-117-86*70-66-124-23-53-14-61-102-24-5-29-94-122-52-38-33-30-22-119-21-125-35-91-82-116*68-84-110-87-61-14-53-23-2-79-0-120-44-116-65-82-88-93-101*34-68-12-56-107-15-3-71-96-78-114-2-79-0-101-88-125-21-119-22-41-57-30-54*41-57-30-33-39-38-47-54-51-52-122-29-9-70-66-14-100-12-56-15-107-3-96-78-71*63-80-9-66-14-100-12-15-107-3-71-96-78-114-2-79-0-101-88-121-25-30-31-52-38*110-87-106-108-61-102-24-86-18-109-69-43-113-42-89-31-39-88-93-40-50-83-13-76*13-19-85-20-76-83-92-126-73-48-2-37-23-53-61-87-84-110-68-12-107-15-3-100-71*27-118-46-39-88-121-125-35-21-119-8-41-30-38-52-122-29-5-24-87-110-84-68-56-34*112-6-45-60-32-75-20-85-76-92-126-73-48-2-23-53-61-108-102-87-110-84-68-12-56*86-10-4-43-90-113-89-52-118-1-11-0-26-126-48-99-55-16-112-60*75-19-85-20-76-13-50-83-92-126-73-48-2-23-53-61-87-106-108-14-72-124-49-74-37*38-31-52-51-89-59-42-90-17-28-64-43-104-58-63-80-66-74-114-16-55-6-45-73-126*22-8-21-57-30-54-51-52-118-1-77-11-2-74-114-16-62-112-55-60-32-126-73-48*