33_2_Mumford0__ALL_param RESULTS EVALUATION:
\
HV:0.8005 | BM:0.8087

\
	Operator	Passenger
\
f1_ATT	34.8767		15.3820
\
f2_TRT	98		580
\
d_0	14.7767		66.8839
\
d_1	28.6942		32.7215
\
d_2	27.4112		0.3946
\
d_un	29.1180		0.0000

\
Best Operator Route set:
\
[[6, 15, 10],
[13, 18, 0, 22, 17],
[17, 12, 8],
[4, 24],
[22, 25, 28],
[2, 27, 7, 20, 24, 1],
[1, 9, 23, 14, 11, 17],
[5, 21, 10, 2, 29],
[0, 26],
[16, 27],
[3, 1],
[12, 19]]

\
Best Passenger Route set:
\
[[12, 18, 17, 11, 3, 1, 9, 14, 7, 27, 29, 2, 15, 5],
[14, 1, 24, 20, 4, 7, 25, 0, 26, 8],
[21, 15, 10, 16, 28, 17, 19, 22, 25, 11, 3, 14, 20, 4],
[4, 3, 1, 23, 14, 24, 7, 2, 16],
[11, 25, 28, 16, 15, 21, 6, 13, 0, 12, 19, 8, 26],
[16, 2, 29, 27, 7, 25, 22, 18, 0, 17, 12, 8, 26],
[29, 27, 10, 15, 6, 13, 18, 22, 19, 0],
[13, 18, 17, 28, 7, 20, 23, 3, 11, 25, 0, 12],
[29, 2, 10, 6, 13, 0, 22, 17, 11, 14, 23, 9],
[29, 15, 27, 10, 21, 5, 6, 16, 7, 14, 23, 3, 24],
[20, 23, 9, 3, 1, 4, 24, 7, 10, 15, 21, 2],
[22, 12, 8, 26, 0, 28, 16, 27, 2, 7, 20, 23]]

\
Best Operator Route set string:
\
6-15-10*13-18-0-22-17*17-12-8*4-24*22-25-28*2-27-7-20-24-1*1-9-23-14-11-17*5-21-10-2-29*0-26*16-27*3-1*12-19*

\
Best Passenger Route set sting:
\
12-18-17-11-3-1-9-14-7-27-29-2-15-5*14-1-24-20-4-7-25-0-26-8*21-15-10-16-28-17-19-22-25-11-3-14-20-4*4-3-1-23-14-24-7-2-16*11-25-28-16-15-21-6-13-0-12-19-8-26*16-2-29-27-7-25-22-18-0-17-12-8-26*29-27-10-15-6-13-18-22-19-0*13-18-17-28-7-20-23-3-11-25-0-12*29-2-10-6-13-0-22-17-11-14-23-9*29-15-27-10-21-5-6-16-7-14-23-3-24*20-23-9-3-1-4-24-7-10-15-21-2*22-12-8-26-0-28-16-27-2-7-20-23*