24_3_Mumford1_SA_Mutations_more RESULTS EVALUATION:
\
HV:0.7606 | BM:0.7758

\
	Operator	Passenger
\
f1_ATT	30.5445		23.0069
\
f2_TRT	524		1648
\
d_0	20.9187		50.3289
\
d_1	44.5750		47.9085
\
d_2	27.5412		1.7626
\
d_un	6.9651		0.0000

\
Best Operator Route set:
\
[[27, 41, 34, 58, 45, 36, 54, 18, 39, 32],
[40, 46, 53, 47, 6, 56, 28, 8, 51, 41],
[35, 51, 58, 64, 52, 20, 17, 61, 60, 44],
[23, 2, 0, 69, 3, 66, 19, 38, 22, 33],
[29, 48, 66, 19, 36, 22, 13, 50, 2, 14],
[25, 12, 41, 45, 34, 35, 51, 8, 26, 62],
[7, 4, 12, 25, 41, 34, 57, 35, 6, 47],
[50, 43, 20, 55, 10, 16, 26, 49, 15, 42],
[63, 21, 24, 30, 26, 16, 10, 20, 33, 22],
[5, 18, 54, 36, 45, 58, 64, 52, 10, 59],
[59, 68, 9, 11, 31, 1, 26, 8, 10, 16],
[49, 26, 16, 10, 55, 20, 13, 22, 19, 66],
[37, 65, 5, 54, 19, 22, 33, 43, 61, 60],
[21, 24, 30, 26, 16, 55, 10, 17, 61, 60],
[12, 25, 27, 41, 36, 54, 18, 5, 37, 67]]

\
Best Passenger Route set:
\
[[4, 25, 57, 58, 64, 52, 20, 13, 50, 2, 14, 61, 17, 10, 8, 56, 6, 47, 53, 7, 46, 40, 12, 27, 67, 37, 65, 18, 39],
[60, 44, 17, 55, 20, 13, 33, 22, 45, 34, 57, 51, 56, 28, 8, 26, 49, 9, 16, 10, 52, 64, 58, 41, 12, 27, 67, 5, 65, 37],
[55, 52, 64, 58, 35, 6, 21, 30, 15, 11, 59, 17, 20, 33, 22, 19, 54, 5, 37, 67, 27, 41, 51, 8, 26, 1, 31, 9],
[55, 10, 59, 68, 9, 16, 26, 49, 15, 62, 21, 6, 56, 51, 64, 52, 20, 17, 60, 44, 14, 2, 23, 69, 3, 48, 39, 32, 65, 5],
[40, 7, 46, 53, 4, 25, 27, 67, 37, 32, 39, 48, 69, 0, 50, 17, 20, 43, 61, 44],
[67, 5, 37, 18, 65, 54, 38, 66, 3, 0, 50, 33, 58, 35, 6, 47, 40, 4, 25, 41, 45, 22, 13, 43, 17, 10, 28, 8, 52, 64],
[37, 65, 18, 39, 48, 29, 69, 23, 50, 17, 59, 1, 26, 30, 24, 21, 63, 6, 56, 51, 58, 33, 43, 61, 14],
[48, 3, 0, 2, 50, 33, 58, 34, 41, 35, 51, 56, 8, 55, 17, 44, 60, 61, 43, 13, 22, 36, 54, 18, 39, 32, 5],
[31, 11, 68, 1, 26, 8, 52, 64, 58, 45, 36, 54, 18, 39, 48, 66, 38, 69, 0, 50, 13],
[67, 37, 65, 19, 38, 3, 29, 66, 48, 39, 18, 5, 32, 54, 36, 41, 57, 35, 6, 63, 30, 26, 16, 55, 20, 43, 50, 23, 0],
[40, 46, 7, 4, 12, 41, 36, 38, 66, 69, 23, 3, 29, 19, 18, 5, 67, 65],
[4, 12, 25, 57, 51, 56, 28, 10, 16, 26, 1, 49, 42, 62, 21, 6, 35, 41, 36, 38, 3, 29, 69, 19, 66, 54, 65, 39, 48],
[0, 2, 50, 13, 22, 36, 45, 34, 57, 51, 35, 6, 47, 40, 46],
[4, 12, 25, 27, 67, 37, 18, 66, 3, 0, 50, 43, 20, 52, 8, 51, 34, 45, 36, 54, 19, 29, 23, 2, 14, 61],
[47, 40, 12, 4, 25, 34, 35, 64, 52, 55, 10, 16, 1, 49, 11, 68, 9, 17, 43, 33, 22, 38, 54, 18, 32, 65, 37, 5, 67]]

\
Best Operator Route set string:
\
27-41-34-58-45-36-54-18-39-32*40-46-53-47-6-56-28-8-51-41*35-51-58-64-52-20-17-61-60-44*23-2-0-69-3-66-19-38-22-33*29-48-66-19-36-22-13-50-2-14*25-12-41-45-34-35-51-8-26-62*7-4-12-25-41-34-57-35-6-47*50-43-20-55-10-16-26-49-15-42*63-21-24-30-26-16-10-20-33-22*5-18-54-36-45-58-64-52-10-59*59-68-9-11-31-1-26-8-10-16*49-26-16-10-55-20-13-22-19-66*37-65-5-54-19-22-33-43-61-60*21-24-30-26-16-55-10-17-61-60*12-25-27-41-36-54-18-5-37-67*

\
Best Passenger Route set sting:
\
4-25-57-58-64-52-20-13-50-2-14-61-17-10-8-56-6-47-53-7-46-40-12-27-67-37-65-18-39*60-44-17-55-20-13-33-22-45-34-57-51-56-28-8-26-49-9-16-10-52-64-58-41-12-27-67-5-65-37*55-52-64-58-35-6-21-30-15-11-59-17-20-33-22-19-54-5-37-67-27-41-51-8-26-1-31-9*55-10-59-68-9-16-26-49-15-62-21-6-56-51-64-52-20-17-60-44-14-2-23-69-3-48-39-32-65-5*40-7-46-53-4-25-27-67-37-32-39-48-69-0-50-17-20-43-61-44*67-5-37-18-65-54-38-66-3-0-50-33-58-35-6-47-40-4-25-41-45-22-13-43-17-10-28-8-52-64*37-65-18-39-48-29-69-23-50-17-59-1-26-30-24-21-63-6-56-51-58-33-43-61-14*48-3-0-2-50-33-58-34-41-35-51-56-8-55-17-44-60-61-43-13-22-36-54-18-39-32-5*31-11-68-1-26-8-52-64-58-45-36-54-18-39-48-66-38-69-0-50-13*67-37-65-19-38-3-29-66-48-39-18-5-32-54-36-41-57-35-6-63-30-26-16-55-20-43-50-23-0*40-46-7-4-12-41-36-38-66-69-23-3-29-19-18-5-67-65*4-12-25-57-51-56-28-10-16-26-1-49-42-62-21-6-35-41-36-38-3-29-69-19-66-54-65-39-48*0-2-50-13-22-36-45-34-57-51-35-6-47-40-46*4-12-25-27-67-37-18-66-3-0-50-43-20-52-8-51-34-45-36-54-19-29-23-2-14-61*47-40-12-4-25-34-35-64-52-55-10-16-1-49-11-68-9-17-43-33-22-38-54-18-32-65-37-5-67*