24_2_Mumford0_SA_Mutations_more RESULTS EVALUATION:
\
HV:0.8194 | BM:0.8087

\
	Operator	Passenger
\
f1_ATT	25.5013		15.1569
\
f2_TRT	97		511
\
d_0	24.8656		73.1178
\
d_1	41.7699		26.3649
\
d_2	25.0701		0.5173
\
d_un	8.2944		0.0000

\
Best Operator Route set:
\
[[0, 18],
[29, 2],
[12, 19, 17, 22, 0, 25, 7, 27, 16, 6, 21, 5],
[15, 10],
[7, 20, 24, 14, 23, 3, 1, 9],
[0, 26],
[19, 8],
[27, 10],
[27, 29],
[24, 4],
[6, 13],
[28, 25, 11]]

\
Best Passenger Route set:
\
[[15, 2, 27, 16, 28, 17, 22, 18, 13, 6, 21],
[4, 23],
[3, 9, 1, 23, 20, 7, 27, 15, 21, 5, 6, 16, 28, 25],
[8, 12, 17, 11, 14, 24, 20],
[27, 2, 6, 13, 0],
[11, 25, 0, 13, 6, 5, 21, 10, 7, 14, 9, 1, 3, 23],
[9, 3, 1, 24, 4, 7, 28, 0, 26, 8, 19, 18, 13, 6],
[9, 23, 1, 3, 4, 20, 24, 14, 7, 27, 10, 15, 29],
[12, 19, 17, 11, 3, 1, 24, 7, 2, 29, 15, 16],
[25, 22, 12, 0, 18, 13, 6, 10, 15, 16, 28, 17, 19, 8],
[15, 5, 21, 2, 29, 27, 7, 25, 22, 19, 12, 8, 26],
[13, 18, 0, 22, 17, 11, 3, 1, 9, 23, 14, 7, 16, 6]]

\
Best Operator Route set string:
\
0-18*29-2*12-19-17-22-0-25-7-27-16-6-21-5*15-10*7-20-24-14-23-3-1-9*0-26*19-8*27-10*27-29*24-4*6-13*28-25-11*

\
Best Passenger Route set sting:
\
15-2-27-16-28-17-22-18-13-6-21*4-23*3-9-1-23-20-7-27-15-21-5-6-16-28-25*8-12-17-11-14-24-20*27-2-6-13-0*11-25-0-13-6-5-21-10-7-14-9-1-3-23*9-3-1-24-4-7-28-0-26-8-19-18-13-6*9-23-1-3-4-20-24-14-7-27-10-15-29*12-19-17-11-3-1-24-7-2-29-15-16*25-22-12-0-18-13-6-10-15-16-28-17-19-8*15-5-21-2-29-27-7-25-22-19-12-8-26*13-18-0-22-17-11-3-1-9-23-14-7-16-6*