23_3_Mumford1_SA_Mutations RESULTS EVALUATION:
\
HV:0.7432 | BM:0.7758

\
	Operator	Passenger
\
f1_ATT	29.6263		23.5699
\
f2_TRT	534		1037
\
d_0	23.8271		44.0179
\
d_1	53.5659		54.2465
\
d_2	20.2973		1.7356
\
d_un	2.3098		0.0000

\
Best Operator Route set:
\
[[27, 41, 34, 58, 64, 52, 20, 17, 61, 60],
[46, 40, 53, 47, 6, 56, 28, 8, 10, 59],
[32, 39, 18, 54, 36, 45, 58, 51, 35, 6],
[23, 2, 0, 69, 3, 66, 19, 38, 22, 33],
[29, 48, 66, 19, 36, 45, 34, 35, 51, 8, 26, 62],
[4, 25, 12, 41, 45, 22, 13, 50, 2, 14],
[7, 4, 12, 25, 41, 34, 57, 35, 6, 47],
[50, 43, 20, 55, 10, 16, 26, 30, 24, 21],
[63, 21, 24, 30, 26, 16, 10, 17, 61, 60, 44],
[5, 18, 54, 36, 45, 58, 64, 52, 10, 16],
[68, 9, 11, 31, 1, 26, 8, 51, 41, 45],
[49, 26, 16, 10, 55, 20, 33, 22, 19, 66],
[37, 65, 5, 54, 19, 22, 33, 43, 61, 60],
[22, 33, 20, 55, 10, 16, 26, 49, 15, 42],
[12, 25, 27, 41, 36, 54, 18, 5, 37, 67]]

\
Best Passenger Route set:
\
[[65, 39, 18, 66, 3, 0, 2, 50, 13, 22, 45, 41, 25, 12, 4, 53, 47, 6, 35, 58, 33, 43, 61, 60, 44],
[1, 68, 9, 49, 26, 8, 52, 64, 58, 45, 36, 19, 18, 65, 5, 67],
[32, 39, 48, 29, 23, 50, 43, 17, 59, 1, 49, 15, 42, 30, 26, 8, 10, 52],
[60, 14, 61, 17, 20, 52, 8, 28, 56, 51, 41, 36, 38, 3, 23],
[44, 61, 43, 13, 22, 36, 54, 5, 37, 67],
[5, 32, 18, 66, 69, 0, 2, 14, 44, 61, 17, 10, 16, 26, 30, 24, 21],
[40, 7, 53, 47, 6, 63, 30, 26, 16, 55, 20, 43],
[22, 33, 13, 20, 55, 10, 28, 8, 51, 35, 41, 27, 67, 37, 65, 5, 54, 19, 69, 23, 0, 50, 43, 17, 9, 68, 11, 31],
[60, 17, 20, 52, 64, 35, 57, 25, 12, 41, 34, 51, 8, 55, 10, 28, 56, 6, 47, 40, 46],
[15, 62, 26, 8, 51, 34, 45, 36, 54, 18, 39, 48, 69, 3, 19, 22],
[29, 69, 0, 50, 33, 58, 34, 25, 4, 7, 46, 40, 12, 41, 36, 19, 66, 48],
[51, 57, 41, 35, 58, 64, 52, 55, 10, 59, 11, 31, 1, 26, 8, 28, 56, 6, 21],
[37, 32, 54, 38, 22, 33, 20, 17, 59, 9, 68, 11, 15],
[30, 15, 42, 62, 24, 21, 63, 6, 35, 34, 45, 36, 38, 69, 29, 48, 66],
[4, 12, 25, 27, 67, 65, 37, 32, 39, 48]]

\
Best Operator Route set string:
\
27-41-34-58-64-52-20-17-61-60*46-40-53-47-6-56-28-8-10-59*32-39-18-54-36-45-58-51-35-6*23-2-0-69-3-66-19-38-22-33*29-48-66-19-36-45-34-35-51-8-26-62*4-25-12-41-45-22-13-50-2-14*7-4-12-25-41-34-57-35-6-47*50-43-20-55-10-16-26-30-24-21*63-21-24-30-26-16-10-17-61-60-44*5-18-54-36-45-58-64-52-10-16*68-9-11-31-1-26-8-51-41-45*49-26-16-10-55-20-33-22-19-66*37-65-5-54-19-22-33-43-61-60*22-33-20-55-10-16-26-49-15-42*12-25-27-41-36-54-18-5-37-67*

\
Best Passenger Route set sting:
\
65-39-18-66-3-0-2-50-13-22-45-41-25-12-4-53-47-6-35-58-33-43-61-60-44*1-68-9-49-26-8-52-64-58-45-36-19-18-65-5-67*32-39-48-29-23-50-43-17-59-1-49-15-42-30-26-8-10-52*60-14-61-17-20-52-8-28-56-51-41-36-38-3-23*44-61-43-13-22-36-54-5-37-67*5-32-18-66-69-0-2-14-44-61-17-10-16-26-30-24-21*40-7-53-47-6-63-30-26-16-55-20-43*22-33-13-20-55-10-28-8-51-35-41-27-67-37-65-5-54-19-69-23-0-50-43-17-9-68-11-31*60-17-20-52-64-35-57-25-12-41-34-51-8-55-10-28-56-6-47-40-46*15-62-26-8-51-34-45-36-54-18-39-48-69-3-19-22*29-69-0-50-33-58-34-25-4-7-46-40-12-41-36-19-66-48*51-57-41-35-58-64-52-55-10-59-11-31-1-26-8-28-56-6-21*37-32-54-38-22-33-20-17-59-9-68-11-15*30-15-42-62-24-21-63-6-35-34-45-36-38-69-29-48-66*4-12-25-27-67-65-37-32-39-48*