9_3_Mumford1_GA_Mut_prob RESULTS EVALUATION:
\
HV:0.7709 | BM:0.7758

\
	Operator	Passenger
\
f1_ATT	31.8763		22.9874
\
f2_TRT	487		1786
\
d_0	19.0798		50.3123
\
d_1	46.9605		47.7284
\
d_2	31.1136		1.9593
\
d_un	2.8461		0.0000

\
Best Operator Route set:
\
[[13, 20, 55, 10, 16, 26, 30, 24, 21, 63],
[0, 50, 43, 20, 10, 16, 26, 30, 24, 21],
[29, 48, 66, 19, 36, 45, 34, 51, 8, 28],
[33, 20, 55, 10, 16, 26, 49, 15, 42, 62],
[7, 53, 47, 6, 56, 8, 10, 59, 68, 9],
[14, 44, 60, 61, 17, 10, 16, 26, 30, 24],
[68, 9, 11, 31, 1, 16, 26, 8, 51, 35],
[39, 18, 54, 36, 45, 58, 51, 64, 52, 10],
[44, 60, 61, 17, 10, 16, 26, 30, 24, 21],
[0, 2, 23, 69, 3, 66, 19, 38, 22, 33],
[46, 40, 7, 4, 12, 25, 41, 34, 57, 35],
[39, 32, 5, 18, 54, 36, 45, 58, 64, 52],
[33, 20, 55, 10, 16, 26, 49, 15, 42, 62],
[46, 40, 7, 4, 12, 25, 41, 34, 57, 35],
[27, 67, 37, 65, 5, 54, 19, 22, 33, 43]]

\
Best Passenger Route set:
\
[[52, 64, 51, 35, 34, 45, 22, 13, 43, 61, 44, 14, 2, 50, 33, 58, 41, 25, 4, 7, 40, 46, 53, 47, 6, 21, 24, 62, 49, 1],
[20, 17, 9, 31, 11, 1, 26, 8, 56, 6, 47, 7, 40, 53, 4, 25, 34, 35, 57, 41, 36, 54, 18, 39, 48, 3, 38, 19, 66, 29],
[47, 53, 46, 7, 40, 4, 25, 34, 51, 8, 26, 1, 9, 16, 55, 10, 28, 56, 6, 63, 24, 21, 30, 15, 42, 49, 11, 31],
[43, 13, 20, 55, 8, 26, 30, 21, 24, 63, 6, 35, 57, 41, 45, 36, 38, 19, 29, 69, 48, 3, 23, 2, 0, 50, 33, 58, 51, 56],
[2, 23, 29, 3, 69, 66, 19, 65, 67, 37, 5, 32, 18, 54, 36, 45, 58, 64, 52, 8, 26, 49, 15, 42, 62, 24, 21, 63, 30],
[61, 14, 2, 0, 3, 66, 54, 38, 19, 18, 32, 39, 48, 29, 69, 23, 50, 43, 17, 59, 9, 68, 1, 16, 26, 49, 15, 30, 24],
[53, 4, 25, 27, 41, 51, 56, 8, 10, 59, 68, 11, 9, 17, 20, 33, 22, 19, 54, 18, 39, 48, 66, 38, 36, 45, 34, 58, 35, 6],
[12, 25, 57, 35, 6, 21, 24, 30, 26, 16, 10, 20, 43, 50, 0, 3, 38, 36, 45, 41, 27, 67, 5, 65, 18, 66, 54],
[48, 69, 66, 19, 22, 33, 13, 43, 17, 59, 9, 49, 1, 26, 8, 51, 41, 45, 36, 54, 18, 39, 32, 37, 5, 67, 65],
[58, 45, 41, 27, 12, 40, 53, 7, 4, 25, 57, 51, 64, 52, 20, 17, 61, 44, 14, 2, 50, 23, 29, 19, 66, 38],
[57, 41, 27, 67, 37, 5, 54, 38, 22, 33, 20, 10, 16, 26, 30, 62, 42, 15, 49, 9, 11, 31, 1, 59, 17, 55],
[57, 34, 58, 33, 13, 43, 61, 60, 17, 59, 10, 55, 52, 64, 51, 35, 41, 27, 67, 37, 5, 65, 54, 66, 3, 19, 38, 36],
[43, 13, 22, 36, 45, 41, 12, 4, 53, 47, 6, 56, 8, 28, 10, 17, 61, 44, 14, 2, 50, 23, 69, 38, 19, 18, 37, 32, 39],
[18, 54, 66, 3, 23, 69, 0, 2, 50, 17, 44, 14, 60, 61, 43, 33, 58, 41, 12, 4, 7, 40, 53, 47, 6, 63, 24, 62, 15, 11],
[30, 42, 62, 24, 63, 6, 35, 34, 45, 36, 38, 19, 66, 69, 23, 29, 48, 39, 65, 54, 18, 37, 67, 27, 12, 40, 46]]

\
Best Operator Route set string:
\
13-20-55-10-16-26-30-24-21-63*0-50-43-20-10-16-26-30-24-21*29-48-66-19-36-45-34-51-8-28*33-20-55-10-16-26-49-15-42-62*7-53-47-6-56-8-10-59-68-9*14-44-60-61-17-10-16-26-30-24*68-9-11-31-1-16-26-8-51-35*39-18-54-36-45-58-51-64-52-10*44-60-61-17-10-16-26-30-24-21*0-2-23-69-3-66-19-38-22-33*46-40-7-4-12-25-41-34-57-35*39-32-5-18-54-36-45-58-64-52*33-20-55-10-16-26-49-15-42-62*46-40-7-4-12-25-41-34-57-35*27-67-37-65-5-54-19-22-33-43*

\
Best Passenger Route set sting:
\
52-64-51-35-34-45-22-13-43-61-44-14-2-50-33-58-41-25-4-7-40-46-53-47-6-21-24-62-49-1*20-17-9-31-11-1-26-8-56-6-47-7-40-53-4-25-34-35-57-41-36-54-18-39-48-3-38-19-66-29*47-53-46-7-40-4-25-34-51-8-26-1-9-16-55-10-28-56-6-63-24-21-30-15-42-49-11-31*43-13-20-55-8-26-30-21-24-63-6-35-57-41-45-36-38-19-29-69-48-3-23-2-0-50-33-58-51-56*2-23-29-3-69-66-19-65-67-37-5-32-18-54-36-45-58-64-52-8-26-49-15-42-62-24-21-63-30*61-14-2-0-3-66-54-38-19-18-32-39-48-29-69-23-50-43-17-59-9-68-1-16-26-49-15-30-24*53-4-25-27-41-51-56-8-10-59-68-11-9-17-20-33-22-19-54-18-39-48-66-38-36-45-34-58-35-6*12-25-57-35-6-21-24-30-26-16-10-20-43-50-0-3-38-36-45-41-27-67-5-65-18-66-54*48-69-66-19-22-33-13-43-17-59-9-49-1-26-8-51-41-45-36-54-18-39-32-37-5-67-65*58-45-41-27-12-40-53-7-4-25-57-51-64-52-20-17-61-44-14-2-50-23-29-19-66-38*57-41-27-67-37-5-54-38-22-33-20-10-16-26-30-62-42-15-49-9-11-31-1-59-17-55*57-34-58-33-13-43-61-60-17-59-10-55-52-64-51-35-41-27-67-37-5-65-54-66-3-19-38-36*43-13-22-36-45-41-12-4-53-47-6-56-8-28-10-17-61-44-14-2-50-23-69-38-19-18-37-32-39*18-54-66-3-23-69-0-2-50-17-44-14-60-61-43-33-58-41-12-4-7-40-53-47-6-63-24-62-15-11*30-42-62-24-63-6-35-34-45-36-38-19-66-69-23-29-48-39-65-54-18-37-67-27-12-40-46*