33_2_Mumford0__ALL_param RESULTS EVALUATION:
\
HV:0.7925 | BM:0.8087

\
	Operator	Passenger
\
f1_ATT	34.6389		15.6591
\
f2_TRT	98		612
\
d_0	14.8030		64.1133
\
d_1	28.3493		35.1502
\
d_2	27.7677		0.7365
\
d_un	29.0800		0.0000

\
Best Operator Route set:
\
[[6, 10, 15],
[13, 18, 0, 22, 17],
[17, 19, 8],
[4, 24],
[22, 25, 28],
[2, 27, 7, 20, 24, 1],
[1, 9, 23, 14, 11, 17],
[5, 21, 10, 2, 29],
[0, 26],
[16, 27],
[3, 1],
[12, 19]]

\
Best Passenger Route set:
\
[[27, 16, 6, 5, 15, 10, 7, 24, 3, 9, 23, 4],
[18, 22, 17, 11, 14, 23, 20, 7, 27, 29, 15],
[24, 1, 4, 7, 10, 6, 13, 0, 25, 11, 14, 23, 9],
[23, 4, 20, 7, 25, 0, 26, 8, 19],
[1, 9, 14, 20, 24, 3, 4, 7, 27, 2, 15, 6, 13, 18, 22],
[21, 10, 29, 27, 16, 28, 0, 18, 12, 17],
[27, 15, 16, 7, 20, 24, 1, 3, 11, 17, 0],
[9, 3, 11, 17, 12, 8, 19, 22, 25, 7, 27, 10, 21, 5],
[22, 17, 11, 3, 1, 4, 24, 20, 7, 2, 21, 6, 16, 28],
[26, 8, 19, 0, 18, 22, 17, 28, 7, 20, 14, 9, 3, 24],
[16, 28, 17, 19, 18, 0, 25, 7, 10, 15, 5],
[12, 22, 25, 7, 2, 6, 13, 0, 26, 8, 19, 17, 11, 3]]

\
Best Operator Route set string:
\
6-10-15*13-18-0-22-17*17-19-8*4-24*22-25-28*2-27-7-20-24-1*1-9-23-14-11-17*5-21-10-2-29*0-26*16-27*3-1*12-19*

\
Best Passenger Route set sting:
\
27-16-6-5-15-10-7-24-3-9-23-4*18-22-17-11-14-23-20-7-27-29-15*24-1-4-7-10-6-13-0-25-11-14-23-9*23-4-20-7-25-0-26-8-19*1-9-14-20-24-3-4-7-27-2-15-6-13-18-22*21-10-29-27-16-28-0-18-12-17*27-15-16-7-20-24-1-3-11-17-0*9-3-11-17-12-8-19-22-25-7-27-10-21-5*22-17-11-3-1-4-24-20-7-2-21-6-16-28*26-8-19-0-18-22-17-28-7-20-14-9-3-24*16-28-17-19-18-0-25-7-10-15-5*12-22-25-7-2-6-13-0-26-8-19-17-11-3*