33_3_Mumford1__ALL_param RESULTS EVALUATION:
\
HV:0.7569 | BM:0.7758

\
	Operator	Passenger
\
f1_ATT	26.6861		23.1075
\
f2_TRT	525		1609
\
d_0	24.1936		50.6336
\
d_1	56.2380		47.1885
\
d_2	17.9870		2.1779
\
d_un	1.5814		0.0000

\
Best Operator Route set:
\
[[14, 61, 17, 10, 16, 26, 30, 24, 21, 63],
[50, 23, 69, 3, 66, 54, 5, 37, 67, 27],
[9, 68, 11, 31, 1, 26, 8, 51, 34, 57],
[8, 28, 56, 51, 58, 45, 36, 54, 18, 32],
[59, 10, 8, 56, 6, 47, 53, 7, 40, 46],
[13, 33, 58, 34, 41, 27, 67, 37, 65, 5],
[43, 50, 23, 69, 29, 48, 39, 18, 65, 37],
[44, 60, 61, 17, 43, 33, 58, 64, 51, 35],
[18, 19, 66, 38, 36, 45, 41, 12, 25, 27],
[19, 3, 69, 0, 2, 50, 33, 58, 35, 57],
[66, 19, 36, 45, 34, 35, 6, 63, 24, 62],
[4, 12, 41, 51, 8, 26, 49, 15, 42, 62],
[58, 64, 52, 55, 17, 59, 68, 9, 11, 49],
[54, 19, 38, 22, 33, 20, 55, 10, 16, 1],
[23, 69, 38, 36, 41, 25, 4, 7, 40, 46]]

\
Best Passenger Route set:
\
[[53, 46, 7, 4, 25, 34, 51, 8, 26, 1, 11, 31],
[53, 47, 6, 21, 63, 30, 26, 16, 10, 17, 43, 13, 20, 52, 8, 56, 51, 58, 33, 22, 19, 66, 18, 5, 37, 67, 27, 12, 4, 40],
[14, 60, 17, 20, 55, 52, 64, 35, 57, 25, 41, 45, 22, 13, 50, 2, 0, 3, 23],
[46, 40, 7, 47, 6, 63, 24, 42, 15, 49, 1, 59, 17, 43, 33, 58, 34, 41, 27, 25, 12],
[33, 22, 19, 29, 48, 39, 18, 5, 37, 65, 54, 66, 3, 0, 50, 17, 9, 31, 11, 68, 59, 10, 8, 28, 56, 51, 34, 41, 12],
[42, 15, 49, 62, 24, 21, 63, 6, 35, 41, 36, 19, 66, 29, 48, 39, 65, 67, 18, 69, 38, 22, 13, 43, 33, 58, 51, 64, 52],
[20, 52, 64, 58, 57, 35, 6, 63, 21, 62, 42, 15, 49, 26, 8, 51, 41, 27, 67, 5, 65, 32, 39, 48, 66, 69, 23, 50, 2, 14],
[59, 11, 15, 30, 26, 49, 9, 68, 1, 16, 10, 55, 52, 64, 51, 57, 34, 41, 45, 22, 19, 65, 37, 32, 39, 48, 29, 69, 18, 54],
[55, 20, 13, 50, 0, 3, 48, 39, 65, 5, 18, 54, 36, 45, 58, 64, 52, 10, 59, 68, 9, 11, 31, 1, 16, 26, 49, 42, 30, 62],
[12, 25, 27, 67, 37, 65, 54, 19, 18, 69, 3, 38, 36, 41, 57, 51, 35, 58, 33, 22, 13, 43, 61, 44, 14, 2, 0, 23, 29, 48],
[61, 60, 44, 17, 55, 8, 56, 6, 63, 24, 30, 26, 16, 10, 20, 43, 50, 23, 69, 29, 48, 3, 38, 54, 32, 39],
[24, 21, 6, 56, 8, 52, 10, 17, 59, 11, 49, 42, 62, 26, 16, 55, 20, 33, 22, 38, 18, 32, 39],
[36, 45, 41, 27, 67, 37, 65, 5, 18, 69, 0, 2, 14, 44, 60, 17, 10, 8, 28, 56, 6, 47, 53, 40, 7, 4, 25, 34, 58, 33],
[44, 14, 61, 17, 10, 8, 56, 6, 47, 53, 4, 7, 46],
[25, 27, 67, 65, 18, 54, 36, 45, 34, 35, 6, 47, 53, 46, 40, 7, 4, 12, 41, 58, 33, 13, 50, 0, 23, 29, 3, 38, 66, 19]]

\
Best Operator Route set string:
\
14-61-17-10-16-26-30-24-21-63*50-23-69-3-66-54-5-37-67-27*9-68-11-31-1-26-8-51-34-57*8-28-56-51-58-45-36-54-18-32*59-10-8-56-6-47-53-7-40-46*13-33-58-34-41-27-67-37-65-5*43-50-23-69-29-48-39-18-65-37*44-60-61-17-43-33-58-64-51-35*18-19-66-38-36-45-41-12-25-27*19-3-69-0-2-50-33-58-35-57*66-19-36-45-34-35-6-63-24-62*4-12-41-51-8-26-49-15-42-62*58-64-52-55-17-59-68-9-11-49*54-19-38-22-33-20-55-10-16-1*23-69-38-36-41-25-4-7-40-46*

\
Best Passenger Route set sting:
\
53-46-7-4-25-34-51-8-26-1-11-31*53-47-6-21-63-30-26-16-10-17-43-13-20-52-8-56-51-58-33-22-19-66-18-5-37-67-27-12-4-40*14-60-17-20-55-52-64-35-57-25-41-45-22-13-50-2-0-3-23*46-40-7-47-6-63-24-42-15-49-1-59-17-43-33-58-34-41-27-25-12*33-22-19-29-48-39-18-5-37-65-54-66-3-0-50-17-9-31-11-68-59-10-8-28-56-51-34-41-12*42-15-49-62-24-21-63-6-35-41-36-19-66-29-48-39-65-67-18-69-38-22-13-43-33-58-51-64-52*20-52-64-58-57-35-6-63-21-62-42-15-49-26-8-51-41-27-67-5-65-32-39-48-66-69-23-50-2-14*59-11-15-30-26-49-9-68-1-16-10-55-52-64-51-57-34-41-45-22-19-65-37-32-39-48-29-69-18-54*55-20-13-50-0-3-48-39-65-5-18-54-36-45-58-64-52-10-59-68-9-11-31-1-16-26-49-42-30-62*12-25-27-67-37-65-54-19-18-69-3-38-36-41-57-51-35-58-33-22-13-43-61-44-14-2-0-23-29-48*61-60-44-17-55-8-56-6-63-24-30-26-16-10-20-43-50-23-69-29-48-3-38-54-32-39*24-21-6-56-8-52-10-17-59-11-49-42-62-26-16-55-20-33-22-38-18-32-39*36-45-41-27-67-37-65-5-18-69-0-2-14-44-60-17-10-8-28-56-6-47-53-40-7-4-25-34-58-33*44-14-61-17-10-8-56-6-47-53-4-7-46*25-27-67-65-18-54-36-45-34-35-6-47-53-46-40-7-4-12-41-58-33-13-50-0-23-29-3-38-66-19*