3_3_Mumford1_GA_Mutations RESULTS EVALUATION:
\
HV:0.7336 | BM:0.7758

\
	Operator	Passenger
\
f1_ATT	29.8899		23.7693
\
f2_TRT	545		1085
\
d_0	24.9646		45.7535
\
d_1	54.7927		50.6082
\
d_2	19.6416		3.5610
\
d_un	0.6012		0.0774

\
Best Operator Route set:
\
[[4, 25, 34, 35, 51, 8, 26, 16, 9, 68],
[37, 65, 5, 54, 19, 22, 33, 43, 61, 60],
[0, 69, 38, 36, 45, 41, 25, 12, 4, 7, 40],
[22, 33, 20, 55, 10, 16, 26, 49, 15, 42, 62],
[6, 56, 8, 26, 49, 15, 42, 62, 24, 63],
[6, 56, 8, 26, 49, 15, 42, 62, 24, 63],
[32, 65, 5, 67, 27, 25, 4, 7, 40, 46],
[40, 53, 47, 6, 35, 51, 64, 52, 55, 10, 59],
[23, 2, 0, 69, 3, 66, 19, 38, 22, 33, 50, 13],
[28, 56, 51, 35, 34, 25, 4, 7, 40, 46],
[63, 21, 24, 30, 26, 16, 10, 17, 61, 60, 44],
[39, 18, 54, 36, 45, 34, 57, 35, 51, 56],
[29, 48, 66, 19, 38, 36, 45, 58, 64, 52, 8, 26, 49, 1],
[14, 44, 61, 17, 55, 10, 16, 26, 30, 21],
[31, 11, 68, 9, 59, 17, 20, 33, 22, 38]]

\
Best Passenger Route set:
\
[[31, 11, 1, 26, 8, 56, 51, 35, 41, 27, 67, 37, 5, 54, 19, 69, 23, 0],
[45, 36, 19, 29, 3, 69, 23, 50, 43, 20, 10, 16, 26, 30, 24, 63, 21, 62, 15, 11],
[49, 15, 62, 21, 6, 35, 57, 34, 45, 36, 54, 5, 65, 19, 69, 66, 3, 0],
[16, 9, 68, 59, 10, 28, 8, 51, 34, 45, 36, 38, 19, 66, 48, 39, 32, 65],
[40, 46, 7, 4, 25, 57, 51, 64, 52, 20, 17, 60, 61, 43, 13, 22, 45, 36, 54],
[6, 56, 28, 10, 17, 50, 2, 0, 69, 19, 38, 36, 45, 58, 64, 52, 8, 26, 62, 15, 42],
[11, 9, 17, 44, 60, 61, 14, 2, 50, 13, 22, 45, 41, 12, 4, 40, 7, 53, 47, 6, 56, 28, 10],
[67, 37, 32, 39, 18, 54, 36, 45, 58, 64, 52, 8, 26, 49, 11, 9, 68, 59],
[13, 50, 0, 2, 14, 44, 61, 17, 10, 16, 26, 30, 24, 63, 6, 35, 58, 64, 51],
[5, 32, 54, 18, 66, 19, 38, 22, 33, 20, 55, 16, 26, 49, 15, 42, 62, 30, 21, 24],
[46, 7, 4, 25, 12, 41, 45, 36, 38, 69, 23, 0],
[15, 11, 31, 9, 68, 59, 17, 20, 33, 22, 19, 54, 65, 67, 27, 25, 12, 40, 46, 53, 4],
[43, 33, 58, 34, 41, 25, 4, 7, 47, 6, 56, 8, 55, 10, 59, 9, 68],
[24, 21, 63, 6, 35, 34, 45, 36, 38, 3, 29],
[38, 54, 19, 66, 48, 29, 69, 23, 50, 43, 17, 59, 1, 49, 15, 42, 62, 24]]

\
Best Operator Route set string:
\
4-25-34-35-51-8-26-16-9-68*37-65-5-54-19-22-33-43-61-60*0-69-38-36-45-41-25-12-4-7-40*22-33-20-55-10-16-26-49-15-42-62*6-56-8-26-49-15-42-62-24-63*6-56-8-26-49-15-42-62-24-63*32-65-5-67-27-25-4-7-40-46*40-53-47-6-35-51-64-52-55-10-59*23-2-0-69-3-66-19-38-22-33-50-13*28-56-51-35-34-25-4-7-40-46*63-21-24-30-26-16-10-17-61-60-44*39-18-54-36-45-34-57-35-51-56*29-48-66-19-38-36-45-58-64-52-8-26-49-1*14-44-61-17-55-10-16-26-30-21*31-11-68-9-59-17-20-33-22-38*

\
Best Passenger Route set sting:
\
31-11-1-26-8-56-51-35-41-27-67-37-5-54-19-69-23-0*45-36-19-29-3-69-23-50-43-20-10-16-26-30-24-63-21-62-15-11*49-15-62-21-6-35-57-34-45-36-54-5-65-19-69-66-3-0*16-9-68-59-10-28-8-51-34-45-36-38-19-66-48-39-32-65*40-46-7-4-25-57-51-64-52-20-17-60-61-43-13-22-45-36-54*6-56-28-10-17-50-2-0-69-19-38-36-45-58-64-52-8-26-62-15-42*11-9-17-44-60-61-14-2-50-13-22-45-41-12-4-40-7-53-47-6-56-28-10*67-37-32-39-18-54-36-45-58-64-52-8-26-49-11-9-68-59*13-50-0-2-14-44-61-17-10-16-26-30-24-63-6-35-58-64-51*5-32-54-18-66-19-38-22-33-20-55-16-26-49-15-42-62-30-21-24*46-7-4-25-12-41-45-36-38-69-23-0*15-11-31-9-68-59-17-20-33-22-19-54-65-67-27-25-12-40-46-53-4*43-33-58-34-41-25-4-7-47-6-56-8-55-10-59-9-68*24-21-63-6-35-34-45-36-38-3-29*38-54-19-66-48-29-69-23-50-43-17-59-1-49-15-42-62-24*