3_3_Mumford1_GA_Mutations RESULTS EVALUATION:
\
HV:0.7069 | BM:0.7758

\
	Operator	Passenger
\
f1_ATT	34.5896		26.1107
\
f2_TRT	473		702
\
d_0	18.1168		30.7211
\
d_1	41.1880		57.2385
\
d_2	29.4694		11.8287
\
d_un	11.2259		0.2118

\
Best Operator Route set:
\
[[14, 44, 61, 17, 55, 10, 16, 26, 30, 21],
[62, 42, 15, 49, 1, 26, 16, 10, 55, 20],
[39, 48, 29, 3, 69, 23, 50, 43, 61, 60],
[62, 42, 15, 49, 1, 26, 16, 10, 55, 20],
[0, 2, 50, 13, 22, 45, 41, 25, 12, 4],
[46, 40, 7, 4, 25, 27, 67, 5, 37, 65],
[24, 62, 42, 15, 49, 1, 26, 16, 10, 55],
[56, 28, 8, 51, 35, 34, 45, 36, 38, 66],
[53, 47, 6, 35, 51, 64, 52, 55, 10, 59],
[24, 62, 42, 15, 49, 1, 26, 16, 10, 55],
[66, 19, 38, 36, 45, 34, 35, 51, 58, 33],
[66, 19, 38, 36, 45, 34, 35, 51, 58, 33],
[50, 43, 20, 10, 16, 26, 30, 24, 63, 21],
[34, 35, 51, 8, 26, 1, 9, 68, 11, 31],
[32, 39, 18, 54, 36, 45, 34, 57, 35, 51]]

\
Best Passenger Route set:
\
[[31, 1, 16, 26, 30, 24, 21, 63, 6, 47, 53, 4, 25, 57, 35, 64],
[53, 47, 6, 56, 28, 8, 10, 55, 17, 61, 44],
[2, 50, 13, 22, 45, 41, 25, 4, 40, 46],
[59, 17, 20, 33, 22, 38, 54, 36, 41, 57],
[65, 39, 18, 54, 36, 45, 58, 64, 52, 8, 26, 49, 11, 15, 42],
[4, 25, 34, 35, 51, 8, 26, 1, 9, 68, 11],
[14, 44, 60, 17, 50, 0, 23, 69, 38, 36, 41, 25, 4, 7, 46],
[42, 15, 49, 26, 16, 10, 20, 43, 50, 23, 69, 29, 19],
[47, 6, 35, 34, 45, 36, 38, 19, 66, 3, 48, 39, 32],
[60, 61, 43, 33, 22, 38, 54, 5, 37, 67],
[29, 3, 69, 23, 50, 43, 20, 10, 16, 26, 30, 62],
[21, 24, 30, 26, 8, 56, 51, 35, 34, 41, 27, 67],
[31, 9, 59, 17, 20, 33, 22, 36, 54, 5],
[53, 4, 12, 41, 58, 64, 52, 20, 17, 61, 44],
[14, 44, 17, 10, 28, 8, 56, 6, 47, 53, 40]]

\
Best Operator Route set string:
\
14-44-61-17-55-10-16-26-30-21*62-42-15-49-1-26-16-10-55-20*39-48-29-3-69-23-50-43-61-60*62-42-15-49-1-26-16-10-55-20*0-2-50-13-22-45-41-25-12-4*46-40-7-4-25-27-67-5-37-65*24-62-42-15-49-1-26-16-10-55*56-28-8-51-35-34-45-36-38-66*53-47-6-35-51-64-52-55-10-59*24-62-42-15-49-1-26-16-10-55*66-19-38-36-45-34-35-51-58-33*66-19-38-36-45-34-35-51-58-33*50-43-20-10-16-26-30-24-63-21*34-35-51-8-26-1-9-68-11-31*32-39-18-54-36-45-34-57-35-51*

\
Best Passenger Route set sting:
\
31-1-16-26-30-24-21-63-6-47-53-4-25-57-35-64*53-47-6-56-28-8-10-55-17-61-44*2-50-13-22-45-41-25-4-40-46*59-17-20-33-22-38-54-36-41-57*65-39-18-54-36-45-58-64-52-8-26-49-11-15-42*4-25-34-35-51-8-26-1-9-68-11*14-44-60-17-50-0-23-69-38-36-41-25-4-7-46*42-15-49-26-16-10-20-43-50-23-69-29-19*47-6-35-34-45-36-38-19-66-3-48-39-32*60-61-43-33-22-38-54-5-37-67*29-3-69-23-50-43-20-10-16-26-30-62*21-24-30-26-8-56-51-35-34-41-27-67*31-9-59-17-20-33-22-36-54-5*53-4-12-41-58-64-52-20-17-61-44*14-44-17-10-28-8-56-6-47-53-40*