6_2_Mumford0_GA_repair_func RESULTS EVALUATION:
\
HV:0.7979 | BM:0.8087

\
	Operator	Passenger
\
f1_ATT	30.3885		15.7096
\
f2_TRT	98		415
\
d_0	19.3594		65.2326
\
d_1	27.2270		34.7674
\
d_2	22.6093		0.0000
\
d_un	30.8043		0.0000

\
Best Operator Route set:
\
[[3, 23, 20],
[7, 16, 15, 10, 2, 29],
[5, 21],
[24, 14],
[4, 24],
[7, 20],
[3, 9],
[3, 1],
[14, 20],
[11, 17, 22, 18, 0, 13, 6, 21],
[27, 16],
[7, 28, 25, 22, 19, 12, 8, 26]]

\
Best Passenger Route set:
\
[[2, 29, 27, 16, 28, 17, 19, 12, 8, 26, 0, 25, 7, 20, 24],
[6, 21, 15, 2, 29, 27, 7, 4, 24, 20, 23],
[3, 4, 24, 14, 11, 17, 22, 18, 0, 13, 6, 5, 21],
[1, 3, 23, 14, 7, 27, 10, 15, 6, 13, 0, 12, 8, 26],
[5, 21, 10, 27, 7, 25, 22, 19, 8],
[0, 19, 17, 11, 14, 23, 9, 1],
[5, 6, 16, 7, 14, 23, 9, 3, 4, 20],
[8, 19, 18, 17, 0],
[1, 3, 24, 7, 2, 16],
[26, 8, 12, 17, 0, 28, 7, 27],
[9, 1, 3, 11, 17, 18, 0, 26],
[2, 10, 16, 28, 25, 22, 18, 0]]

\
Best Operator Route set string:
\
3-23-20*7-16-15-10-2-29*5-21*24-14*4-24*7-20*3-9*3-1*14-20*11-17-22-18-0-13-6-21*27-16*7-28-25-22-19-12-8-26*

\
Best Passenger Route set sting:
\
2-29-27-16-28-17-19-12-8-26-0-25-7-20-24*6-21-15-2-29-27-7-4-24-20-23*3-4-24-14-11-17-22-18-0-13-6-5-21*1-3-23-14-7-27-10-15-6-13-0-12-8-26*5-21-10-27-7-25-22-19-8*0-19-17-11-14-23-9-1*5-6-16-7-14-23-9-3-4-20*8-19-18-17-0*1-3-24-7-2-16*26-8-12-17-0-28-7-27*9-1-3-11-17-18-0-26*2-10-16-28-25-22-18-0*