24_2_Mumford0_SA_Mutations_more RESULTS EVALUATION:
\
HV:0.7928 | BM:0.8087

\
	Operator	Passenger
\
f1_ATT	25.7266		15.7574
\
f2_TRT	97		678
\
d_0	20.8704		63.1342
\
d_1	39.2857		35.8721
\
d_2	27.9168		0.9937
\
d_un	11.9272		0.0000

\
Best Operator Route set:
\
[[29, 2],
[14, 24],
[1, 3],
[8, 26, 0, 13, 6],
[0, 18],
[12, 19, 22, 0, 25, 7, 20, 14, 23, 3, 9],
[24, 4],
[15, 10, 2, 27, 7],
[28, 25],
[6, 21, 5],
[16, 7],
[11, 17, 22]]

\
Best Passenger Route set:
\
[[9, 1, 4, 23, 3, 11, 25, 0, 18, 22, 17, 19],
[15, 10, 29, 27, 2, 21, 6, 16, 7, 14, 1, 4, 24],
[21, 5, 6, 16, 27, 2, 29, 10, 7, 24, 3, 9, 1, 23, 14],
[10, 15, 16, 6, 13, 18, 0, 25, 7, 14, 9, 1, 24, 23, 3],
[9, 3, 4, 7, 28, 16, 2, 29, 10, 6, 13, 0, 19, 8],
[11, 17, 22, 19, 18, 0, 28, 7, 4, 24, 14, 1, 9, 3],
[5, 15, 2, 7, 25, 11, 17, 22, 18, 12, 8, 26],
[1, 24, 4, 7, 25, 22, 17, 28, 16, 15, 29, 2, 10, 21, 5],
[20, 24, 14, 11, 17, 12, 8, 26, 0, 13, 6, 21, 5, 15, 29],
[19, 12, 0, 25, 11, 14, 4, 23, 3, 24, 20, 7, 16, 15, 5],
[12, 19, 0, 17, 11, 3, 1, 9, 14, 7, 27, 29, 2, 6, 15],
[14, 4, 1, 24, 3, 23, 20, 7, 25, 22, 19, 0, 12, 18]]

\
Best Operator Route set string:
\
29-2*14-24*1-3*8-26-0-13-6*0-18*12-19-22-0-25-7-20-14-23-3-9*24-4*15-10-2-27-7*28-25*6-21-5*16-7*11-17-22*

\
Best Passenger Route set sting:
\
9-1-4-23-3-11-25-0-18-22-17-19*15-10-29-27-2-21-6-16-7-14-1-4-24*21-5-6-16-27-2-29-10-7-24-3-9-1-23-14*10-15-16-6-13-18-0-25-7-14-9-1-24-23-3*9-3-4-7-28-16-2-29-10-6-13-0-19-8*11-17-22-19-18-0-28-7-4-24-14-1-9-3*5-15-2-7-25-11-17-22-18-12-8-26*1-24-4-7-25-22-17-28-16-15-29-2-10-21-5*20-24-14-11-17-12-8-26-0-13-6-21-5-15-29*19-12-0-25-11-14-4-23-3-24-20-7-16-15-5*12-19-0-17-11-3-1-9-14-7-27-29-2-6-15*14-4-1-24-3-23-20-7-25-22-19-0-12-18*