8_5_Mumford3_GA_Crossover_prob RESULTS EVALUATION:
\
HV:0.5955 | BM:0.6385

\
	Operator	Passenger
\
f1_ATT	35.7097		28.7858
\
f2_TRT	2400		5775
\
d_0	18.3992		42.7347
\
d_1	58.0076		54.9004
\
d_2	21.6203		2.3650
\
d_un	1.9728		0.0000

\
Best Operator Route set:
\
[[15, 3, 71, 96, 78, 114, 2, 79, 48, 73, 6, 45],
[16, 114, 74, 23, 72, 66, 53, 14, 100, 78, 71, 96],
[16, 114, 74, 23, 72, 66, 53, 14, 100, 78, 71, 96],
[54, 51, 52, 122, 94, 29, 80, 66, 14, 100, 96, 71],
[16, 114, 74, 23, 124, 66, 53, 14, 100, 78, 71, 96],
[107, 3, 71, 78, 114, 2, 79, 0, 101, 88, 121, 25],
[71, 96, 78, 114, 16, 55, 45, 6, 60, 32, 20, 85],
[71, 96, 78, 114, 16, 55, 45, 6, 60, 32, 20, 85],
[16, 114, 23, 124, 72, 66, 53, 14, 100, 78, 96, 71],
[16, 114, 23, 124, 72, 66, 53, 14, 100, 78, 96, 71],
[16, 114, 74, 23, 72, 66, 53, 14, 100, 78, 71, 96],
[42, 89, 52, 118, 1, 77, 11, 79, 48, 73, 6, 45],
[71, 96, 100, 14, 66, 80, 63, 58, 105, 104, 43, 90, 113],
[103, 43, 104, 105, 63, 80, 9, 72, 23, 114, 16, 112],
[16, 114, 23, 124, 72, 66, 53, 14, 100, 78, 96, 71],
[13, 50, 65, 7, 11, 1, 27, 81, 29, 5, 24, 117],
[16, 114, 74, 23, 124, 66, 53, 14, 100, 78, 71, 96],
[21, 22, 30, 39, 46, 11, 2, 37, 23, 53, 14, 108],
[98, 28, 42, 89, 52, 118, 1, 77, 0, 101, 88, 121],
[16, 114, 74, 23, 124, 66, 53, 14, 100, 78, 71, 96],
[50, 83, 92, 126, 73, 48, 2, 23, 53, 14, 61, 102],
[16, 114, 74, 23, 124, 66, 53, 14, 100, 96, 71, 78],
[112, 45, 6, 73, 48, 2, 49, 72, 70, 9, 80, 63, 36],
[47, 51, 52, 118, 67, 1, 11, 79, 2, 114, 16, 62],
[16, 114, 23, 124, 72, 66, 53, 14, 100, 78, 96, 71],
[92, 126, 73, 48, 2, 114, 78, 71, 3, 56, 34, 68],
[8, 22, 41, 30, 33, 39, 46, 11, 79, 2, 114, 78],
[115, 106, 61, 53, 23, 37, 79, 97, 48, 73, 60, 75],
[73, 48, 2, 49, 124, 66, 80, 63, 105, 104, 18, 69],
[71, 96, 78, 114, 16, 55, 45, 6, 60, 32, 20, 85],
[6, 45, 73, 48, 26, 0, 11, 1, 118, 52, 51, 47],
[112, 45, 6, 73, 48, 2, 49, 72, 70, 9, 80, 63],
[19, 92, 126, 73, 48, 2, 114, 78, 71, 3, 56, 34],
[16, 114, 74, 23, 124, 66, 53, 14, 100, 78, 71, 96],
[42, 89, 52, 118, 1, 77, 11, 79, 48, 73, 6, 45],
[78, 114, 74, 2, 79, 0, 120, 93, 82, 44, 116, 40],
[16, 114, 74, 23, 124, 66, 53, 14, 100, 96, 71, 78],
[107, 3, 71, 96, 78, 114, 2, 79, 48, 73, 6, 45],
[45, 6, 73, 48, 2, 49, 66, 80, 5, 24, 86, 10],
[93, 120, 0, 79, 37, 23, 53, 14, 61, 87, 110, 84],
[16, 114, 74, 23, 124, 66, 53, 14, 100, 78, 71, 96],
[51, 52, 122, 94, 81, 80, 66, 49, 2, 48, 73, 6],
[85, 20, 32, 6, 45, 55, 16, 114, 78, 71, 96, 100, 12],
[95, 123, 125, 91, 88, 101, 0, 79, 2, 114, 78, 71],
[71, 96, 78, 114, 16, 55, 45, 6, 60, 32, 20, 85],
[16, 114, 74, 23, 72, 66, 53, 14, 100, 78, 71, 96],
[16, 55, 99, 48, 26, 7, 101, 88, 125, 35, 21, 119],
[6, 45, 73, 48, 0, 26, 11, 1, 118, 52, 51, 47],
[54, 51, 52, 122, 94, 29, 80, 66, 14, 100, 96, 71],
[16, 114, 74, 23, 124, 66, 53, 14, 100, 78, 71, 96],
[73, 48, 2, 49, 66, 80, 63, 105, 104, 18, 109, 4],
[42, 89, 52, 118, 1, 77, 11, 79, 48, 73, 6, 45],
[73, 48, 79, 11, 77, 1, 118, 52, 89, 17, 64, 111],
[57, 30, 38, 31, 52, 122, 29, 80, 66, 14, 61, 102],
[89, 52, 27, 1, 77, 11, 0, 48, 73, 6, 45, 112],
[73, 48, 2, 49, 66, 80, 63, 58, 105, 104, 18, 109],
[71, 96, 78, 114, 16, 55, 45, 6, 60, 32, 20, 85],
[16, 114, 23, 124, 72, 66, 53, 14, 100, 78, 96, 71],
[76, 92, 126, 73, 48, 2, 49, 72, 124, 9, 63, 105],
[48, 79, 97, 11, 1, 118, 52, 89, 59, 104, 18, 109]]

\
Best Passenger Route set:
\
[[84, 110, 68, 34, 56, 107, 12, 3, 71, 78, 114, 2, 79, 0, 101, 88, 121, 91, 125, 35, 123, 95, 65, 116, 40],
[41, 25, 30, 38, 54, 51, 52, 118, 1, 77, 11, 79, 48, 73, 6, 112, 32, 20, 76, 92, 83, 50, 13],
[111, 64, 17, 89, 31, 39, 88, 93, 116, 40, 50, 83, 76, 20, 75],
[44, 82, 95, 40, 92, 19, 32, 60, 73, 48, 2, 49, 124, 66, 80, 5, 24, 117, 86, 18, 10, 4],
[78, 3, 107, 56, 84, 110, 87, 61, 53, 23, 2, 79, 0, 101, 88, 25, 41, 8],
[15, 107, 56, 34, 68, 110, 87, 24, 5, 80, 66, 72, 49, 2, 48, 73, 126, 92, 83, 50, 13],
[41, 57, 30, 33, 39, 38, 47, 54, 51, 52, 122, 29, 9, 70, 66, 14, 100, 12, 56, 15, 107, 3, 96, 78, 71],
[81, 67, 77, 0, 11, 97, 37, 2, 114, 16, 112, 6, 45, 73, 48, 26, 101, 88, 25, 41, 8, 119, 21, 22, 125],
[105, 42, 28, 64, 43, 104, 58, 63, 80, 66, 74, 114, 16, 62, 112, 60, 45, 32, 20, 19, 92, 83, 50, 65],
[109, 10, 86, 117, 24, 102, 61, 108, 115, 106, 14, 53, 23, 2, 11, 46, 39, 33, 30, 22, 119, 21, 41, 8, 57],
[112, 6, 45, 73, 48, 26, 0, 101, 88, 121, 91, 25, 38, 52, 122, 27, 94, 81],
[95, 123, 35, 21, 119, 8, 22, 30, 39, 46, 11, 2, 37, 23, 53, 14, 108, 115, 61, 106, 87, 110, 68, 56, 34],
[40, 82, 44, 95, 13, 19, 76, 83, 50, 92, 126, 26, 11, 77, 1, 118, 52, 89, 42, 90, 103, 111, 64, 28, 17],
[45, 112, 32, 6, 55, 16, 114, 23, 72, 70, 80, 63, 105, 43, 103, 111, 28, 98, 42, 90, 113, 59, 89, 17],
[35, 91, 123, 125, 121, 88, 25, 41, 30, 39, 46, 11, 2, 23, 53, 14, 61, 108, 115, 3, 71, 100, 78, 114, 16],
[110, 84, 56, 68, 12, 107, 15, 3, 78, 114, 2, 79, 0, 120, 93, 82, 91, 125, 21, 119, 8, 22, 30, 33],
[93, 120, 7, 40, 50, 83, 13, 76, 20, 32, 60, 73, 48, 2, 23, 53, 61, 108, 87, 84, 110, 68, 56, 3, 12],
[8, 41, 21, 57, 22, 30, 33, 39, 46, 11, 2, 114, 78, 12, 68, 56, 84, 110, 87, 106, 14, 108, 61, 102],
[19, 85, 20, 50, 65, 82, 88, 39, 31, 89, 42, 113, 43, 103],
[83, 92, 50, 76, 13, 95, 82, 88, 39, 38, 31, 89, 59, 104, 18, 10, 117, 86, 24, 102, 106, 14, 53, 66],
[15, 56, 12, 107, 3, 71, 78, 114, 2, 79, 0, 101, 88, 125, 35, 123, 91, 25, 39, 31, 51, 47],
[40, 116, 65, 101, 93, 44, 120, 0, 79, 37, 23, 53, 14, 100, 96, 3, 68, 110, 84, 87, 24, 117, 86, 18, 10],
[69, 43, 105, 42, 98, 90, 59, 17, 113, 89, 52, 122, 94, 29, 80, 66, 14, 100, 71, 3, 107, 15, 56, 34, 68],
[32, 45, 73, 99, 55, 112, 16, 114, 74, 66, 80, 63, 105, 42, 17, 113, 98, 103, 4, 18, 10, 69, 43, 28],
[85, 75, 20, 19, 76, 92, 83, 13, 50, 65, 7, 11, 1, 27, 29, 5, 36, 24, 86, 117, 10, 18, 109, 69],
[71, 96, 78, 3, 68, 84, 110, 87, 61, 14, 53, 23, 2, 79, 0, 101, 88, 125, 123, 35, 91, 82, 93, 26],
[35, 123, 95, 13, 83, 50, 92, 126, 48, 79, 2, 23, 53, 14, 106, 108],
[115, 106, 108, 87, 110, 68, 56, 12, 100, 14, 53, 66, 80, 63, 58, 105, 43, 64, 28, 103, 109, 18, 10, 117, 86],
[113, 98, 42, 90, 43, 109, 18, 69, 4, 10, 86, 24, 5, 36, 9, 66, 49, 2, 48, 73, 45, 60, 32, 6, 55],
[93, 26, 126, 73, 99, 55, 16, 114, 74, 66, 80, 63, 105, 104, 18, 109, 69, 43, 103, 90, 42, 28, 17, 113, 59],
[119, 21, 22, 8, 57, 30, 33, 39, 46, 11, 79, 2, 37, 74, 114, 16, 62, 112, 55, 99, 48, 73, 126, 26, 120],
[45, 6, 60, 55, 112, 62, 16, 114, 2, 79, 11, 77, 1, 118, 52, 51, 89, 42, 17, 28, 64, 98, 43, 59, 113],
[86, 109, 18, 69, 4, 64, 17, 42, 89, 52, 118, 1, 11, 79, 97, 48, 99, 73, 6, 45, 112, 32, 20, 85],
[91, 123, 125, 88, 101, 0, 79, 2, 37, 23, 53, 14, 61, 102, 24, 36, 29, 5, 58, 63, 80, 81, 122, 52],
[83, 92, 20, 32, 45, 55, 16, 114, 78, 71, 96, 3, 12, 56, 34, 68, 110, 84, 87, 61, 115, 106, 108],
[12, 56, 107, 15, 3, 100, 14, 53, 66, 80, 63, 105, 104, 43, 103, 111, 69, 109, 18, 117, 10, 86],
[109, 4, 103, 69, 10, 86, 117, 24, 36, 63, 5, 58, 104, 59, 89, 52, 31, 47, 38, 39, 46, 67, 1, 77, 11],
[64, 111, 103, 18, 109, 69, 4, 10, 117, 24, 36, 80, 66, 49, 2, 48, 126, 92, 50, 95, 13, 76, 20, 19, 85],
[15, 3, 71, 96, 100, 14, 53, 66, 80, 63, 58, 105, 42, 113, 17],
[45, 60, 75, 19, 85, 76, 92, 126, 26, 11, 1, 118, 52, 89, 42, 113, 98, 90, 43, 17, 64, 28, 111, 4],
[60, 6, 45, 73, 48, 2, 49, 66, 80, 36, 58, 5, 24, 117, 10, 69, 4, 103, 98, 90, 113, 89, 31, 33, 41],
[91, 121, 125, 22, 8, 41, 21, 57, 30, 38, 31, 51, 52, 118, 122, 29, 80, 66, 14, 106, 61, 102, 87, 110, 68],
[28, 64, 111, 103, 4, 43, 105, 58, 63, 9, 124, 72, 49, 2, 79, 0, 101, 88, 82, 44],
[68, 34, 56, 12, 15, 3, 71, 96, 78, 114, 2, 79, 11, 46, 39, 33, 30, 54, 31, 89, 59, 43, 4, 109, 86],
[17, 90, 103, 109, 18, 69, 43, 113, 42, 89, 51, 31, 39, 88, 82, 95, 44, 40, 65, 116, 93, 120, 101, 7, 26],
[93, 116, 65, 50, 20, 75, 60, 73, 48, 2, 37, 23, 53, 14, 61, 108, 102, 24, 5, 36, 29, 94, 81, 80, 66],
[34, 68, 110, 87, 24, 5, 36, 63, 58, 104, 59, 89, 52, 51, 38, 54, 31, 33, 30, 25, 39, 46, 67, 81, 80],
[107, 15, 12, 3, 115, 108, 87, 106, 61, 102, 24, 5, 29, 122, 52, 51, 31, 33, 30, 22, 119, 21, 8, 57, 41],
[125, 91, 82, 44, 93, 101, 7, 120, 116, 40, 50, 83, 92, 126, 48, 2, 37, 23, 53, 14, 61, 102, 87, 84, 110],
[86, 117, 18, 4, 64, 103, 98, 17, 89, 52, 118, 1, 11, 79, 97, 48, 73, 60, 32, 6, 45, 55, 16, 62],
[18, 10, 109, 69, 43, 59, 89, 31, 39, 88, 91, 125, 35],
[44, 95, 50, 13, 92, 76, 20, 85, 75, 19, 32, 60, 55, 16, 114, 78, 96, 71, 3, 56, 34, 68, 110, 84],
[13, 83, 50, 20, 19, 85, 76, 92, 126, 26, 11, 1, 118, 52, 89, 113, 43, 109, 10, 117, 86, 24, 36, 80],
[76, 92, 83, 13, 50, 40, 7, 11, 1, 27, 81, 29, 5, 24, 86, 10, 69, 103, 98, 17, 90, 43, 105, 42, 89],
[26, 126, 32, 60, 45, 55, 16, 112, 6, 73, 48, 2, 114, 78, 71, 3, 68, 34],
[107, 15, 56, 12, 3, 96, 78, 114, 2, 79, 0, 101, 88, 125, 21, 41, 8, 35, 22, 57, 30, 39, 33],
[2, 74, 23, 53, 61, 106, 115, 108, 14, 66, 80, 29, 122, 52, 51, 31, 38, 30, 22, 119, 21, 57, 41, 33, 54],
[42, 113, 17, 28, 98, 43, 104, 105, 58, 63, 80, 66, 14, 61, 87, 110, 84, 68, 12, 78, 3, 115, 108, 106, 102],
[27, 118, 46, 39, 88, 121, 125, 35, 21, 119, 8, 41, 30, 38, 52, 122, 29, 5, 24, 87, 110, 84, 68, 56, 34],
[99, 55, 45, 6, 73, 48, 2, 49, 124, 9, 63, 105, 104, 18, 109, 43, 42, 89, 52, 38, 30, 88, 121, 125, 21]]

\
Best Operator Route set string:
\
15-3-71-96-78-114-2-79-48-73-6-45*16-114-74-23-72-66-53-14-100-78-71-96*16-114-74-23-72-66-53-14-100-78-71-96*54-51-52-122-94-29-80-66-14-100-96-71*16-114-74-23-124-66-53-14-100-78-71-96*107-3-71-78-114-2-79-0-101-88-121-25*71-96-78-114-16-55-45-6-60-32-20-85*71-96-78-114-16-55-45-6-60-32-20-85*16-114-23-124-72-66-53-14-100-78-96-71*16-114-23-124-72-66-53-14-100-78-96-71*16-114-74-23-72-66-53-14-100-78-71-96*42-89-52-118-1-77-11-79-48-73-6-45*71-96-100-14-66-80-63-58-105-104-43-90-113*103-43-104-105-63-80-9-72-23-114-16-112*16-114-23-124-72-66-53-14-100-78-96-71*13-50-65-7-11-1-27-81-29-5-24-117*16-114-74-23-124-66-53-14-100-78-71-96*21-22-30-39-46-11-2-37-23-53-14-108*98-28-42-89-52-118-1-77-0-101-88-121*16-114-74-23-124-66-53-14-100-78-71-96*50-83-92-126-73-48-2-23-53-14-61-102*16-114-74-23-124-66-53-14-100-96-71-78*112-45-6-73-48-2-49-72-70-9-80-63-36*47-51-52-118-67-1-11-79-2-114-16-62*16-114-23-124-72-66-53-14-100-78-96-71*92-126-73-48-2-114-78-71-3-56-34-68*8-22-41-30-33-39-46-11-79-2-114-78*115-106-61-53-23-37-79-97-48-73-60-75*73-48-2-49-124-66-80-63-105-104-18-69*71-96-78-114-16-55-45-6-60-32-20-85*6-45-73-48-26-0-11-1-118-52-51-47*112-45-6-73-48-2-49-72-70-9-80-63*19-92-126-73-48-2-114-78-71-3-56-34*16-114-74-23-124-66-53-14-100-78-71-96*42-89-52-118-1-77-11-79-48-73-6-45*78-114-74-2-79-0-120-93-82-44-116-40*16-114-74-23-124-66-53-14-100-96-71-78*107-3-71-96-78-114-2-79-48-73-6-45*45-6-73-48-2-49-66-80-5-24-86-10*93-120-0-79-37-23-53-14-61-87-110-84*16-114-74-23-124-66-53-14-100-78-71-96*51-52-122-94-81-80-66-49-2-48-73-6*85-20-32-6-45-55-16-114-78-71-96-100-12*95-123-125-91-88-101-0-79-2-114-78-71*71-96-78-114-16-55-45-6-60-32-20-85*16-114-74-23-72-66-53-14-100-78-71-96*16-55-99-48-26-7-101-88-125-35-21-119*6-45-73-48-0-26-11-1-118-52-51-47*54-51-52-122-94-29-80-66-14-100-96-71*16-114-74-23-124-66-53-14-100-78-71-96*73-48-2-49-66-80-63-105-104-18-109-4*42-89-52-118-1-77-11-79-48-73-6-45*73-48-79-11-77-1-118-52-89-17-64-111*57-30-38-31-52-122-29-80-66-14-61-102*89-52-27-1-77-11-0-48-73-6-45-112*73-48-2-49-66-80-63-58-105-104-18-109*71-96-78-114-16-55-45-6-60-32-20-85*16-114-23-124-72-66-53-14-100-78-96-71*76-92-126-73-48-2-49-72-124-9-63-105*48-79-97-11-1-118-52-89-59-104-18-109*

\
Best Passenger Route set sting:
\
84-110-68-34-56-107-12-3-71-78-114-2-79-0-101-88-121-91-125-35-123-95-65-116-40*41-25-30-38-54-51-52-118-1-77-11-79-48-73-6-112-32-20-76-92-83-50-13*111-64-17-89-31-39-88-93-116-40-50-83-76-20-75*44-82-95-40-92-19-32-60-73-48-2-49-124-66-80-5-24-117-86-18-10-4*78-3-107-56-84-110-87-61-53-23-2-79-0-101-88-25-41-8*15-107-56-34-68-110-87-24-5-80-66-72-49-2-48-73-126-92-83-50-13*41-57-30-33-39-38-47-54-51-52-122-29-9-70-66-14-100-12-56-15-107-3-96-78-71*81-67-77-0-11-97-37-2-114-16-112-6-45-73-48-26-101-88-25-41-8-119-21-22-125*105-42-28-64-43-104-58-63-80-66-74-114-16-62-112-60-45-32-20-19-92-83-50-65*109-10-86-117-24-102-61-108-115-106-14-53-23-2-11-46-39-33-30-22-119-21-41-8-57*112-6-45-73-48-26-0-101-88-121-91-25-38-52-122-27-94-81*95-123-35-21-119-8-22-30-39-46-11-2-37-23-53-14-108-115-61-106-87-110-68-56-34*40-82-44-95-13-19-76-83-50-92-126-26-11-77-1-118-52-89-42-90-103-111-64-28-17*45-112-32-6-55-16-114-23-72-70-80-63-105-43-103-111-28-98-42-90-113-59-89-17*35-91-123-125-121-88-25-41-30-39-46-11-2-23-53-14-61-108-115-3-71-100-78-114-16*110-84-56-68-12-107-15-3-78-114-2-79-0-120-93-82-91-125-21-119-8-22-30-33*93-120-7-40-50-83-13-76-20-32-60-73-48-2-23-53-61-108-87-84-110-68-56-3-12*8-41-21-57-22-30-33-39-46-11-2-114-78-12-68-56-84-110-87-106-14-108-61-102*19-85-20-50-65-82-88-39-31-89-42-113-43-103*83-92-50-76-13-95-82-88-39-38-31-89-59-104-18-10-117-86-24-102-106-14-53-66*15-56-12-107-3-71-78-114-2-79-0-101-88-125-35-123-91-25-39-31-51-47*40-116-65-101-93-44-120-0-79-37-23-53-14-100-96-3-68-110-84-87-24-117-86-18-10*69-43-105-42-98-90-59-17-113-89-52-122-94-29-80-66-14-100-71-3-107-15-56-34-68*32-45-73-99-55-112-16-114-74-66-80-63-105-42-17-113-98-103-4-18-10-69-43-28*85-75-20-19-76-92-83-13-50-65-7-11-1-27-29-5-36-24-86-117-10-18-109-69*71-96-78-3-68-84-110-87-61-14-53-23-2-79-0-101-88-125-123-35-91-82-93-26*35-123-95-13-83-50-92-126-48-79-2-23-53-14-106-108*115-106-108-87-110-68-56-12-100-14-53-66-80-63-58-105-43-64-28-103-109-18-10-117-86*113-98-42-90-43-109-18-69-4-10-86-24-5-36-9-66-49-2-48-73-45-60-32-6-55*93-26-126-73-99-55-16-114-74-66-80-63-105-104-18-109-69-43-103-90-42-28-17-113-59*119-21-22-8-57-30-33-39-46-11-79-2-37-74-114-16-62-112-55-99-48-73-126-26-120*45-6-60-55-112-62-16-114-2-79-11-77-1-118-52-51-89-42-17-28-64-98-43-59-113*86-109-18-69-4-64-17-42-89-52-118-1-11-79-97-48-99-73-6-45-112-32-20-85*91-123-125-88-101-0-79-2-37-23-53-14-61-102-24-36-29-5-58-63-80-81-122-52*83-92-20-32-45-55-16-114-78-71-96-3-12-56-34-68-110-84-87-61-115-106-108*12-56-107-15-3-100-14-53-66-80-63-105-104-43-103-111-69-109-18-117-10-86*109-4-103-69-10-86-117-24-36-63-5-58-104-59-89-52-31-47-38-39-46-67-1-77-11*64-111-103-18-109-69-4-10-117-24-36-80-66-49-2-48-126-92-50-95-13-76-20-19-85*15-3-71-96-100-14-53-66-80-63-58-105-42-113-17*45-60-75-19-85-76-92-126-26-11-1-118-52-89-42-113-98-90-43-17-64-28-111-4*60-6-45-73-48-2-49-66-80-36-58-5-24-117-10-69-4-103-98-90-113-89-31-33-41*91-121-125-22-8-41-21-57-30-38-31-51-52-118-122-29-80-66-14-106-61-102-87-110-68*28-64-111-103-4-43-105-58-63-9-124-72-49-2-79-0-101-88-82-44*68-34-56-12-15-3-71-96-78-114-2-79-11-46-39-33-30-54-31-89-59-43-4-109-86*17-90-103-109-18-69-43-113-42-89-51-31-39-88-82-95-44-40-65-116-93-120-101-7-26*93-116-65-50-20-75-60-73-48-2-37-23-53-14-61-108-102-24-5-36-29-94-81-80-66*34-68-110-87-24-5-36-63-58-104-59-89-52-51-38-54-31-33-30-25-39-46-67-81-80*107-15-12-3-115-108-87-106-61-102-24-5-29-122-52-51-31-33-30-22-119-21-8-57-41*125-91-82-44-93-101-7-120-116-40-50-83-92-126-48-2-37-23-53-14-61-102-87-84-110*86-117-18-4-64-103-98-17-89-52-118-1-11-79-97-48-73-60-32-6-45-55-16-62*18-10-109-69-43-59-89-31-39-88-91-125-35*44-95-50-13-92-76-20-85-75-19-32-60-55-16-114-78-96-71-3-56-34-68-110-84*13-83-50-20-19-85-76-92-126-26-11-1-118-52-89-113-43-109-10-117-86-24-36-80*76-92-83-13-50-40-7-11-1-27-81-29-5-24-86-10-69-103-98-17-90-43-105-42-89*26-126-32-60-45-55-16-112-6-73-48-2-114-78-71-3-68-34*107-15-56-12-3-96-78-114-2-79-0-101-88-125-21-41-8-35-22-57-30-39-33*2-74-23-53-61-106-115-108-14-66-80-29-122-52-51-31-38-30-22-119-21-57-41-33-54*42-113-17-28-98-43-104-105-58-63-80-66-14-61-87-110-84-68-12-78-3-115-108-106-102*27-118-46-39-88-121-125-35-21-119-8-41-30-38-52-122-29-5-24-87-110-84-68-56-34*99-55-45-6-73-48-2-49-124-9-63-105-104-18-109-43-42-89-52-38-30-88-121-125-21*