23_2_Mumford0_SA_Mutations RESULTS EVALUATION:
\
HV:0.7988 | BM:0.8087

\
	Operator	Passenger
\
f1_ATT	34.8767		15.7359
\
f2_TRT	98		614
\
d_0	14.7767		66.6998
\
d_1	28.6942		33.1599
\
d_2	27.4112		0.1403
\
d_un	29.1180		0.0000

\
Best Operator Route set:
\
[[6, 15, 10],
[13, 18, 0, 22, 17],
[17, 12, 8],
[4, 24],
[22, 25, 28],
[2, 27, 7, 20, 24, 1],
[1, 9, 23, 14, 11, 17],
[5, 21, 10, 2, 29],
[0, 26],
[16, 27],
[3, 1],
[12, 19]]

\
Best Passenger Route set:
\
[[17, 19, 8, 12, 0, 25, 7, 20, 24, 4, 1, 9],
[6, 10, 21, 15, 29, 2, 16, 7, 14, 23, 1, 9, 3, 4, 20],
[0, 22, 17, 11, 14, 23, 20, 7, 27, 10, 16, 6],
[11, 17, 18, 0, 13, 6, 21, 10, 16, 27, 29, 2, 15, 5],
[9, 14, 11, 17, 12, 22, 25, 28, 16, 15, 27],
[0, 22, 17, 28, 16, 2, 21, 10, 15],
[17, 11, 3, 24, 20, 14, 23, 4, 7, 25, 0, 18, 19, 8, 12],
[25, 28, 0, 19, 17, 22, 18, 13, 6, 5, 15, 10, 29],
[26, 8, 12, 19, 17, 28, 7, 27, 29, 10, 21, 15, 2, 6],
[5, 15, 6, 13, 18, 0, 26, 8, 12, 19, 22, 17, 11, 3, 1],
[29, 27, 2, 10, 21, 5, 6, 16, 7, 14, 23, 3, 1],
[14, 7, 24, 4, 3, 11, 25, 0, 13, 6, 5]]

\
Best Operator Route set string:
\
6-15-10*13-18-0-22-17*17-12-8*4-24*22-25-28*2-27-7-20-24-1*1-9-23-14-11-17*5-21-10-2-29*0-26*16-27*3-1*12-19*

\
Best Passenger Route set sting:
\
17-19-8-12-0-25-7-20-24-4-1-9*6-10-21-15-29-2-16-7-14-23-1-9-3-4-20*0-22-17-11-14-23-20-7-27-10-16-6*11-17-18-0-13-6-21-10-16-27-29-2-15-5*9-14-11-17-12-22-25-28-16-15-27*0-22-17-28-16-2-21-10-15*17-11-3-24-20-14-23-4-7-25-0-18-19-8-12*25-28-0-19-17-22-18-13-6-5-15-10-29*26-8-12-19-17-28-7-27-29-10-21-15-2-6*5-15-6-13-18-0-26-8-12-19-22-17-11-3-1*29-27-2-10-21-5-6-16-7-14-23-3-1*14-7-24-4-3-11-25-0-13-6-5*