23_3_Mumford1_SA_Mutations RESULTS EVALUATION:
\
HV:0.7458 | BM:0.7758

\
	Operator	Passenger
\
f1_ATT	29.6263		23.1371
\
f2_TRT	534		1757
\
d_0	23.8271		50.0548
\
d_1	53.5659		47.5721
\
d_2	20.2973		2.3731
\
d_un	2.3098		0.0000

\
Best Operator Route set:
\
[[27, 41, 34, 58, 64, 52, 20, 17, 61, 60],
[46, 40, 53, 47, 6, 56, 28, 8, 10, 59],
[32, 39, 18, 54, 36, 45, 58, 51, 35, 6],
[23, 2, 0, 69, 3, 66, 19, 38, 22, 33],
[29, 48, 66, 19, 36, 45, 34, 35, 51, 8, 26, 62],
[4, 25, 12, 41, 45, 22, 13, 50, 2, 14],
[7, 4, 12, 25, 41, 34, 57, 35, 6, 47],
[50, 43, 20, 55, 10, 16, 26, 30, 24, 21],
[63, 21, 24, 30, 26, 16, 10, 17, 61, 60, 44],
[5, 18, 54, 36, 45, 58, 64, 52, 10, 16],
[68, 9, 11, 31, 1, 26, 8, 51, 41, 45],
[49, 26, 16, 10, 55, 20, 33, 22, 19, 66],
[37, 65, 5, 54, 19, 22, 33, 43, 61, 60],
[22, 33, 20, 55, 10, 16, 26, 49, 15, 42],
[12, 25, 27, 41, 36, 54, 18, 5, 37, 67]]

\
Best Passenger Route set:
\
[[47, 40, 12, 41, 34, 51, 8, 26, 49, 15, 30, 63, 6, 35, 58, 33, 50, 2, 0, 3, 48, 39, 32, 54, 19, 38, 18, 37, 5, 67],
[42, 62, 21, 63, 6, 35, 34, 45, 36, 54, 5, 32, 18, 37, 65, 67, 27, 25, 4, 7, 40, 12, 41, 51, 57, 58, 33, 50, 0, 23],
[45, 22, 33, 50, 23, 3, 19, 18, 37, 5, 65, 54, 66, 69, 0, 2, 14, 44, 61, 17, 10, 8, 56, 6, 47, 7, 46, 40, 12, 27],
[31, 11, 49, 9, 16, 1, 59, 10, 8, 51, 41, 27, 67, 37, 18, 66, 38, 22, 45, 34, 25],
[24, 21, 6, 47, 40, 7, 53, 4, 25, 41, 58, 33, 13, 43, 61, 60, 44, 14, 2, 0, 3, 38, 22, 45, 34, 57, 51, 64, 52],
[42, 24, 21, 62, 15, 11, 9, 17, 50, 23, 69, 19, 22, 13, 20, 33, 58, 51, 64, 52, 55, 8, 56, 28, 10, 16, 1],
[32, 54, 18, 38, 22, 33, 20, 17, 59, 1, 49, 62, 21, 6, 47, 53, 46, 40, 4, 25, 34, 51, 8, 26, 16, 9, 68, 11],
[14, 61, 17, 59, 1, 49, 42, 30, 26, 16, 10, 20, 43, 50, 0, 69, 29, 48, 39, 65, 18, 54, 36, 19],
[53, 40, 47, 6, 63, 24, 30, 62, 26, 8, 51, 64, 52, 20, 17, 44, 14, 61, 43, 33, 22, 36, 41, 27, 67, 18, 19],
[12, 27, 67, 65, 39, 32, 37, 5, 18, 19, 22, 45, 41, 34, 57, 35, 51, 56, 28, 8, 10, 17, 60, 14, 2, 23, 3, 29, 48, 69],
[2, 23, 3, 69, 66, 19, 54, 65, 5, 67, 27, 25, 12, 41, 58, 64, 52, 10, 16, 9, 68, 11, 15, 30, 21],
[46, 40, 7, 53, 47, 6, 35, 64, 58, 45, 36, 54, 32, 39, 48, 29, 23, 2, 14],
[31, 9, 11, 1, 49, 62, 42, 30, 24, 21, 6, 35, 41, 36, 38, 66, 3, 29, 19, 69],
[50, 33, 20, 55, 10, 59, 68, 11, 31, 1, 26, 8, 51, 58, 45, 36, 54, 18, 39, 48, 66, 38, 22, 13, 43, 17, 60, 44],
[45, 34, 57, 25, 27, 67, 65, 32, 54, 36, 22, 33, 43, 17, 59, 11, 31, 1, 16, 55, 10, 20, 13, 50, 0, 3, 66, 29]]

\
Best Operator Route set string:
\
27-41-34-58-64-52-20-17-61-60*46-40-53-47-6-56-28-8-10-59*32-39-18-54-36-45-58-51-35-6*23-2-0-69-3-66-19-38-22-33*29-48-66-19-36-45-34-35-51-8-26-62*4-25-12-41-45-22-13-50-2-14*7-4-12-25-41-34-57-35-6-47*50-43-20-55-10-16-26-30-24-21*63-21-24-30-26-16-10-17-61-60-44*5-18-54-36-45-58-64-52-10-16*68-9-11-31-1-26-8-51-41-45*49-26-16-10-55-20-33-22-19-66*37-65-5-54-19-22-33-43-61-60*22-33-20-55-10-16-26-49-15-42*12-25-27-41-36-54-18-5-37-67*

\
Best Passenger Route set sting:
\
47-40-12-41-34-51-8-26-49-15-30-63-6-35-58-33-50-2-0-3-48-39-32-54-19-38-18-37-5-67*42-62-21-63-6-35-34-45-36-54-5-32-18-37-65-67-27-25-4-7-40-12-41-51-57-58-33-50-0-23*45-22-33-50-23-3-19-18-37-5-65-54-66-69-0-2-14-44-61-17-10-8-56-6-47-7-46-40-12-27*31-11-49-9-16-1-59-10-8-51-41-27-67-37-18-66-38-22-45-34-25*24-21-6-47-40-7-53-4-25-41-58-33-13-43-61-60-44-14-2-0-3-38-22-45-34-57-51-64-52*42-24-21-62-15-11-9-17-50-23-69-19-22-13-20-33-58-51-64-52-55-8-56-28-10-16-1*32-54-18-38-22-33-20-17-59-1-49-62-21-6-47-53-46-40-4-25-34-51-8-26-16-9-68-11*14-61-17-59-1-49-42-30-26-16-10-20-43-50-0-69-29-48-39-65-18-54-36-19*53-40-47-6-63-24-30-62-26-8-51-64-52-20-17-44-14-61-43-33-22-36-41-27-67-18-19*12-27-67-65-39-32-37-5-18-19-22-45-41-34-57-35-51-56-28-8-10-17-60-14-2-23-3-29-48-69*2-23-3-69-66-19-54-65-5-67-27-25-12-41-58-64-52-10-16-9-68-11-15-30-21*46-40-7-53-47-6-35-64-58-45-36-54-32-39-48-29-23-2-14*31-9-11-1-49-62-42-30-24-21-6-35-41-36-38-66-3-29-19-69*50-33-20-55-10-59-68-11-31-1-26-8-51-58-45-36-54-18-39-48-66-38-22-13-43-17-60-44*45-34-57-25-27-67-65-32-54-36-22-33-43-17-59-11-31-1-16-55-10-20-13-50-0-3-66-29*