23_3_Mumford1_SA_Mutations RESULTS EVALUATION:
\
HV:0.7324 | BM:0.7758

\
	Operator	Passenger
\
f1_ATT	28.8159		23.8037
\
f2_TRT	515		1856
\
d_0	22.8703		46.7420
\
d_1	47.2445		50.0029
\
d_2	26.5439		3.2552
\
d_un	3.3413		0.0000

\
Best Operator Route set:
\
[[9, 68, 1, 26, 30, 24, 21, 63, 6, 35],
[2, 50, 43, 20, 10, 16, 26, 49, 42, 62],
[61, 44, 14, 2, 50, 33, 22, 45, 34, 35],
[31, 11, 68, 59, 17, 20, 33, 22, 19, 38],
[39, 32, 65, 5, 18, 19, 66, 69, 0, 2],
[15, 49, 26, 16, 10, 55, 20, 52, 64, 35],
[57, 34, 41, 36, 54, 18, 39, 48, 3, 69],
[40, 46, 7, 4, 12, 41, 58, 51, 64, 52],
[10, 59, 68, 9, 1, 16, 26, 8, 28, 56],
[65, 37, 67, 27, 12, 25, 34, 51, 8, 28],
[28, 8, 55, 20, 13, 22, 36, 41, 34, 57],
[60, 61, 17, 10, 28, 8, 56, 6, 47, 53],
[57, 35, 58, 45, 36, 38, 19, 66, 3, 23],
[36, 54, 5, 37, 65, 19, 66, 3, 29, 48],
[28, 8, 51, 35, 34, 41, 45, 36, 19, 54]]

\
Best Passenger Route set:
\
[[14, 2, 23, 29, 3, 66, 69, 19, 65, 67, 37, 5, 32, 18, 54, 36, 45, 58, 64, 52, 8, 26, 49, 15, 42, 62, 24, 21, 63, 30],
[2, 0, 3, 66, 54, 38, 19, 18, 32, 39, 48, 29, 69, 23, 50, 43, 17, 59, 9, 68, 1, 16, 26, 49, 62, 15, 30, 24, 21, 6],
[34, 57, 41, 27, 67, 65, 37, 5, 54, 18, 19, 38, 22, 33, 20, 10, 16, 26, 30, 24, 62, 42, 15, 49, 9, 11, 31, 1, 59, 17],
[25, 4, 53, 47, 6, 35, 51, 56, 28, 8, 26, 62, 49, 1, 16, 55, 20, 43, 50, 23, 69, 3, 66, 38, 36, 22, 19, 65, 67],
[65, 32, 5, 67, 27, 12, 40, 47, 53, 46, 7, 4, 25, 41, 58, 64, 52, 20, 17, 61, 43, 13, 22, 38, 54, 18, 39, 48, 69, 0],
[24, 21, 63, 6, 47, 7, 46, 40, 53, 4, 12, 27, 67, 5, 54, 19, 38, 22, 33, 20, 17, 59, 9, 11, 49, 26, 62, 30, 42, 15],
[2, 14, 61, 44, 60, 17, 10, 52, 64, 51, 41, 35, 58, 34, 57, 25, 12, 4, 7, 46, 40, 47, 6, 56, 8, 26, 30, 24, 21, 63],
[49, 62, 24, 21, 6, 47, 53, 46, 40, 7, 4, 25, 41, 58, 33, 43, 61, 60, 14, 44, 17, 50, 2, 0, 69, 23, 3, 66, 54, 18],
[16, 9, 31, 11, 15, 42, 62, 30, 24, 21, 63, 6, 35, 57, 34, 45, 36, 54, 5, 65, 37, 32, 18, 38, 69, 3, 66, 29, 48, 39],
[30, 24, 62, 15, 49, 26, 16, 10, 55, 20, 43, 50, 23, 69, 19, 18, 38, 54, 66, 3, 48, 39, 32, 5, 65, 37, 67, 27, 12, 25],
[22, 45, 58, 51, 41, 36, 38, 66, 3, 69, 23, 0, 2, 50, 43, 20, 55, 10, 16, 26, 49, 15, 62, 30, 24, 63, 21, 6, 35, 64],
[14, 44, 61, 17, 10, 55, 8, 56, 6, 47, 53, 46, 40, 12, 25, 41, 51, 64, 52, 20, 13, 22, 36, 38, 3, 19, 66, 54, 18, 39],
[28, 56, 6, 47, 53, 46, 40, 7, 4, 12, 25, 34, 35, 51, 8, 26, 1, 31, 9, 17, 43, 20, 55, 16, 10, 59, 11, 49, 42, 24],
[28, 10, 59, 11, 1, 16, 26, 8, 56, 6, 47, 7, 40, 53, 4, 25, 34, 35, 57, 41, 36, 54, 18, 39, 48, 3, 38, 19, 66, 69],
[62, 42, 30, 24, 21, 63, 6, 47, 53, 46, 40, 7, 4, 25, 41, 58, 33, 43, 61, 60, 14, 2, 0, 69, 29, 66, 19, 38, 3, 48]]

\
Best Operator Route set string:
\
9-68-1-26-30-24-21-63-6-35*2-50-43-20-10-16-26-49-42-62*61-44-14-2-50-33-22-45-34-35*31-11-68-59-17-20-33-22-19-38*39-32-65-5-18-19-66-69-0-2*15-49-26-16-10-55-20-52-64-35*57-34-41-36-54-18-39-48-3-69*40-46-7-4-12-41-58-51-64-52*10-59-68-9-1-16-26-8-28-56*65-37-67-27-12-25-34-51-8-28*28-8-55-20-13-22-36-41-34-57*60-61-17-10-28-8-56-6-47-53*57-35-58-45-36-38-19-66-3-23*36-54-5-37-65-19-66-3-29-48*28-8-51-35-34-41-45-36-19-54*

\
Best Passenger Route set sting:
\
14-2-23-29-3-66-69-19-65-67-37-5-32-18-54-36-45-58-64-52-8-26-49-15-42-62-24-21-63-30*2-0-3-66-54-38-19-18-32-39-48-29-69-23-50-43-17-59-9-68-1-16-26-49-62-15-30-24-21-6*34-57-41-27-67-65-37-5-54-18-19-38-22-33-20-10-16-26-30-24-62-42-15-49-9-11-31-1-59-17*25-4-53-47-6-35-51-56-28-8-26-62-49-1-16-55-20-43-50-23-69-3-66-38-36-22-19-65-67*65-32-5-67-27-12-40-47-53-46-7-4-25-41-58-64-52-20-17-61-43-13-22-38-54-18-39-48-69-0*24-21-63-6-47-7-46-40-53-4-12-27-67-5-54-19-38-22-33-20-17-59-9-11-49-26-62-30-42-15*2-14-61-44-60-17-10-52-64-51-41-35-58-34-57-25-12-4-7-46-40-47-6-56-8-26-30-24-21-63*49-62-24-21-6-47-53-46-40-7-4-25-41-58-33-43-61-60-14-44-17-50-2-0-69-23-3-66-54-18*16-9-31-11-15-42-62-30-24-21-63-6-35-57-34-45-36-54-5-65-37-32-18-38-69-3-66-29-48-39*30-24-62-15-49-26-16-10-55-20-43-50-23-69-19-18-38-54-66-3-48-39-32-5-65-37-67-27-12-25*22-45-58-51-41-36-38-66-3-69-23-0-2-50-43-20-55-10-16-26-49-15-62-30-24-63-21-6-35-64*14-44-61-17-10-55-8-56-6-47-53-46-40-12-25-41-51-64-52-20-13-22-36-38-3-19-66-54-18-39*28-56-6-47-53-46-40-7-4-12-25-34-35-51-8-26-1-31-9-17-43-20-55-16-10-59-11-49-42-24*28-10-59-11-1-16-26-8-56-6-47-7-40-53-4-25-34-35-57-41-36-54-18-39-48-3-38-19-66-69*62-42-30-24-21-63-6-47-53-46-40-7-4-25-41-58-33-43-61-60-14-2-0-69-29-66-19-38-3-48*