33_2_Mumford0__ALL_param RESULTS EVALUATION:
\
HV:0.8054 | BM:0.8087

\
	Operator	Passenger
\
f1_ATT	25.9399		15.4491
\
f2_TRT	98		511
\
d_0	29.1998		69.2542
\
d_1	39.1659		30.7458
\
d_2	25.4033		0.0000
\
d_un	6.2310		0.0000

\
Best Operator Route set:
\
[[0, 18],
[23, 9],
[24, 14],
[20, 7],
[24, 4],
[8, 12, 19, 17],
[29, 2],
[14, 23, 3, 1],
[15, 10, 2, 27, 16, 7, 14, 11, 17, 22, 0, 13, 6, 21, 5],
[22, 25],
[26, 0],
[25, 28]]

\
Best Passenger Route set:
\
[[5, 21, 2, 29, 27, 7, 14, 23, 9, 3, 1, 24, 20],
[17, 22, 12, 18, 13, 6, 15, 29, 2, 7, 24, 3, 1, 9],
[21, 6, 16, 27, 7, 25, 28, 17, 19, 18, 13],
[9, 3, 1, 14, 7, 10, 15, 21],
[28, 17, 18, 19, 22, 0, 13, 6, 5, 21, 10, 7, 16],
[9, 1, 3, 11, 17, 22, 0, 18, 13, 6, 21, 10, 27, 7, 28],
[23, 3, 14, 24, 4, 20, 7, 25, 22, 18, 0, 12, 8],
[1, 23, 14, 11, 17, 12, 8, 26, 0, 28, 7, 27, 2],
[20, 14, 11, 17, 18],
[29, 10, 2, 15, 16],
[13, 18, 0, 25, 7, 16, 6, 5, 15, 27],
[29, 2, 16, 28, 17, 19, 12, 8, 26, 0, 18, 13, 6, 10, 15]]

\
Best Operator Route set string:
\
0-18*23-9*24-14*20-7*24-4*8-12-19-17*29-2*14-23-3-1*15-10-2-27-16-7-14-11-17-22-0-13-6-21-5*22-25*26-0*25-28*

\
Best Passenger Route set sting:
\
5-21-2-29-27-7-14-23-9-3-1-24-20*17-22-12-18-13-6-15-29-2-7-24-3-1-9*21-6-16-27-7-25-28-17-19-18-13*9-3-1-14-7-10-15-21*28-17-18-19-22-0-13-6-5-21-10-7-16*9-1-3-11-17-22-0-18-13-6-21-10-27-7-28*23-3-14-24-4-20-7-25-22-18-0-12-8*1-23-14-11-17-12-8-26-0-28-7-27-2*20-14-11-17-18*29-10-2-15-16*13-18-0-25-7-16-6-5-15-27*29-2-16-28-17-19-12-8-26-0-18-13-6-10-15*