9_5_Mumford3_GA_Mut_prob RESULTS EVALUATION:
\
HV:0.6070 | BM:0.6385

\
	Operator	Passenger
\
f1_ATT	36.1536		28.8108
\
f2_TRT	2301		5719
\
d_0	19.1765		43.0759
\
d_1	54.5665		54.3846
\
d_2	23.8121		2.5395
\
d_un	2.4449		0.0000

\
Best Operator Route set:
\
[[114, 23, 124, 72, 66, 53, 14, 100, 78, 96, 71, 3],
[83, 50, 92, 126, 48, 2, 23, 53, 14, 61, 108, 115],
[16, 114, 74, 23, 49, 66, 53, 14, 100, 78, 96, 71],
[16, 114, 74, 23, 49, 66, 53, 14, 100, 78, 96, 71],
[112, 62, 16, 114, 74, 72, 66, 53, 14, 100, 71, 96],
[114, 74, 23, 124, 70, 66, 53, 14, 100, 78, 71, 96],
[16, 114, 74, 23, 72, 66, 53, 14, 100, 78, 71, 96],
[17, 89, 52, 118, 1, 77, 11, 0, 48, 73, 6, 45],
[16, 114, 23, 124, 72, 66, 53, 14, 100, 78, 96, 71],
[67, 81, 80, 9, 70, 124, 49, 2, 48, 73, 60, 32, 19, 20],
[16, 114, 23, 124, 72, 66, 53, 14, 100, 78, 96, 71],
[16, 114, 23, 124, 72, 66, 53, 14, 100, 78, 96, 71],
[16, 114, 23, 124, 72, 66, 53, 14, 100, 78, 96, 71],
[4, 69, 43, 113, 42, 89, 52, 118, 1, 11, 97, 48, 99],
[16, 114, 74, 23, 49, 66, 53, 14, 100, 78, 96, 71],
[41, 57, 30, 33, 39, 46, 11, 79, 2, 37, 74, 114],
[107, 3, 71, 78, 114, 2, 11, 7, 101, 88, 91, 123],
[44, 93, 120, 0, 79, 37, 23, 53, 61, 87, 110, 84],
[16, 114, 74, 23, 124, 66, 53, 14, 100, 78, 71, 96],
[16, 114, 23, 124, 72, 66, 53, 14, 100, 78, 96, 71],
[16, 114, 74, 23, 124, 66, 53, 14, 100, 96, 71, 78],
[16, 114, 74, 23, 124, 66, 53, 14, 100, 78, 71, 96],
[16, 114, 23, 124, 72, 66, 53, 14, 100, 78, 96, 71],
[71, 96, 100, 14, 66, 80, 63, 105, 43, 103, 28, 111],
[43, 104, 105, 63, 80, 66, 53, 14, 100, 12, 107, 15],
[57, 30, 38, 31, 52, 122, 29, 80, 66, 14, 106, 102],
[16, 114, 23, 124, 72, 66, 53, 14, 100, 78, 96, 71],
[16, 114, 23, 124, 72, 66, 53, 14, 100, 78, 96, 71],
[68, 34, 56, 84, 110, 87, 24, 36, 5, 58, 105, 104, 59],
[31, 51, 52, 122, 94, 29, 80, 9, 66, 14, 100, 71],
[96, 71, 100, 14, 66, 80, 63, 58, 105, 104, 43, 90],
[16, 114, 23, 124, 72, 66, 53, 14, 100, 78, 96, 71],
[16, 114, 74, 23, 124, 66, 53, 14, 100, 78, 71, 96],
[16, 114, 23, 124, 72, 66, 53, 14, 100, 78, 96, 71],
[16, 114, 23, 124, 72, 66, 53, 14, 100, 78, 96, 71],
[16, 114, 23, 124, 72, 66, 53, 14, 100, 78, 96, 71],
[80, 9, 70, 124, 49, 2, 48, 73, 60, 32, 19, 20],
[71, 96, 100, 14, 53, 66, 9, 63, 58, 104, 43, 98, 17, 64],
[62, 16, 114, 74, 72, 66, 53, 14, 100, 78, 71, 96],
[16, 114, 74, 23, 124, 66, 53, 14, 100, 71, 78, 96],
[16, 114, 23, 124, 72, 66, 53, 14, 100, 78, 96, 71],
[85, 20, 32, 60, 6, 45, 55, 16, 114, 78, 96, 71],
[16, 114, 23, 124, 72, 66, 53, 14, 100, 78, 96, 71],
[119, 21, 22, 30, 33, 38, 52, 122, 29, 5, 36, 24],
[16, 114, 74, 23, 124, 66, 53, 14, 100, 78, 71, 96],
[121, 125, 35, 21, 119, 8, 41, 25, 88, 101, 7, 26, 48, 73],
[16, 114, 23, 124, 72, 66, 53, 14, 100, 78, 96, 71],
[86, 18, 109, 69, 43, 59, 89, 51, 31, 39, 88, 82, 44, 120, 65, 116, 40],
[59, 89, 52, 118, 1, 11, 0, 26, 126, 92, 76, 85, 75],
[16, 114, 74, 23, 124, 66, 53, 14, 100, 78, 71, 96],
[16, 114, 74, 23, 49, 66, 53, 14, 100, 78, 71, 3],
[57, 30, 38, 31, 52, 122, 29, 80, 66, 14, 61, 106],
[47, 54, 31, 51, 52, 27, 81, 29, 80, 63, 105, 104, 59],
[54, 51, 52, 118, 1, 77, 11, 79, 2, 114, 16, 62],
[16, 114, 23, 124, 72, 66, 53, 14, 100, 78, 96, 71],
[71, 96, 100, 14, 53, 66, 80, 63, 105, 104, 43, 98],
[57, 30, 38, 31, 52, 122, 29, 80, 66, 14, 108, 106],
[16, 114, 74, 23, 124, 66, 53, 14, 100, 78, 71, 96],
[16, 114, 23, 124, 72, 66, 53, 14, 100, 78, 96, 71],
[50, 13, 95, 82, 88, 39, 38, 31, 51, 89, 59, 104, 18, 109, 10, 117]]

\
Best Passenger Route set:
\
[[41, 8, 119, 21, 22, 30, 39, 46, 11, 2, 23, 53, 14, 61, 108, 115, 106, 87, 102, 24, 5, 29, 94, 81, 27],
[71, 100, 12, 107, 15, 3, 96, 78, 114, 2, 79, 0, 101, 88, 91, 125, 21, 119, 22, 41, 25, 33, 54, 51],
[94, 27, 1, 67, 118, 46, 39, 38, 31, 47, 51, 52, 122, 29, 80, 70, 66, 14, 100, 12, 56, 107, 15, 3, 78],
[110, 68, 34, 56, 12, 3, 71, 78, 114, 2, 79, 0, 120, 116, 65, 101, 26, 126, 48, 99, 73, 45, 60, 112, 62],
[6, 45, 73, 48, 79, 11, 1, 27, 52, 89, 17, 98],
[52, 51, 38, 30, 57, 21, 119, 8, 41, 25, 88, 101, 26, 48, 73, 99, 55, 16, 62, 112, 32, 45, 6],
[34, 68, 110, 87, 24, 86, 10, 69, 103, 109, 4, 43, 113, 89, 52, 118, 1, 11, 26, 126, 92, 76, 20, 19],
[93, 7, 120, 44, 95, 40, 92, 83, 50, 116, 65, 82, 88, 39, 31, 89, 113, 43, 69, 109, 18, 4, 111, 28, 103],
[6, 45, 55, 99, 48, 79, 2, 49, 124, 9, 80, 63, 105, 104, 18, 109, 69, 10, 86, 24, 102, 106, 115, 3, 100],
[119, 8, 22, 57, 21, 41, 30, 38, 52, 122, 29, 36, 5, 24, 87, 110, 84, 56, 68, 12, 3, 100, 14, 53, 61],
[84, 110, 87, 108, 61, 53, 23, 37, 2, 48, 73, 6, 45, 55],
[23, 74, 49, 124, 72, 14, 106, 102, 87, 110, 68, 34, 56, 3, 78, 114, 16, 55, 45, 6, 60, 32, 20, 85, 75],
[33, 39, 30, 57, 8, 41, 25, 88, 101, 0, 79, 2, 114, 78, 71, 100, 96, 3, 56, 84, 110, 87, 102, 24, 5],
[77, 11, 46, 118, 67, 81, 94, 29, 5, 24, 117, 86, 10, 69, 43, 59, 89, 31, 33, 30, 22, 119, 8],
[34, 68, 110, 87, 24, 36, 5, 63, 105, 58, 104, 59],
[76, 50, 19, 32, 60, 73, 48, 97, 11, 46, 39, 30, 57],
[45, 6, 55, 112, 62, 16, 114, 2, 79, 0, 77, 1, 118, 52, 51, 89, 17, 113, 42, 43, 69],
[13, 76, 20, 75, 60, 73, 48, 97, 11, 77, 1, 118, 52, 89, 42, 90, 103, 109, 43, 17, 113, 98, 28, 111, 64],
[10, 86, 117, 18, 109, 69, 43, 59, 89, 51, 31, 39, 88, 82, 44, 120, 0, 11, 1, 81, 94, 29, 5, 9, 36],
[38, 30, 57, 8, 22, 41, 25, 88, 101, 7, 26, 48, 73, 45, 6, 112, 62, 16, 114, 74, 72, 23, 53, 14],
[79, 2, 49, 124, 70, 72, 9, 63, 58, 104, 43, 109, 10, 117, 86, 24, 36, 5, 80, 66, 74, 114, 16, 62, 112],
[112, 55, 6, 45, 60, 32, 20, 92, 126, 26, 11, 77, 1, 118, 52, 89, 113, 98, 90, 17, 28, 43, 64, 4, 111],
[116, 120, 26, 126, 32, 60, 73, 48, 97, 79, 11, 67, 118, 52, 89, 59, 113, 17, 64, 28, 98, 90, 43, 4],
[125, 88, 25, 41, 8, 57, 21, 22, 30, 33, 39, 46, 11, 79, 2, 114, 78, 3, 68, 110, 84, 56, 12, 107, 15],
[123, 35, 125, 88, 101, 0, 79, 2, 37, 23, 53, 14, 61, 102, 24, 36, 29, 5, 58, 63, 80, 81, 122, 52, 89],
[110, 84, 68, 34, 56, 12, 15, 3, 71, 100, 14, 53, 66, 9, 29, 122, 52, 51, 54, 47, 31, 30, 8, 119, 22],
[85, 20, 32, 60, 73, 48, 2, 49, 124, 9, 63, 105, 104, 18, 109],
[15, 56, 84, 110, 87, 61, 53, 23, 37, 79, 0, 26, 40, 95, 116, 65, 44, 82, 93, 101, 7, 11, 46, 67],
[75, 85, 19, 32, 112, 62, 16, 55, 99, 48, 26, 7, 101, 88, 125, 21, 119, 8, 35, 22, 57, 30, 41, 33],
[79, 97, 0, 26, 7, 93, 44, 95, 13, 83, 50, 40, 82, 88, 39, 31, 89, 59, 104, 18, 103, 4, 69, 43, 105],
[35, 22, 41, 33, 31, 52, 122, 29, 80, 66, 53, 14, 61, 115],
[103, 28, 64, 4, 18, 109, 69, 43, 59, 89, 51, 54, 31, 39, 88, 82, 44, 93, 7, 40, 116, 65, 101, 26, 0],
[111, 69, 10, 109, 86, 117, 24, 36, 80, 66, 49, 2, 48, 126, 92, 50, 65, 116, 120, 7],
[2, 74, 66, 80, 81, 9, 5, 36, 24, 117, 10, 69, 43, 90, 113, 42, 89, 31, 39, 88, 82, 95, 123, 91, 125],
[28, 42, 43, 4, 111, 64, 98, 17, 89, 52, 118, 1, 77, 11, 97, 48, 99, 73, 60, 32, 20, 85, 76, 50, 83],
[68, 34, 56, 12, 3, 71, 78, 114, 2, 79, 0, 101, 88, 121, 125, 91, 82, 95, 116, 44, 40, 93, 120, 26, 7],
[99, 73, 45, 6, 55, 16, 114, 23, 72, 66, 80, 63, 105, 42, 43, 103, 64, 111, 4, 109, 69, 18, 10, 86, 117],
[34, 56, 107, 3, 96, 71, 100, 14, 66, 80, 63, 105, 42, 113, 59, 89, 51, 52, 27, 1, 77, 11, 79, 2, 97],
[103, 28, 111, 4, 43, 113, 42, 89, 52, 118, 1, 11, 97, 48, 73, 60, 32, 112, 16, 55, 6, 45],
[88, 91, 123, 95, 13, 50, 20, 85, 76, 92, 126, 73, 48, 2, 23, 53, 61, 108, 102, 24, 86, 18, 103, 98, 17],
[56, 34, 68, 84, 110, 87, 61, 14, 53, 23, 37, 79, 0, 120, 116, 65, 40, 93, 88, 25, 33, 31, 30, 39, 38],
[48, 99, 73, 126, 92, 50, 76, 85, 20, 32, 60, 45, 6, 55, 16, 114, 78, 71, 100, 96, 3, 12, 56, 107, 15],
[83, 76, 19, 92, 50, 40, 7, 11, 1, 27, 29, 5, 36, 24, 86, 117, 10, 18, 103, 28, 98, 90, 113],
[11, 26, 126, 92, 83, 76, 85, 75, 32, 60, 73, 48, 2, 23, 53, 61, 106, 87, 110, 84, 56, 15, 107, 3, 115],
[98, 113, 89, 52, 118, 1, 77, 11, 79, 97, 0, 48, 73, 60, 75, 20, 76, 50, 40, 93, 44],
[75, 32, 60, 73, 48, 97, 11, 77, 67, 118, 52, 89, 42, 104, 105, 63, 58, 5, 9, 29, 36, 80, 66, 124],
[76, 83, 50, 116, 93, 88, 39, 31, 89, 17, 64, 98, 43, 90, 59, 113, 42],
[88, 25, 41, 57, 22, 30, 33, 38, 47, 54, 51, 52, 122, 29, 80, 66, 74, 114, 16, 62],
[15, 107, 56, 34, 68, 110, 87, 24, 36, 5, 63, 58, 104, 59, 89, 52, 31, 38, 39, 46, 118, 67, 1, 77, 11],
[42, 43, 109, 86, 117, 10, 4, 69, 18, 104, 58, 63, 80, 70, 72, 49, 2, 48, 73, 126, 92, 83, 13, 50, 20],
[96, 71, 78, 114, 74, 2, 11, 67, 118, 52, 89, 17, 64, 111, 103, 18, 104, 105, 58, 5, 24, 36],
[117, 24, 102, 87, 110, 84, 68, 34, 56, 12, 3, 78, 114, 2, 79, 11, 46, 39, 33, 30, 57, 21, 35, 91, 82],
[64, 43, 104, 105, 58, 63, 80, 66, 53, 14, 100, 71, 3, 12, 68, 84, 110],
[78, 71, 96, 3, 12, 100, 14, 72, 9, 80, 29, 94, 27, 52, 51, 54, 30, 57, 41, 33, 39, 88, 82, 116, 40],
[111, 28, 103, 109, 69, 10, 86, 24, 5, 80, 66, 49, 2, 48, 73, 126, 92, 85, 19, 20],
[83, 76, 19, 92, 13, 50, 40, 7, 11, 1, 27, 29, 5, 36, 24, 117, 10, 18, 103, 64, 28, 98, 90, 113],
[99, 55, 60, 112, 45, 6, 73, 48, 79, 11, 77, 1, 118, 52, 51, 47, 31, 38, 39, 46, 67, 27, 122, 94, 29],
[28, 64, 4, 111, 103, 43, 105, 63, 9, 124, 23, 74, 114, 16, 112, 45, 6, 55, 60, 32, 75, 19, 76, 92, 83],
[65, 44, 116, 82, 40, 26, 126, 32, 6, 45, 73, 48, 2, 49, 124, 9, 63, 105, 43, 69, 109, 18, 104, 59, 89],
[64, 103, 43, 17, 42, 104, 58, 63, 80, 9, 124, 72, 49, 2, 79, 0, 120, 116, 65]]

\
Best Operator Route set string:
\
114-23-124-72-66-53-14-100-78-96-71-3*83-50-92-126-48-2-23-53-14-61-108-115*16-114-74-23-49-66-53-14-100-78-96-71*16-114-74-23-49-66-53-14-100-78-96-71*112-62-16-114-74-72-66-53-14-100-71-96*114-74-23-124-70-66-53-14-100-78-71-96*16-114-74-23-72-66-53-14-100-78-71-96*17-89-52-118-1-77-11-0-48-73-6-45*16-114-23-124-72-66-53-14-100-78-96-71*67-81-80-9-70-124-49-2-48-73-60-32-19-20*16-114-23-124-72-66-53-14-100-78-96-71*16-114-23-124-72-66-53-14-100-78-96-71*16-114-23-124-72-66-53-14-100-78-96-71*4-69-43-113-42-89-52-118-1-11-97-48-99*16-114-74-23-49-66-53-14-100-78-96-71*41-57-30-33-39-46-11-79-2-37-74-114*107-3-71-78-114-2-11-7-101-88-91-123*44-93-120-0-79-37-23-53-61-87-110-84*16-114-74-23-124-66-53-14-100-78-71-96*16-114-23-124-72-66-53-14-100-78-96-71*16-114-74-23-124-66-53-14-100-96-71-78*16-114-74-23-124-66-53-14-100-78-71-96*16-114-23-124-72-66-53-14-100-78-96-71*71-96-100-14-66-80-63-105-43-103-28-111*43-104-105-63-80-66-53-14-100-12-107-15*57-30-38-31-52-122-29-80-66-14-106-102*16-114-23-124-72-66-53-14-100-78-96-71*16-114-23-124-72-66-53-14-100-78-96-71*68-34-56-84-110-87-24-36-5-58-105-104-59*31-51-52-122-94-29-80-9-66-14-100-71*96-71-100-14-66-80-63-58-105-104-43-90*16-114-23-124-72-66-53-14-100-78-96-71*16-114-74-23-124-66-53-14-100-78-71-96*16-114-23-124-72-66-53-14-100-78-96-71*16-114-23-124-72-66-53-14-100-78-96-71*16-114-23-124-72-66-53-14-100-78-96-71*80-9-70-124-49-2-48-73-60-32-19-20*71-96-100-14-53-66-9-63-58-104-43-98-17-64*62-16-114-74-72-66-53-14-100-78-71-96*16-114-74-23-124-66-53-14-100-71-78-96*16-114-23-124-72-66-53-14-100-78-96-71*85-20-32-60-6-45-55-16-114-78-96-71*16-114-23-124-72-66-53-14-100-78-96-71*119-21-22-30-33-38-52-122-29-5-36-24*16-114-74-23-124-66-53-14-100-78-71-96*121-125-35-21-119-8-41-25-88-101-7-26-48-73*16-114-23-124-72-66-53-14-100-78-96-71*86-18-109-69-43-59-89-51-31-39-88-82-44-120-65-116-40*59-89-52-118-1-11-0-26-126-92-76-85-75*16-114-74-23-124-66-53-14-100-78-71-96*16-114-74-23-49-66-53-14-100-78-71-3*57-30-38-31-52-122-29-80-66-14-61-106*47-54-31-51-52-27-81-29-80-63-105-104-59*54-51-52-118-1-77-11-79-2-114-16-62*16-114-23-124-72-66-53-14-100-78-96-71*71-96-100-14-53-66-80-63-105-104-43-98*57-30-38-31-52-122-29-80-66-14-108-106*16-114-74-23-124-66-53-14-100-78-71-96*16-114-23-124-72-66-53-14-100-78-96-71*50-13-95-82-88-39-38-31-51-89-59-104-18-109-10-117*

\
Best Passenger Route set sting:
\
41-8-119-21-22-30-39-46-11-2-23-53-14-61-108-115-106-87-102-24-5-29-94-81-27*71-100-12-107-15-3-96-78-114-2-79-0-101-88-91-125-21-119-22-41-25-33-54-51*94-27-1-67-118-46-39-38-31-47-51-52-122-29-80-70-66-14-100-12-56-107-15-3-78*110-68-34-56-12-3-71-78-114-2-79-0-120-116-65-101-26-126-48-99-73-45-60-112-62*6-45-73-48-79-11-1-27-52-89-17-98*52-51-38-30-57-21-119-8-41-25-88-101-26-48-73-99-55-16-62-112-32-45-6*34-68-110-87-24-86-10-69-103-109-4-43-113-89-52-118-1-11-26-126-92-76-20-19*93-7-120-44-95-40-92-83-50-116-65-82-88-39-31-89-113-43-69-109-18-4-111-28-103*6-45-55-99-48-79-2-49-124-9-80-63-105-104-18-109-69-10-86-24-102-106-115-3-100*119-8-22-57-21-41-30-38-52-122-29-36-5-24-87-110-84-56-68-12-3-100-14-53-61*84-110-87-108-61-53-23-37-2-48-73-6-45-55*23-74-49-124-72-14-106-102-87-110-68-34-56-3-78-114-16-55-45-6-60-32-20-85-75*33-39-30-57-8-41-25-88-101-0-79-2-114-78-71-100-96-3-56-84-110-87-102-24-5*77-11-46-118-67-81-94-29-5-24-117-86-10-69-43-59-89-31-33-30-22-119-8*34-68-110-87-24-36-5-63-105-58-104-59*76-50-19-32-60-73-48-97-11-46-39-30-57*45-6-55-112-62-16-114-2-79-0-77-1-118-52-51-89-17-113-42-43-69*13-76-20-75-60-73-48-97-11-77-1-118-52-89-42-90-103-109-43-17-113-98-28-111-64*10-86-117-18-109-69-43-59-89-51-31-39-88-82-44-120-0-11-1-81-94-29-5-9-36*38-30-57-8-22-41-25-88-101-7-26-48-73-45-6-112-62-16-114-74-72-23-53-14*79-2-49-124-70-72-9-63-58-104-43-109-10-117-86-24-36-5-80-66-74-114-16-62-112*112-55-6-45-60-32-20-92-126-26-11-77-1-118-52-89-113-98-90-17-28-43-64-4-111*116-120-26-126-32-60-73-48-97-79-11-67-118-52-89-59-113-17-64-28-98-90-43-4*125-88-25-41-8-57-21-22-30-33-39-46-11-79-2-114-78-3-68-110-84-56-12-107-15*123-35-125-88-101-0-79-2-37-23-53-14-61-102-24-36-29-5-58-63-80-81-122-52-89*110-84-68-34-56-12-15-3-71-100-14-53-66-9-29-122-52-51-54-47-31-30-8-119-22*85-20-32-60-73-48-2-49-124-9-63-105-104-18-109*15-56-84-110-87-61-53-23-37-79-0-26-40-95-116-65-44-82-93-101-7-11-46-67*75-85-19-32-112-62-16-55-99-48-26-7-101-88-125-21-119-8-35-22-57-30-41-33*79-97-0-26-7-93-44-95-13-83-50-40-82-88-39-31-89-59-104-18-103-4-69-43-105*35-22-41-33-31-52-122-29-80-66-53-14-61-115*103-28-64-4-18-109-69-43-59-89-51-54-31-39-88-82-44-93-7-40-116-65-101-26-0*111-69-10-109-86-117-24-36-80-66-49-2-48-126-92-50-65-116-120-7*2-74-66-80-81-9-5-36-24-117-10-69-43-90-113-42-89-31-39-88-82-95-123-91-125*28-42-43-4-111-64-98-17-89-52-118-1-77-11-97-48-99-73-60-32-20-85-76-50-83*68-34-56-12-3-71-78-114-2-79-0-101-88-121-125-91-82-95-116-44-40-93-120-26-7*99-73-45-6-55-16-114-23-72-66-80-63-105-42-43-103-64-111-4-109-69-18-10-86-117*34-56-107-3-96-71-100-14-66-80-63-105-42-113-59-89-51-52-27-1-77-11-79-2-97*103-28-111-4-43-113-42-89-52-118-1-11-97-48-73-60-32-112-16-55-6-45*88-91-123-95-13-50-20-85-76-92-126-73-48-2-23-53-61-108-102-24-86-18-103-98-17*56-34-68-84-110-87-61-14-53-23-37-79-0-120-116-65-40-93-88-25-33-31-30-39-38*48-99-73-126-92-50-76-85-20-32-60-45-6-55-16-114-78-71-100-96-3-12-56-107-15*83-76-19-92-50-40-7-11-1-27-29-5-36-24-86-117-10-18-103-28-98-90-113*11-26-126-92-83-76-85-75-32-60-73-48-2-23-53-61-106-87-110-84-56-15-107-3-115*98-113-89-52-118-1-77-11-79-97-0-48-73-60-75-20-76-50-40-93-44*75-32-60-73-48-97-11-77-67-118-52-89-42-104-105-63-58-5-9-29-36-80-66-124*76-83-50-116-93-88-39-31-89-17-64-98-43-90-59-113-42*88-25-41-57-22-30-33-38-47-54-51-52-122-29-80-66-74-114-16-62*15-107-56-34-68-110-87-24-36-5-63-58-104-59-89-52-31-38-39-46-118-67-1-77-11*42-43-109-86-117-10-4-69-18-104-58-63-80-70-72-49-2-48-73-126-92-83-13-50-20*96-71-78-114-74-2-11-67-118-52-89-17-64-111-103-18-104-105-58-5-24-36*117-24-102-87-110-84-68-34-56-12-3-78-114-2-79-11-46-39-33-30-57-21-35-91-82*64-43-104-105-58-63-80-66-53-14-100-71-3-12-68-84-110*78-71-96-3-12-100-14-72-9-80-29-94-27-52-51-54-30-57-41-33-39-88-82-116-40*111-28-103-109-69-10-86-24-5-80-66-49-2-48-73-126-92-85-19-20*83-76-19-92-13-50-40-7-11-1-27-29-5-36-24-117-10-18-103-64-28-98-90-113*99-55-60-112-45-6-73-48-79-11-77-1-118-52-51-47-31-38-39-46-67-27-122-94-29*28-64-4-111-103-43-105-63-9-124-23-74-114-16-112-45-6-55-60-32-75-19-76-92-83*65-44-116-82-40-26-126-32-6-45-73-48-2-49-124-9-63-105-43-69-109-18-104-59-89*64-103-43-17-42-104-58-63-80-9-124-72-49-2-79-0-120-116-65*