,R_x,f_1,f_2,Generation,Rank
39546,46-53-47-6-56-28-8-55-17-61-60-14*65-39-18-54-38-22-45-41-57-35-51-56*21-62-26-16-10-17-50-23-3-48-39*3-0-50-13-22-45-41-12-4-7-40-46*69-48-29-3-66-19-38-36-45-34-35-6-21*21-24-30-26-16-10-55-20-43-50-2*48-39-32-18-54-36-45-34-51-8-26-49-15-42*27-25-41-45-58-64-52-10-59-68*67-27-41-34-51-8-26-1-11-31-9*41-27-67-37-5-54-19-22-33-20-17-59-9-68-11*30-24-63-6-35-34-45-36-54-5-65-37-67*48-3-19-69-23-50-43-17-59-1-49-15-42-62*40-4-25-57-35-51-8-26-16-9-68*32-65-18-66-19-36-22-13-43-61-60-44*13-43-61-44-17-20-52-64-51-34-25-4-53-47-40*,25.071400759019195,725.0,197,0.0
40072,46-53-47-6-56-28-8-55-17-61-60-14*65-39-18-54-38-22-45-41-57-35-51-56*21-62-26-16-10-17-50-23-3-48-39*3-0-50-13-22-45-41-12-4-7-40-46*69-29-3-66-19-38-36-45-34-35-6-21*21-24-30-26-16-10-55-20-43-50-2*48-39-32-18-54-36-45-34-51-8-26-49-15-42*27-25-41-45-58-64-52-10-59-68*67-27-41-34-51-8-26-1-11-31-9*41-27-67-37-5-54-19-22-33-20-17-59-9-68-11*30-24-63-6-35-34-45-36-54-5-65-37-67*48-3-19-69-23-50-43-17-59-1-49-15-42-62*40-4-25-57-35-51-8-26-16-9-68*32-65-18-66-19-36-22-13-43-61-60-44*13-43-61-44-17-20-52-64-51-34-25-4-53-47-40*,25.085807587076946,720.0,200,0.0
39885,46-53-47-6-56-28-8-55-17-61-60-14*65-39-18-54-38-22-45-34-57-35-51-56*21-62-26-16-10-17-50-23-3-48-39*0-50-13-22-45-41-12-4-7-40-46*69-48-29-3-66-19-38-36-45-34-35-6-21*21-24-30-26-16-10-55-20-43-50-2*48-39-32-18-54-36-45-34-51-8-26-49-15-42*27-25-41-45-58-64-52-10-59-68*67-27-41-34-51-8-26-1-11-31-9*41-27-67-37-5-54-19-22-33-20-17-59-9-68-11*30-24-63-6-35-41-45-36-54-5-65-37-67*48-3-19-69-23-50-43-17-59-1-49-15-42-62*40-4-25-57-35-51-8-26-16-9-68*32-65-18-66-19-36-22-13-43-61-60-44*13-43-61-44-17-20-52-64-51-34-25-4-53-47-40*,25.12536795817607,718.0,199,0.0
39989,46-53-47-6-56-28-8-55-17-61-60-14*65-39-18-54-38-22-45-41-57-35-51-56*30-21-62-26-16-10-17-50-23-3-48-39*0-50-13-22-45-41-12-4-7-40-46*69-48-29-3-66-19-38-36-45-34-35-6-21*21-24-30-26-16-10-55-20-43-50-2*39-65-32-18-54-36-45-34-51-8-26-49-15-42*27-25-41-45-58-64-52-10-59-68*67-27-41-34-51-8-26-1-31-11-9*41-27-67-37-5-54-19-22-33-20-17-59-9-68-11*30-24-63-6-35-34-45-36-54-5-65-37-67*48-3-19-69-23-50-43-17-59-1-49-15-42-62*40-4-25-57-35-51-8-26-16-9-68*32-65-18-66-19-36-22-13-43-61-60-44*13-43-61-44-17-20-52-64-51-34-25-4-53-7*,25.160167586453948,715.0,199,0.0
39426,46-53-47-6-56-28-8-55-17-61-60-14*65-39-18-54-38-22-45-41-57-35-51-56*30-21-62-26-16-10-17-50-23-3-48-39*0-50-13-22-45-41-12-4-7-40-46*69-48-29-3-66-19-38-36-45-34-35-6-21*21-24-30-26-16-10-55-20-43-50-2*48-39-65-32-18-54-36-45-34-51-8-26-49-15-42*27-25-41-45-58-64-52-10-59-68*67-27-41-34-51-8-26-1-31-11-9*41-27-67-37-5-54-19-22-33-20-17-59-9-68-11*30-24-63-6-35-34-45-36-54-5-65-37-67*48-3-19-69-23-50-43-17-59-1-49-15-42-62*4-25-57-35-51-8-26-16-9-68*32-65-18-66-19-36-22-13-43-61-60-44*13-43-61-44-17-20-52-64-51-34-25-4-53-7*,25.195247563818356,714.0,197,0.0
38895,46-53-47-6-56-8-55-17-61-60-14*65-39-18-54-38-22-45-41-57-35-51-56-28*21-62-26-16-10-17-50-23-3-48-39*0-50-13-22-45-41-12-4-7-40-46*69-48-29-3-66-19-38-36-45-34-35-6-21*21-24-30-26-16-10-55-20-43-50-2*48-39-65-32-18-54-36-45-34-51-8-26-49-15-42*27-25-41-45-58-64-52-10-59-9-68*67-27-41-35-51-8-26-1-11-31-9*41-27-67-37-5-54-19-22-33-20-17-59-9-68-11*30-24-63-6-35-34-45-36-54-5-65-37-67*48-3-19-69-23-50-43-17-59-1-49-15-42-62*4-25-57-35-51-8-26-16-9-68*32-65-18-66-19-36-22-13-43-61-60-44*13-43-61-44-17-20-52-64-51-34-25-4-53-7*,25.203273854332693,713.0,194,0.0
39570,46-53-47-6-56-28-8-55-17-61-14*39-18-54-36-22-45-41-57-35-51-56*21-30-62-26-16-10-17-50-23-3*0-50-13-22-45-41-12-4-53-7*69-48-29-3-66-19-38-36-45-34-35-6-21-24*21-24-30-26-16-10-55-20-43-50-2*48-39-32-18-54-36-45-34-51-8-26-49-15-42*27-25-41-45-58-64-52-10-59-68*5-18-65-67-27-41-34-51-8-26-1-68-9-31*41-27-67-37-5-54-19-22-33-20-17-9-68-11*30-63-6-35-34-45-36-54-5-65-37-67*48-3-69-23-50-43-17-59-1-49-15-42-24-62*40-4-25-57-35-51-8-26-16-9-68*54-32-65-18-66-19-38-22-13-43-61-60*13-43-61-44-60-17-20-52-64-51-34-25-4-7-40-46*,25.20345037042421,708.0,197,0.0
40148,46-53-47-6-56-28-8-55-17-61-14*39-18-54-36-22-45-41-57-35-51-56*21-30-62-26-16-10-17-50-23-3*0-50-13-22-45-41-12-4-53-7*69-48-29-3-66-19-38-36-45-34-35-6-21-24*21-24-30-26-16-10-55-20-43-50-2*48-39-32-18-54-36-45-34-51-8-26-49-15-42*25-27-41-45-58-64-52-10-59-68*18-5-65-67-27-41-34-51-8-26-1-68-9-31*41-27-67-37-5-54-19-22-33-20-17-9-68-11*30-63-6-35-34-45-36-54-5-65-37-67*48-3-69-23-50-43-17-59-1-49-15-42-24-62*40-4-25-57-35-51-8-26-16-9-68*54-32-65-18-66-19-38-22-13-43-61-60*13-43-61-44-60-17-20-52-64-51-34-25-4-7-40-46*,25.221356370413826,707.0,200,0.0
38292,46-53-47-6-56-28-8-55-17-61-14*39-18-54-36-22-45-41-57-35-51-56*21-30-62-26-16-10-17-50-23-3*0-50-13-22-45-41-12-4-53-7*69-48-29-3-66-19-38-36-45-34-35-6-21-24*21-24-30-26-16-10-55-20-43-50-2*48-39-32-18-54-36-45-34-51-8-26-49-15-42*27-25-41-45-58-64-52-10-59-68*5-18-67-27-41-34-51-8-26-1-68-9-31*41-27-67-37-5-54-19-22-33-20-17-9-68-11*30-63-6-35-34-45-36-54-5-65-37-67*48-3-69-23-50-43-17-59-1-49-15-42-24-62*40-4-25-57-35-51-8-26-16-9-68*54-32-65-18-66-19-38-22-13-43-61-60*13-43-61-44-60-17-20-52-64-51-34-25-4-7-40-46*,25.22706199348967,706.0,191,0.0
37913,46-53-47-6-56-28-8-55-17-61-14*39-18-54-36-22-45-41-57-35-51-56*21-30-62-26-16-10-17-50-23-3*0-50-13-22-45-41-12-4-53-7*69-48-29-3-66-19-38-36-45-34-35-6-21-24*21-24-30-26-16-10-55-20-43-50-2*48-39-32-18-54-36-45-34-51-8-26-49-15-42*27-25-41-45-58-64-52-10-59-68*5-18-67-27-41-34-51-8-26-1-68-9-31*41-27-67-37-5-54-19-22-33-20-17-9-68-11*30-63-6-35-34-45-36-54-5-65-37-67*48-3-69-23-50-43-17-59-1-49-15-42-24-62*40-4-25-57-35-51-8-26-16-9-68*32-65-18-66-19-38-22-13-43-61-60*13-43-61-44-60-17-20-52-64-51-34-25-4-7-40-46*,25.232585908824248,701.0,189,0.0
39957,46-53-47-6-56-28-8-55-17-61-14*39-18-54-36-22-45-41-57-35-51-56*21-30-62-26-16-10-17-50-23-3*0-50-13-22-45-41-12-4-53-7*69-48-29-3-66-19-38-36-45-34-35-6-21-24*21-24-30-26-16-10-55-20-43-50-2*48-39-32-18-54-36-45-34-51-8-26-49-15-42*27-25-41-45-58-64-52-10-59-68*18-5-67-27-41-34-51-8-26-1-68-9-31*41-27-67-37-5-54-19-22-33-20-17-9-68-11*30-63-6-35-34-45-36-54-5-65-37-67*48-3-69-23-50-43-17-59-1-49-15-42-24-62*4-25-57-35-51-8-26-16-9-68*32-65-18-66-19-38-22-13-43-61-60-44*13-43-61-44-60-17-20-52-64-51-34-25-4-7-40-46*,25.246203606119916,696.0,199,0.0
37966,46-53-47-6-56-28-8-55-17-61-14*39-18-54-36-22-45-41-57-35-51-56*21-30-62-26-16-10-17-50-23-3*0-50-13-22-45-41-12-4-53-7*69-48-29-3-66-19-38-36-45-34-35-6-21-24*21-24-30-26-16-10-55-20-43-50-2*48-39-32-18-54-36-45-34-51-8-26-49-15-42*27-25-41-45-58-64-52-10-59-68*18-5-67-27-41-34-51-8-26-1-68-9-31*41-27-67-37-5-54-19-22-33-20-17-9-68-11*30-63-6-35-34-45-36-54-5-65-37-67*48-3-69-23-50-43-17-59-1-49-15-42-24-62*4-25-57-35-51-8-26-16-9-68*32-65-18-66-19-38-22-13-43-61-60*13-43-61-44-60-17-20-52-64-51-34-25-4-7-40-46*,25.255590108868894,693.0,189,0.0
37228,46-53-47-6-56-28-8-55-17-61-14*39-18-54-36-22-45-41-57-35-51-56*21-30-62-26-16-10-17-50-23-3*0-50-13-22-45-41-12-4-53-7*69-48-29-3-66-19-38-36-45-34-35-6-21-24*21-24-30-26-16-10-55-20-43-50-2*48-39-32-18-54-36-45-34-51-8-26-49-15-42*27-25-41-45-58-64-52-10-59-68*5-67-27-41-34-51-8-26-1-68-11-31*41-27-67-37-5-54-19-22-33-20-17-9-68-11*30-24-63-6-35-34-45-36-54-5-65-37-67*48-3-69-23-50-43-17-59-1-49-15-42-62*4-25-57-35-51-8-26-16-9-68*32-65-18-66-19-38-22-13-43-61-60*13-43-61-44-60-17-20-52-64-35-34-25-4-7-40-46*,25.27664224860734,684.0,186,0.0
37264,46-53-47-6-56-8-55-17-61-14*39-18-54-36-22-45-41-57-35-51-56-28*21-62-30-26-16-10-17-50-0-23-3*0-50-13-22-45-41-12-4-53-7*69-48-29-3-66-19-38-36-45-34-35-6-21-24*21-24-30-26-16-10-55-20-43-50-2*48-39-32-18-54-36-45-34-51-8-26-49-15-42*27-25-41-45-58-64-52-10-59-68*5-67-27-41-34-51-8-26-1-68-9-31*27-67-65-37-5-54-19-22-33-20-17-9-68-11*30-24-63-6-35-34-45-36-54-5-65-37-67*48-3-69-23-50-43-17-59-1-49-15-42-62*4-25-57-35-51-8-26-16-9-68*32-18-66-19-38-22-13-43-61-60*13-43-61-44-60-17-20-52-64-51-35-34-25-4-7-40-46*,25.306515001271954,681.0,186,0.0
39026,32-65-5-67-27-25-4-40-7-46*21-6-35-34-45-36-38-69-29-48*36-45-58-41-35-64-52-55-10-59-9-68-11-31*67-37-5-54-19-22-13-43-61-44-14*29-3-66-19-36-45-34-35-6-63-21-62-15*1-16-10-8-28-56-6-47-7-46-40*32-18-54-19-38-22-33-20-17-59-68-11*46-7-4-12-25-34-51-64-52-20-17-61-60-14*4-53-47-6-56-8-26-1-68-11-31*15-62-26-16-55-8-52-64-58-45-36-54-32-39-48*39-65-18-54-36-45-34-57-35-51-56*69-0-2-50-13-22-45-41-25-4-53*39-48-3-69-23-50-43-17-59-1-49-15-42-62*63-21-24-30-26-16-10-55-20-43-50*67-27-41-34-35-51-8-26-49-15-42-24*,25.30945347503076,664.0,195,0.0
39529,32-65-5-67-27-25-4-40-7-46*21-6-35-34-45-36-38-69-29-48*36-45-58-41-35-64-52-55-10-59-9-68-11-31-1*67-37-5-54-19-22-13-43-61-44-14*29-3-66-19-36-45-34-35-6-63-21-62*1-16-10-8-28-56-6-47-7-46-40*32-18-54-19-38-22-33-20-17-59-68-11*46-7-4-12-25-34-51-64-52-20-17-61-60*4-53-47-6-56-8-26-1-68-9-31*15-62-26-16-55-8-52-64-58-45-36-54-32-39-48*39-65-18-54-36-45-34-57-51-56*69-0-2-50-13-22-45-41-25-4-53*39-48-3-69-23-50-43-17-59-1-49-15-42-62*63-21-24-30-26-16-10-55-20-43-50*67-27-41-34-35-51-8-26-49-15-42-24*,25.351495454710644,657.0,197,0.0
32830,32-65-5-67-27-25-4-40-7-46*21-6-35-34-45-36-38-69-29-48*36-45-58-41-35-64-52-55-10-59-9-68-11-31*67-37-5-54-19-22-13-43-61-44-14*29-3-66-19-36-45-34-35-6-63-21-62*1-16-10-8-28-56-6-47-7-46-40*32-18-54-19-38-22-33-20-17-59-68-11*46-7-4-12-25-34-51-64-52-20-17-61-60*4-53-47-6-56-8-26-1-68-9-31*15-62-26-16-55-8-52-64-58-45-36-54-32-39-48*39-65-18-54-36-45-34-57-35-51-56*69-0-2-50-13-22-45-41-25-4-53*39-48-3-69-23-50-43-17-59-1-49-15-42-62*63-21-24-30-26-16-10-55-20-43-50*67-27-41-34-35-51-8-26-49-15-42-24*,25.388049860604205,653.0,164,0.0
39994,32-65-5-67-27-25-4-7-40-46*21-6-35-34-45-36-38-69-29-48*36-45-58-41-35-64-52-55-10-59-9-68-11-31*67-37-5-54-19-22-13-43-61-44-14*29-3-66-19-36-45-34-35-6-63-21-62*1-16-10-8-28-56-6-47-7-46-40*32-18-54-19-38-22-33-20-17-59-68-11*46-7-4-12-25-34-51-64-52-20-17-61-60*4-53-47-6-56-8-26-1-68-9-31*15-62-26-16-55-8-52-64-58-45-36-54-32-39-48*39-65-18-54-36-45-34-57-51-56*69-0-2-50-13-22-45-41-25-4-53*39-48-3-69-23-50-43-17-59-1-49-15-42-62*63-21-24-30-26-16-10-55-20-43-50*67-27-41-34-35-51-8-26-49-15-42-24*,25.391881298120104,650.0,199,0.0
39226,32-65-5-67-27-25-4-40-7-46*21-6-35-34-45-36-38-69-29-48*36-41-58-64-52-55-10-59-9-68-11-31-1*12-41-27-67-37-5-54-19-22-33-20-17-59-68-11*3-66-19-36-45-34-57-35-51-56*1-16-10-28-56-6-47-7-46-40*32-18-54-19-38-22-13-43-61-60-17*46-7-4-25-34-51-64-52-20-17-61-44-14*7-47-6-56-8-26-1-11-9-68*62-15-49-26-16-55-52-64-58-45-36-54-32-39-48*39-18-54-36-45-34-35-6-63-24-62-30*23-0-2-50-43-20-10-16-26-30-24-21-63*48-3-69-23-50-43-17-59-1-49-15-42-62*50-13-22-45-41-25-12-4-53-7*27-41-34-35-51-8-26-49-15-42-24*,25.42041979679883,648.0,196,0.0
37267,32-65-5-67-27-25-4-40-7-46*21-6-35-34-45-36-38-69-29-48*36-41-58-64-52-55-10-59-9-68-11-31-1*12-41-27-67-37-5-54-19-22-33-20-17-59-68-11*3-66-19-36-45-34-57-35-51-56*1-16-10-28-56-6-47-7-46-40*32-18-54-19-38-22-13-43-61-60-17*46-7-4-25-34-51-64-52-20-17-61-44-14*7-47-6-56-8-26-1-11-9-68*15-49-26-16-55-52-64-58-45-36-54-32-39-48*39-18-54-36-45-34-35-6-63-24-62-30*23-0-2-50-43-20-10-16-26-30-24-21-63*48-3-69-23-50-43-17-59-1-49-15-42-62*50-13-22-45-41-25-12-4-53-7*27-41-34-35-51-8-26-49-15-42-24*,25.44469075938261,644.0,186,0.0
35801,32-65-5-67-27-25-4-40-7-46*21-6-35-34-45-36-38-69-29-48*36-41-58-64-52-55-10-59-9-68-11-31-1*12-41-27-67-37-5-54-19-22-33-20-17-59-68-11*3-66-19-36-45-34-57-35-51-56*1-16-10-28-56-6-47-7-46-40*32-18-54-19-38-22-13-43-61-60-17*46-7-4-25-34-51-64-52-20-17-61-44-14*7-47-6-56-8-26-1-11-9-68*15-49-26-16-55-52-64-58-45-36-54-32-39-48*39-18-54-36-45-34-35-6-63-24-62*23-0-2-50-43-20-10-16-26-30-24-21-63*48-3-69-23-50-43-17-59-1-49-15-42-62*50-13-22-45-41-25-12-4-53-7*27-41-34-35-51-8-26-49-15-42-24*,25.458578422465308,639.0,179,0.0
39818,32-65-5-67-27-25-4-40-7-46*21-6-35-34-45-36-38-69-29-48*36-41-58-64-52-55-10-59-9-68-11-31-1*41-27-67-37-5-54-19-22-33-20-17-59-68-11*3-66-19-36-45-34-57-35-51-56*1-16-10-28-56-6-47-7-46-40*32-18-19-38-22-13-43-61-60-44-17*46-7-4-25-34-51-64-52-20-17-61-14*7-47-6-56-8-26-1-11-68-9*15-49-26-16-55-52-64-58-45-36-54-32-39-48*39-18-54-36-45-34-35-6-63-24-62*23-0-2-50-43-20-10-16-26-30-24-21-63*48-3-69-23-50-43-17-59-1-49-15-42-62*50-13-22-45-41-25-12-4-53-7*27-41-34-35-51-8-26-49-15-42-24*,25.47031674255128,635.0,199,0.0
39949,32-65-5-67-27-25-4-53-7-46*21-63-6-35-34-45-36-38-69-29-48*41-58-64-52-55-10-59-9-68-11-31-1*25-27-67-37-5-54-19-22-33-20-17-59-68-11*3-66-19-36-45-34-35-6-21-24-62*1-16-10-28-56-6-47-53-46-40*32-18-54-19-38-22-13-43-61-60*46-7-4-25-34-51-64-52-20-17-61-44-14*7-47-6-56-8-26-1-11-9-68*49-26-16-55-52-64-58-45-36-54-32-39-48*39-18-54-36-45-34-57-35-51-56*3-23-0-2-50-43-20-55-10-16-26-30-24-21-63*48-3-69-23-50-43-17-59-1-49-15-42-62*50-13-22-45-41-25-12-4-40-7*27-41-34-35-51-8-26-49-15-42-24*,25.472113053364968,623.0,199,0.0
38737,32-65-5-67-27-25-4-53-7-46*21-63-6-35-34-45-36-38-69-29-48*41-58-64-52-55-10-59-9-68-11-31-1*25-27-67-37-5-54-19-22-33-20-17-59-68-11*3-66-19-36-45-58-35-6-21-24-62*1-16-10-28-56-6-47-53-46-40*32-18-54-19-38-22-13-43-61-60*46-7-4-25-34-51-64-52-20-17-61-44-14*7-47-6-56-8-26-1-11-9-68*49-26-16-55-52-64-58-45-36-54-32-39-48*39-18-54-36-45-34-57-35-51-56*23-0-2-50-43-20-55-10-16-26-30-24-21-63*48-3-69-23-50-43-17-59-1-49-15-42-62*50-13-22-45-41-25-12-4-40-7*27-41-34-35-51-8-26-49-15-42-24*,25.523988017672377,619.0,193,0.0
38447,32-65-5-67-27-25-4-53-7-46*21-63-6-35-34-45-36-38-69-29-48*41-58-64-52-55-10-59-9-68-11-31-1*25-27-67-37-5-54-19-22-33-20-17-59-68-11*3-66-19-36-45-34-35-6-21-24-62*1-16-10-28-56-6-47-53-46-40*32-18-54-19-38-22-13-43-61-60*46-7-4-25-34-51-64-52-20-17-61-44-14*7-47-6-56-8-26-1-11-9-68*49-26-16-55-52-64-58-45-36-54-32-39-48*39-18-54-36-45-34-57-35-51-56*23-0-2-50-43-20-55-10-16-26-30-24-21-63*48-3-69-23-50-43-17-59-1-49-15-42-62*50-13-22-45-41-25-12-4-40-7*27-41-34-35-51-8-26-49-15-42-24*,25.5247096569877,618.0,192,0.0
38314,32-65-5-67-27-25-4-53-7-46*21-63-6-35-34-45-36-38-69-29-48*41-58-64-52-55-10-59-9-68-11-31-1*25-27-67-37-5-54-19-22-33-20-17-59-68-11*3-66-19-36-45-34-35-6-21-62*1-16-10-28-56-6-47-53-46-40*32-18-54-19-38-22-13-43-61-60*46-7-4-25-34-51-64-52-20-17-61-44-14*7-47-6-56-8-26-1-11-9-68*49-26-16-55-52-64-58-45-36-54-32-39-48*39-18-54-36-45-34-57-35-51-56*23-0-2-50-43-20-55-10-16-26-30-24-21-63*48-3-69-23-50-43-17-59-1-49-15-42-62*50-13-22-45-41-25-12-4-40-7*27-41-34-35-51-8-26-49-15-42-24*,25.578318632311788,617.0,191,0.0
38701,32-65-5-67-27-25-4-7-40-46*21-63-6-35-34-45-36-38-69-29-48*41-58-64-52-55-10-59-9-68-11-31-1*25-27-67-37-5-54-19-22-33-20-17-59-68-11*3-66-19-36-45-34-35-6-21-62*1-16-10-28-56-6-47-53-46-40*32-18-54-19-38-22-13-43-61-60*46-7-4-25-34-51-64-52-20-17-61-44-14*7-47-6-56-8-26-1-11-9-68*49-26-16-55-52-64-58-45-36-54-32-39-48*39-18-54-36-45-34-57-35-51-56*23-0-2-50-43-20-55-10-16-26-30-24-21-63*48-3-69-23-50-43-17-59-1-49-15-42-62*50-13-22-45-41-25-12-4-53-7*27-41-34-35-51-8-26-49-15-42-24*,25.584216346428406,615.0,193,0.0
39027,32-65-5-67-27-25-4-7-40-46*21-63-6-35-34-45-36-38-69-29-48*36-45-58-64-52-55-10-59-9-11-31*27-67-37-5-54-19-22-33-20-17-59-68-11*3-66-19-36-45-34-35-6-21-24-62*1-16-10-28-56-6-47-7-46-40*32-18-54-19-38-22-13-43-61-60*46-7-4-25-34-51-64-52-20-17-61-44-14*7-47-6-56-8-26-1-11-9-68*42-15-49-26-16-55-52-64-58-45-36-54-32-39-48*39-18-54-36-41-34-57-35-51-56*0-50-13-22-45-41-12-25-4-53-7*48-3-69-23-50-43-17-59-1-49-15-42-62*63-21-24-30-26-16-10-55-20-43-50-2*27-41-34-35-51-8-26-49-15-42-24*,25.703359516553576,614.0,195,0.0
37982,32-65-5-67-27-25-4-7-40-46*21-63-6-35-34-45-36-38-69-29-48*36-45-58-64-52-55-10-59-9-11-31*27-67-37-5-54-19-22-33-20-17-59-68-11*3-66-19-36-45-34-35-6-21-24-62*1-16-10-28-56-6-47-7-46-40*32-18-54-19-38-22-13-43-61-60*46-7-4-25-34-51-64-52-20-17-61-44-14*7-47-6-56-8-26-1-11-9-68*15-49-26-16-55-52-64-58-45-36-54-32-39-48*39-18-54-36-41-34-57-35-51-56*0-50-13-22-45-41-12-25-4-53-7*48-3-69-23-50-43-17-59-1-49-15-42-62*63-21-24-30-26-16-10-55-20-43-50-2*27-41-34-35-51-8-26-49-15-42-24*,25.717859794306836,611.0,189,0.0
39976,32-65-5-67-27-25-4-7-40-46*21-63-6-35-34-45-36-38-69-29-48*36-45-58-64-52-55-10-59-9-11-31*27-67-37-5-54-19-22-33-20-17-59-68-11*3-66-19-36-45-34-35-6-21-24-62*1-16-10-28-56-6-47-7-46-40*32-18-54-19-38-22-13-43-61-60*46-7-4-25-34-51-64-52-20-17-61-44-14*7-47-6-56-8-26-1-11-9-68*15-49-26-16-55-52-64-58-45-36-54-32-39-48*39-18-54-36-41-34-57-35-51-56*0-50-13-22-45-41-12-25-4-53*48-3-69-23-50-43-17-59-1-49-15-42-62*63-21-24-30-26-16-10-55-20-43-50-2*27-41-34-35-51-8-26-49-15-42-24*,25.783170748168647,607.0,199,0.0
39939,32-65-5-67-27-25-4-7-40-46*21-63-6-35-34-45-36-38-69-29-48*36-45-58-64-52-55-10-59-9-68-11*67-37-5-54-19-22-33-20-17-59-68-11-31*3-66-19-36-41-34-35-6-21-24-62*1-16-10-28-56-6-47-7-46-40*32-18-54-19-38-22-13-43-61-60*46-7-4-25-34-51-64-52-20-17-61-44-14*7-47-6-56-8-26-1-11-9-68*15-49-26-16-55-52-64-58-45-36-54-32-39-48*39-18-54-36-41-34-57-35-51-56*0-2-50-13-22-45-41-12-4-7-53*48-3-69-23-50-43-17-59-1-49-15-42-62*63-21-24-30-26-16-10-55-20-43-50*27-41-34-35-51-8-26-49-15-42-24*,25.81323559187403,603.0,199,0.0
40136,32-65-5-67-27-25-4-7-40-46*21-63-6-35-34-45-36-38-69-29-48*36-45-58-64-52-55-10-59-9-68-11*67-37-5-54-19-22-33-20-17-59-68-11-31*3-66-19-36-41-34-35-6-21-24-62*1-16-10-28-56-6-47-7-46-40*32-18-54-19-38-22-13-43-61-60*46-7-4-25-34-51-64-52-20-17-61-44-14*7-47-6-56-8-26-1-11-9-68*15-49-26-16-55-52-64-58-45-36-54-32-39-48*39-18-54-36-41-34-57-35-51-56*0-2-50-13-22-45-41-12-4-7-53*48-3-69-23-50-43-17-59-1-49-15-42-62*63-21-24-30-26-16-10-55-20-43-50*27-41-34-35-51-8-26-49-42-24*,25.83462518884626,602.0,200,0.0
39335,32-54-36-45-58-64-52-55-16-26-62*63-6-35-34-45-36-38-69-29-48*36-41-58-64-52-10-59-9-11-31*27-67-37-5-54-19-22-33-20-17-59-9-68*3-66-19-36-45-34-35-6-63-21*1-26-8-28-56-6-47-53-40-46*39-32-18-54-19-38-22-13-43-61-60*4-25-34-51-64-52-20-17-61-44-14-2*7-53-47-6-56-8-26-1-68-11-31*48-39-32-65-5-67-27-25-4-7-40-46*39-18-54-36-45-34-57-35-51-56*69-0-2-50-13-22-45-41-12-4-40-7*48-3-69-23-50-43-17-59-1-49-15-42*21-24-30-26-16-10-55-20-43-50*27-41-34-35-51-8-26-49-15-42*,25.848185777994672,595.0,196,0.0
38871,32-54-36-45-58-64-52-55-16-26-62*63-6-35-34-45-36-38-69-29-48*36-41-58-64-52-10-59-9-11-31*27-67-37-5-54-19-22-33-20-17-59-9-68*3-66-19-36-45-34-35-6-63-21*1-26-8-28-56-6-47-53-40-46*39-32-18-54-19-38-22-13-43-61-60*4-25-34-51-64-52-20-17-61-44-14-2*7-47-6-56-8-26-1-68-11-31*48-39-32-65-5-67-27-25-4-7-40-46*39-18-54-36-45-34-57-35-51-56*69-0-2-50-13-22-45-41-12-4-40-7*48-3-69-23-50-43-17-59-1-49-15-42*21-24-30-26-16-10-55-20-43-50*27-41-34-35-51-8-26-49-15-42*,25.85351241063873,593.0,194,0.0
37883,32-54-36-45-58-64-52-55-16-26-62*63-6-35-34-45-36-38-69-29-48*36-41-58-64-52-10-59-9-11-31*27-67-37-5-54-19-22-33-20-17-59-9-68*3-66-19-36-45-34-35-6-63-21*1-26-8-28-56-6-47-53-40-46*32-18-54-19-38-22-13-43-61-60*4-25-34-51-64-52-20-17-61-44-14-2*7-47-6-56-8-26-1-68-11-31*48-39-32-65-5-67-27-25-4-7-40-46*39-18-54-36-45-34-57-35-51-56*69-0-2-50-13-22-45-41-12-4-40-7*48-3-69-23-50-43-17-59-1-49-15-42*21-24-30-26-16-10-55-20-43-50*27-41-34-35-51-8-26-49-15-42*,25.857909737977437,590.0,189,0.0
39972,32-54-36-45-58-64-52-55-16-26-62*63-6-35-34-45-36-38-69-29-48*36-41-58-64-52-10-59-9-11-31*27-67-37-5-54-19-22-33-20-17-59-9-68*3-66-19-36-45-34-35-6-63-21*1-26-8-28-56-6-47-53-40-46*32-18-54-19-38-22-13-43-61-60*4-25-34-51-64-52-20-17-61-44-14-2*7-47-6-56-8-26-1-68-11-31*48-39-32-65-5-67-27-25-4-7-46*39-18-54-36-45-34-57-35-51-56*69-0-2-50-13-22-45-41-12-4-40-7*48-3-69-23-50-43-17-59-1-49-15-42*21-24-30-26-16-10-55-20-43-50*27-41-34-35-51-8-26-49-15-42*,25.86868760285956,589.0,199,0.0
39192,32-54-36-45-58-64-52-55-16-26-62*63-6-35-34-45-36-38-69-29-48*36-41-58-64-52-10-59-9-11-31*27-67-37-5-54-19-22-33-20-17-59-9-68*3-66-19-36-45-34-35-6-63-21*1-26-8-28-56-6-47-53-7-46*32-18-54-19-38-22-13-43-61-60*25-34-51-64-52-20-17-61-44-14-2*7-47-6-56-8-26-1-68-11-31*48-39-32-65-5-67-27-25-4-7-40-46*39-18-54-36-45-34-57-35-51-56*69-0-2-50-13-22-45-41-12-4-53-7*48-3-69-23-50-43-17-59-1-49-15-42*21-24-30-26-16-10-55-20-43-50*27-41-34-35-51-8-26-49-15-42*,25.897205334939283,587.0,195,0.0
37907,32-54-36-45-58-64-52-55-16-26-62*63-6-35-34-45-36-38-69-29-48*36-41-58-64-52-10-59-9-11-31*27-67-37-5-54-19-22-33-20-17-59-9-68*3-66-19-36-45-34-35-6-63-21*1-26-8-28-56-6-47-53-7-46*32-18-54-19-38-22-13-43-61-60*25-34-51-64-52-20-17-61-44-14-2*7-47-6-56-8-26-1-68-11-31*48-39-32-65-5-67-27-25-4-7-40-46*39-18-54-36-45-34-57-35-51-56*69-0-2-50-13-22-45-41-12-4-40-7*48-3-69-23-50-43-17-59-1-49-15-42*21-24-30-26-16-10-55-20-43-50*27-41-34-35-51-8-26-49-15-42*,25.91519959297466,585.0,189,0.0
39814,32-54-36-45-58-64-52-55-16-26-62*63-6-35-34-45-36-38-69-29-48*36-41-58-64-52-10-59-68-9-11-31*27-67-37-5-54-19-22-33-20-17-59-9-68*3-66-19-36-45-34-35-6-63-21*1-26-8-28-56-6-47-53-7-46*32-18-54-19-38-22-13-43-61-60*25-34-51-64-52-20-17-61-44-14-2*7-47-6-56-8-26-1-68-11-31*48-39-32-65-5-67-27-25-4-7-40-46*39-18-54-36-45-34-57-35-51-56-28*0-2-50-13-22-45-41-12-4-40-7*48-3-69-23-50-43-17-59-1-49-15-42*21-24-30-26-16-10-55-20-43-50*27-41-34-35-51-8-26-49-15-42*,25.996012812991584,583.0,199,0.0
37452,32-54-36-45-58-64-52-55-16-26-62*63-6-35-34-45-36-38-69-29-48*36-41-58-64-52-10-59-9-68-11-31*27-67-37-5-54-19-22-33-20-17-59-9-68*3-66-19-36-45-34-35-6-63-21*1-26-8-28-56-6-47-53-7-46*32-18-54-19-38-22-13-43-61-60*25-34-51-64-52-20-17-61-44-14-2*7-47-6-56-8-26-1-68-11-31*48-39-32-65-5-67-27-25-4-7-40-46*39-18-54-36-45-34-57-35-51-56-28*0-2-50-13-22-45-41-12-4-40*48-3-69-23-50-43-17-59-1-49-15-42*21-24-30-26-16-10-55-20-43-50*27-41-34-35-51-8-26-49-15-42*,26.037198170462627,581.0,187,0.0
38716,32-54-36-45-58-64-52-55-16-26-62*63-6-35-34-45-36-38-69-29-48*36-41-58-64-52-10-59-9-68-11-31*27-67-37-5-54-19-22-33-20-17-59-9-68*3-66-19-36-45-34-35-6-63-21*1-26-8-28-56-6-47-53-7-46*32-18-54-19-38-22-13-43-61-60*25-34-51-64-52-20-17-61-44-14-2*7-47-6-56-8-26-1-68-11-31*48-39-32-65-5-67-27-25-4-7-40-46*39-18-54-36-45-34-57-35-51-56-28*0-2-50-13-22-45-41-12-4-7*48-3-69-23-50-43-17-59-1-49-15-42*21-24-30-26-16-10-55-20-43-50*27-41-34-35-51-8-26-49-15-42*,26.039768037089146,580.0,193,0.0
36125,54-36-45-58-64-52-55-16-26-62*63-6-35-34-45-36-38-69-29-48*36-41-58-64-52-10-59-68-11-31*27-67-37-5-54-19-22-33-20-17-59-9-68*3-66-19-36-45-34-35-6-63-21*1-26-8-28-56-6-47-53-7-46*32-18-54-19-38-22-13-43-61-60*4-25-34-51-64-52-20-17-61-44-14*7-47-6-56-8-26-1-68-11-31*48-39-32-65-5-67-27-25-4-7-46*39-18-54-36-45-34-57-35-51-56*69-0-2-50-13-22-45-41-12-4-40-7*48-3-69-23-50-43-17-59-1-49-42-15*21-24-30-26-16-10-55-20-43-50*27-41-34-35-51-8-26-49-15-42*,26.092193316270112,579.0,180,0.0
33970,32-54-36-45-58-64-52-55-16-26-62*63-6-35-34-45-36-38-69-29-48*36-41-58-64-52-10-59-68-11-31*27-67-37-5-54-19-22-33-20-17-59-9-68*3-66-19-36-45-34-35-6-63-21*1-26-8-28-56-6-47-53-40-46*32-18-54-19-38-22-13-43-61-60*4-25-34-51-64-52-20-17-60-44-14*7-47-6-56-8-26-1-68-11-31*48-39-32-65-5-67-27-25-4-7-40-46*39-18-54-36-45-34-57-35-51-56*0-2-50-13-22-45-41-12-4-40-7*48-3-69-23-50-43-17-59-1-49-15-42*21-24-30-26-16-10-55-20-43-50*27-41-34-35-51-8-26-49-15-42*,26.158173992949738,578.0,169,0.0
36042,32-65-5-67-27-25-4-7-40-46*21-6-35-34-45-36-38-3-29-48*36-41-58-64-52-10-59-68-11-31*67-37-5-54-19-22-33-20-17-9-68*3-69-66-19-36-45-34-35-6-63-30-21*1-26-8-28-56-6-47-53-7-46*32-18-54-19-38-22-13-43-61-60*25-34-51-64-52-20-17-60-44-14*7-47-6-56-8-26-1-68-9-11-31*62-26-16-55-52-64-58-45-36-54-32-39-48*39-18-54-36-45-34-57-35-51-56*0-2-50-13-22-45-41-12-4-40*48-29-69-23-50-43-17-59-1-49-15-42*21-24-30-26-16-10-55-20-43-50*27-41-34-35-51-8-26-49-15-42*,26.166106833768566,577.0,180,0.0
37064,32-54-36-45-58-64-52-55-16-26-62*63-6-35-34-45-36-38-69-29-48*36-41-58-64-52-10-59-68-11-31*27-67-37-5-54-19-22-33-20-17-59-9-68*3-66-19-36-45-34-35-6-63-21*1-26-8-28-56-6-47-53-40-46*32-18-54-19-38-22-13-43-61-60*4-25-34-51-64-52-20-17-60-44-14*7-47-6-56-8-26-1-68-11-31*48-39-32-65-5-67-27-25-4-7-40-46*39-18-54-36-45-34-57-35-51-56*0-2-50-13-22-45-41-12-4-40*48-3-69-23-50-43-17-59-1-49-15-42*21-24-30-26-16-10-55-20-43-50*27-41-34-35-51-8-26-49-15-42*,26.17514030433451,576.0,185,0.0
33712,32-65-5-67-27-25-4-7-40-46*21-6-35-34-45-36-38-3-29-48*36-41-58-64-52-10-59-68-11-31*67-37-5-54-19-22-33-20-17-9-68*3-69-66-19-36-45-34-35-6-63-21*1-26-8-28-56-6-47-53-4-7-46*32-18-54-36-45-34-57-35-51-56*25-34-51-64-52-20-17-60-44-14*7-47-6-56-8-26-1-68-9-11-31*62-26-16-55-52-64-58-45-36-54-32-39-48*39-18-54-19-38-22-13-43-61-60*0-2-50-13-22-45-41-12-4-40*48-29-69-23-50-43-17-59-1-49-15-42*21-24-30-26-16-10-55-20-43-50*27-41-34-35-51-8-26-49-15-42*,26.183270427843855,575.0,168,0.0
29670,32-54-36-45-58-64-52-55-16-26-62*63-6-35-34-45-36-38-69-29-48*36-41-58-64-52-10-59-9-68-11-31*27-67-37-5-54-19-22-33-20-17-59-9-68*3-66-19-36-45-34-35-6-63-21*1-26-8-28-56-6-47-53-7-46*32-18-54-19-38-22-13-43-61-60*25-34-51-64-52-20-17-60-44-14*7-47-6-56-8-26-1-68-11-31*48-39-32-65-5-67-27-25-4-7-40-46*39-18-54-36-45-34-57-35-51-56*0-2-50-13-22-45-41-12-4-40-7*48-3-69-23-50-43-17-59-1-49-15-42*21-24-30-26-16-10-55-20-43-50*27-41-34-35-51-8-26-49-15-42*,26.218438663254023,574.0,148,0.0
32419,32-54-36-45-58-64-52-55-16-26-62*63-6-35-34-45-36-38-69-29-48*36-41-58-64-52-10-59-9-68-11-31*67-37-5-54-19-22-33-20-17-59-11-68*3-66-19-36-45-34-35-6-63-21*1-26-8-28-56-6-47-53-7-46*32-18-54-36-45-34-57-35-51-56*25-34-51-64-52-20-17-60-44-14*7-47-6-56-8-26-1-68-9-31*48-39-32-65-5-67-27-25-4-7-40-46*39-18-54-19-38-22-13-43-61-60*0-2-50-13-22-45-41-12-4-40-7*48-3-69-23-50-43-17-59-1-49-15-42*21-24-30-26-16-10-55-20-43-50*27-41-34-35-51-8-26-49-15-42*,26.235726856923325,572.0,162,0.0
35212,32-54-36-45-58-64-52-55-16-26-62*63-6-35-34-45-36-38-69-29-48*36-41-58-64-52-10-59-9-68-11-31*27-67-37-5-54-19-22-33-20-17-59-9-68*3-66-19-36-45-34-35-6-63-21*1-26-8-28-56-6-47-53-7-46*32-18-54-19-38-22-13-43-61-60*25-34-51-64-52-20-17-60-44-14*7-47-6-56-8-26-1-68-11-31*48-39-32-65-5-67-27-25-4-7-40-46*39-18-54-36-45-34-57-35-51-56*0-2-50-13-22-45-41-12-4-7*48-3-69-23-50-43-17-59-1-49-15-42*21-24-30-26-16-10-55-20-43-50*27-41-34-35-51-8-26-49-15-42*,26.242273527258757,571.0,176,0.0
31617,32-65-5-67-27-25-4-7-40-46*21-6-35-34-45-36-38-3-29-48*36-41-58-64-52-10-59-68-11-31*67-37-5-54-19-22-33-20-17-9-68*3-69-66-19-36-45-34-35-6-63-21*1-26-8-28-56-6-47-53-7-46*32-18-54-19-38-22-13-43-61-60*25-34-51-64-52-20-17-60-44-14*7-47-6-56-8-26-1-68-9-11-31*62-26-16-55-52-64-58-45-36-54-32-39-48*39-18-54-36-45-34-57-35-51-56*0-2-50-13-22-45-41-12-4-40*48-29-69-23-50-43-17-59-1-49-15-42*21-24-30-26-16-10-55-20-43-50*27-41-34-35-51-8-26-49-15-42*,26.242704434188052,570.0,158,0.0
30692,32-65-5-67-27-25-4-7-40-46*21-6-35-34-45-36-38-3-29-48*36-41-58-64-52-10-59-68-11-31*67-37-5-54-19-22-33-20-17-9-68*3-66-19-36-45-34-35-6-63-21*1-26-8-28-56-6-47-53-7-46*32-18-54-19-38-22-13-43-61-60*25-34-51-64-52-20-17-60-44-14*7-47-6-56-8-26-1-68-9-11-31*62-26-16-55-52-64-58-45-36-54-32-39-48*39-18-54-36-45-34-57-35-51-56*0-2-50-13-22-45-41-12-4-40*48-3-69-23-50-43-17-59-1-49-15-42*21-24-30-26-16-10-55-20-43-50*27-41-34-35-51-8-26-49-15-42*,26.337607791627946,567.0,153,0.0
38411,32-65-5-67-27-25-4-7-40-46*21-6-35-34-45-36-38-3-29-48*36-41-58-64-52-10-59-68-11-31*37-5-54-19-22-33-20-17-9-68*3-66-19-36-45-34-35-6-63-21*1-26-8-28-56-6-47-53-7-46*32-18-54-19-38-22-13-43-61-60*25-34-51-64-52-20-17-60-44-14*7-47-6-56-8-26-1-68-9-11-31*62-26-16-55-52-64-58-45-36-54-32-39-48*39-18-54-36-45-34-57-35-51-56*0-2-50-13-22-45-41-12-4-40*48-3-69-23-50-43-17-59-1-49-15-42*21-24-30-26-16-10-55-20-43-50*27-41-34-35-51-8-26-49-15-42*,26.3856045935717,563.0,192,0.0
35760,32-65-5-67-27-25-4-7-40-46*63-6-35-34-45-36-38-3-29-48*36-41-58-64-52-10-59-9-11-31*27-67-37-5-54-38-22-33-20-17-9-68*3-66-19-36-45-34-35-6-63-21*1-26-8-28-56-6-47-53-7-46*32-18-54-19-38-22-13-43-61-60*25-34-51-64-52-20-17-60-44-14*7-47-6-56-8-26-1-9-11-31*62-26-16-55-52-64-58-45-36-54-32*39-18-54-36-45-34-57-35-51-56*0-2-50-13-22-45-41-12-4-40*48-3-69-23-50-17-59-1-49-15-42*21-24-30-26-16-10-55-20-43-50*27-41-34-35-51-8-26-49-15-42*,26.544780574923294,562.0,178,0.0
36217,32-65-5-67-27-25-4-7-40-46*63-6-35-34-45-36-38-3-29-48*36-41-58-64-52-10-59-9-11-31*27-67-37-5-54-38-22-33-20-17-59-9-68*3-66-19-36-45-34-35-6-63-21*1-26-8-28-56-6-47-53-7-46*32-18-54-19-38-22-13-43-61-60-44*25-34-51-64-52-20-17-60-44-14*7-47-6-56-8-26-1-9-11-31*62-26-16-55-52-64-58-45-36-54*39-18-54-36-45-34-57-35-51-56*0-2-50-13-22-45-41-12-4-40*48-3-69-23-50-17-59-1-49-15-42*21-24-30-26-16-10-55-20-43-50*27-41-34-35-51-8-26-49-15-42*,26.58858252386861,561.0,181,0.0
39897,32-65-5-67-27-25-4-7-40-46*63-6-35-34-45-36-38-3-29-48*36-41-58-64-52-10-59-9-11-31*27-67-37-5-54-38-22-33-20-17-59-9-68*3-66-19-36-45-34-35-6-63-21*1-26-8-28-56-6-47-53-7-46*32-18-19-38-22-13-43-61-60-44*25-34-51-64-52-20-17-60-44-14*7-47-6-56-8-26-1-9-11-31*62-26-16-55-52-64-58-45-36-54*39-18-54-36-45-34-57-35-51-56*0-2-50-13-22-45-41-12-4-40*48-3-69-23-50-17-59-1-49-15-42*21-24-30-26-16-10-55-20-43-50*27-41-34-35-51-8-26-49-15-42*,26.59942268854774,560.0,199,0.0
34243,32-65-5-67-27-25-4-7-40-46*63-6-35-34-45-36-38-3-29-48*36-41-58-64-52-10-59-9-11-31*27-67-37-5-54-38-22-33-20-17-59-9-68*3-66-19-36-45-34-35-6-63-21*1-26-8-28-56-6-47-53-7-46*32-18-54-19-38-22-13-43-61-60*25-34-51-64-52-20-17-60-44-14*7-47-6-56-8-26-1-9-11-31*62-26-16-55-52-64-58-45-36-54*39-18-54-36-45-34-57-35-51-56*0-2-50-13-22-45-41-12-4-40*48-3-69-23-50-17-59-1-49-15-42*21-24-30-26-16-10-55-20-43-50*27-41-34-35-51-8-26-49-15-42*,26.619067891203787,558.0,171,0.0
37379,21-63-6-35-34-45-36-38-66-3-48*32-65-37-5-67-27-25-4-7-46*32-18-54-36-45-34-35-51-56-8*65-5-54-19-38-22-13-43-61-60*21-24-30-26-16-10-55-20-43-50*47-6-56-8-26-49-15-62-24-63*1-26-8-10-28-56-6-47-53-40-46*39-18-54-36-45-34-57-35-51-56*27-41-34-35-51-8-26-1-31-11-9*0-2-50-13-22-45-41-12-4-53*45-58-64-52-55-10-59-68-9-11*14-44-60-17-10-16-26-49-15-42*29-3-69-23-50-43-17-59-1-49-15-42*22-33-20-55-8-26-49-15-42-62*44-61-17-20-52-64-51-34-25-4-7-46*,26.682032219378353,554.0,186,0.0
39213,21-63-6-35-34-45-36-38-66-3-48*32-65-37-5-67-27-25-4-7-46*32-18-54-36-45-34-57-35-51-56*65-5-54-19-38-22-13-43-61-60*21-24-30-26-16-10-55-20-43-50*47-6-56-8-26-49-15-62-24-63*1-26-8-28-56-6-47-53-40-46*39-18-54-36-45-34-35-51-56-8*27-41-34-35-51-8-26-49-15-42-62*0-2-50-13-22-45-41-12-4-53*36-45-58-64-52-10-59-9-68-11*9-11-31-1-26-16-10-17-61-44-14*29-3-69-23-50-43-17-59-1-49-62-42*22-33-20-55-10-8-26-49-15-42*44-60-17-20-52-64-51-34-25-4-7-46*,26.740100821838155,552.0,196,0.0
36391,21-63-6-35-34-45-36-38-66-3-48*32-65-37-5-67-27-25-4-7-46*32-18-54-36-45-34-57-35-51-56*65-5-54-19-38-22-13-43-61-60*21-24-30-26-16-10-55-20-43-50*47-6-56-8-26-49-15-62-24-63*1-26-8-28-56-6-47-53-40-46*39-18-54-36-45-34-35-51-56-8*27-41-34-35-51-8-26-49-15-42-62*0-2-50-13-22-45-41-12-4-53*36-45-58-64-52-10-59-9-68-11*9-11-31-1-26-16-10-17-60-44-14*29-3-69-23-50-43-17-59-1-49-15-42*22-33-20-55-10-8-26-49-15-42*44-61-17-20-52-64-51-34-25-4-7-46*,26.78936438632104,550.0,181,0.0
39804,21-63-6-35-34-45-36-38-66-3-48*32-65-37-5-67-27-25-4-7-46*18-32-54-36-45-34-35-51-56-8*65-5-54-19-38-22-13-43-61-60*21-24-30-26-16-10-55-20-43-50*47-6-56-8-26-49-15-62-24-63*1-26-8-28-56-6-47-53-40-46*39-18-54-36-45-34-57-35-51-56*27-41-34-35-51-8-26-49-15-42*0-2-50-13-22-45-41-12-4-53*45-58-64-52-55-10-59-68-9-11*9-11-31-1-26-16-10-17-60-44-14*29-3-69-23-50-43-17-59-1-49-15-42*22-33-20-55-10-8-26-49-15-42*44-61-17-20-52-64-51-34-25-4-7-46*,26.820550626372544,548.0,199,0.0
39918,21-63-6-35-34-45-36-54-18-32*32-65-37-5-67-27-25-4-7-46*8-56-51-35-34-45-36-38-66-3-48*65-5-54-19-38-22-13-43-61-60*21-24-30-26-16-10-55-20-43-50*47-6-56-8-26-49-15-62-24-63*1-26-8-28-56-6-47-53-40-46*39-18-54-36-45-34-57-35-51-56*27-41-34-35-51-8-26-49-15-42*0-2-50-13-22-45-41-12-4-53*45-58-64-52-55-10-59-68-9-11*11-31-1-26-16-10-17-61-60-44-14*48-29-3-69-23-50-43-17-59-1-49-15-42*22-33-20-55-10-8-26-49-15-42*44-17-20-52-64-51-34-25-4-7-46*,26.837947844686607,545.0,199,0.0
38994,21-63-6-35-34-45-36-54-18-32*32-65-37-5-67-27-25-4-7-46*8-56-51-35-34-45-36-38-66-3-48*65-5-54-19-38-22-13-43-61-60*21-24-30-26-16-10-55-20-43-50*47-6-56-8-26-49-15-62-24-63*1-26-8-28-56-6-47-53-40-46*39-18-54-36-45-34-57-35-51-56*27-41-34-35-51-8-26-49-15-42*0-2-50-13-22-45-41-12-4-53*45-58-64-52-55-10-59-68-9-11*11-31-1-26-16-10-17-61-60-44-14*29-3-69-23-50-43-17-59-1-49-15-42*22-33-20-55-10-8-26-49-15-42*44-17-20-52-64-51-34-25-4-7-46*,26.876848876267413,542.0,194,0.0
37992,21-63-6-35-34-45-36-38-66-3-48*32-65-37-5-67-27-25-4-7-46*32-18-54-36-45-34-35-51-56-8*65-5-54-19-38-22-13-43-61-60*21-24-30-26-16-10-55-20-43-50*47-6-56-8-26-49-15-62-24-63*1-26-8-28-56-6-47-53-40-46*39-18-54-36-45-34-57-35-51-56*27-41-34-35-51-8-26-49-15-42*0-2-50-13-22-45-41-12-4-53*45-58-64-52-55-10-59-68-9-11*11-31-1-26-16-10-17-61-60-44-14*29-3-69-23-50-43-17-59-1-49-15*22-33-20-55-10-8-26-49-15-42*44-17-20-52-64-51-34-25-4-7-46*,26.912577809850635,539.0,189,0.0
38569,21-63-6-35-34-45-36-38-66-3-48*32-65-37-5-67-27-25-4-7-46*32-18-54-36-45-34-35-51-56-8*65-5-54-19-38-22-13-43-61-60*21-24-30-26-16-10-55-20-43-50*47-6-56-8-26-49-15-62-24-63*1-26-8-28-56-6-47-53-40-46*39-18-54-36-45-34-57-35-51-56*27-41-34-35-51-8-26-49-15-42*0-2-50-13-22-45-41-12-4-53*45-58-64-52-55-10-59-68-9-11*11-31-1-26-16-10-17-61-44-14*29-3-69-23-50-43-17-59-1-49-15*22-33-20-55-10-8-26-49-15-42*44-17-20-52-64-51-34-25-4-7-46*,26.925624425673746,537.0,192,0.0
39435,2-50-43-20-10-16-26-30-24-21*29-19-36-45-34-35-6-63-24-62*23-2-0-69-3-66-19-38-22-33*48-69-23-50-43-17-59-1-49-15*12-25-34-41-36-54-18-65-5-37*39-18-54-36-45-34-57-51-8-28*7-4-25-41-45-22-13-50-2-14*39-48-66-38-36-45-41-35-51-56*22-33-20-55-10-16-26-49-15-42*44-61-17-10-16-1-26-30-63-21*27-41-34-58-64-52-20-17-61-60*32-18-54-19-38-22-13-43-61-60*44-61-43-33-22-19-54-5-37-67*45-58-64-52-10-59-9-68-11-31*46-40-7-53-47-6-56-28-8-10*,27.339777901223673,534.0,197,0.0
39384,32-18-54-36-45-34-57-35-51-56*27-41-34-51-8-26-49-15-42-62*46-7-53-47-6-56-8-28-10-59*27-25-34-58-64-52-20-17-61-60*68-9-11-1-26-16-10-17-60-44*0-50-23-69-3-66-19-38-22-33*32-65-5-67-27-25-4-7-40-46*39-18-54-19-38-22-13-43-61-60*22-45-58-64-52-10-59-9-11-31*1-26-8-28-56-6-47-7-40-46*21-24-30-26-16-10-55-20-43-50*48-3-66-19-36-45-34-35-6-21-62*14-2-50-13-22-45-34-35-6-63*65-37-5-54-19-22-33-43-61-60*29-3-66-19-36-45-41-25-12-4*,27.433954427698488,533.0,196,0.0
38835,2-50-43-20-10-16-26-30-24-21*29-19-36-45-34-35-6-63-24-62*23-2-0-69-3-66-19-38-22-33*48-69-23-50-43-17-59-1-49-15*12-25-34-41-36-54-18-65-5-37*39-18-54-36-45-34-57-51-8-28*7-4-25-41-45-22-13-50-2-14*39-48-66-38-36-45-41-35-51-56*22-33-20-55-10-16-26-49-15-42*44-61-17-55-10-16-26-30-63-21*27-41-34-58-64-52-20-17-61-60*32-18-54-19-38-22-13-43-61-60*44-61-43-33-22-19-54-5-37-67*45-58-64-52-10-59-9-68-11-31*46-40-7-53-47-6-56-28-8-10*,27.466724120923907,532.0,194,0.0
38315,2-50-43-20-10-16-26-30-24-21*29-19-36-45-34-35-6-63-24-62*23-2-0-69-3-66-19-38-22-33*48-69-23-50-43-17-59-1-49-15*12-25-34-41-36-54-18-65-5-37*39-18-54-36-45-34-57-51-8-28*7-4-25-41-45-22-13-50-2-14*39-48-66-38-36-45-41-35-51-56*22-33-20-55-10-16-26-49-15-42*44-61-17-55-10-16-26-30-63-21*27-41-34-58-64-52-20-17-61-60*32-18-54-19-38-22-13-43-61-60*60-61-43-33-22-19-54-5-37-67*45-58-64-52-10-59-9-68-11-31*46-40-7-53-47-6-56-28-8-10*,27.494312547698282,531.0,191,0.0
39754,32-18-54-36-45-34-57-35-51-56*27-41-34-51-8-26-49-15-42-62*46-7-53-47-6-56-8-28-10-59*27-25-34-58-64-52-20-17-61-60*68-9-11-1-26-16-10-17-60-44*0-50-23-69-3-66-19-38-22-33*32-65-5-67-27-25-4-7-40-46*39-18-54-19-38-22-13-43-17-61-60*22-45-58-64-52-10-59-9-11-31*1-26-8-28-56-6-47-7-40-46*21-24-30-26-16-10-55-20-43-50*48-3-66-19-36-45-34-35-6-21*14-2-50-13-22-45-34-35-6-63*65-37-5-54-19-22-33-43-61-60*29-3-66-19-36-45-41-25-12-4*,27.52653192605014,530.0,198,0.0
40095,32-18-54-19-38-22-13-43-61-60*27-41-34-51-8-26-49-15-42-62*46-7-53-47-6-56-8-28-10-59*27-41-34-58-64-52-20-17-61-60*68-9-11-1-26-16-10-17-60-44*0-50-23-69-3-66-19-38-22-33*32-65-5-67-27-25-4-7-40-46*39-18-54-36-45-34-57-35-51-56*45-58-64-52-10-59-9-68-11-31*1-26-8-28-56-6-47-7-40-46*21-24-30-26-16-10-55-20-43-50*39-48-66-19-36-45-34-35-6-63-24*4-12-25-41-45-22-13-50-2-14*65-37-5-54-19-22-33-43-61-60*29-3-66-19-36-45-34-35-6-21*,27.539485092177742,528.0,200,0.0
36960,32-18-54-36-45-34-57-35-51-56*27-41-34-51-8-26-49-15-42-62*46-7-53-47-6-56-8-28-10-59*27-25-34-58-64-52-20-17-61-60*68-9-11-1-26-16-10-17-60-44*0-50-23-69-3-66-19-38-22-33*32-65-5-67-27-25-4-7-40-46*39-18-54-19-38-22-13-43-61-60*22-45-58-64-52-10-59-9-11-31*1-26-8-28-56-6-47-7-40-46*21-24-30-26-16-10-55-20-43-50*48-3-66-19-36-45-34-35-6-21*14-2-50-13-22-45-34-35-6-63*65-37-5-54-19-22-33-43-61-60*29-3-66-19-36-45-41-25-12-4*,27.594895569965267,527.0,184,0.0
36020,32-18-54-36-45-34-57-35-51-56*27-41-34-51-8-26-49-15-42-62*46-7-53-47-6-56-8-28-10-59*27-41-34-58-64-52-20-17-61-60*68-9-11-1-26-16-10-17-60-44*0-50-23-69-3-66-19-38-22-33*32-65-5-67-27-25-4-7-40-46*39-18-54-19-38-22-13-43-61-60*45-58-64-52-10-59-9-68-11-31*1-26-8-28-56-6-47-7-40-46*21-24-30-26-16-10-55-20-43-50*48-3-66-19-36-45-34-35-6-63*4-12-25-41-45-36-19-66-3-29*65-37-5-54-19-22-33-43-61-60*24-21-6-35-34-45-22-13-50-2-14*,27.682478701256898,525.0,180,0.0
37767,32-18-54-36-45-34-57-35-51-56*27-41-34-51-8-26-49-15-42-62*46-7-53-47-6-56-8-28-10-59*27-41-34-58-64-52-20-17-61-60*68-9-11-1-26-16-10-17-60-44*0-50-23-69-3-66-19-38-22-33*32-65-5-67-27-25-4-7-40-46*39-18-54-19-38-22-13-43-61-60*45-58-64-52-10-59-9-68-11-31*1-26-8-28-56-6-47-7-40-46*21-24-30-26-16-10-55-20-43-50*48-3-66-19-36-45-34-35-6-21*4-12-25-41-45-36-19-66-3-29*65-37-5-54-19-22-33-43-61-60*14-2-50-13-22-45-34-35-6-63*,27.725590160785394,522.0,188,0.0
38107,32-18-54-19-38-22-13-43-61-60*27-41-34-51-8-26-49-15-42-62*46-7-53-47-6-56-28-8-10-59*27-41-34-58-64-52-20-17-61-60*68-9-11-1-26-16-10-17-61-44*0-2-23-69-3-66-19-38-22-33*32-65-5-67-27-25-4-7-40-46*48-39-18-54-36-45-34-57-35-6*45-58-64-52-55-10-59-68-11-31*1-26-8-28-56-6-47-7-40-46*21-24-30-26-16-10-55-20-43-50*48-29-3-66-19-36-45-34-35-51-56*12-25-41-45-22-13-50-2-14-44*65-37-5-54-19-22-33-43-61-60*3-66-19-36-41-34-35-6-63-21*,27.973553736170743,521.0,190,0.0
34380,32-18-54-19-38-22-13-43-61-60*27-41-34-51-8-26-49-15-42-62*46-7-53-47-6-56-28-8-10-59*27-41-34-58-64-52-20-17-61-60*68-9-11-1-26-16-10-17-61-44*0-2-23-69-3-66-19-38-22-33*32-65-5-67-27-25-4-7-40-46*39-18-54-36-45-34-57-35-51-56*45-58-64-52-55-10-59-68-11-31*1-26-8-28-56-6-47-7-40-46*21-24-30-26-16-10-55-20-43-50*48-29-3-66-19-36-41-34-35-6*12-25-41-45-22-13-50-2-14-44-60*65-37-5-54-19-22-33-43-61-60*3-66-19-36-45-34-35-6-63-21*,28.04910262334062,520.0,171,0.0
37294,32-18-54-19-38-22-13-43-61-60*27-41-34-51-8-26-49-15-42-62*46-7-53-47-6-56-28-8-10-59*27-41-34-58-64-52-20-17-61-60*68-9-11-1-26-16-10-17-61-44*0-2-23-69-3-66-19-38-22-33*32-65-5-67-27-25-4-7-40-46*39-18-54-36-45-34-57-35-51-56*45-58-64-52-55-10-59-68-11-31*1-26-8-28-56-6-47-7-40-46*21-24-30-26-16-10-55-20-43-50*48-29-3-66-19-36-45-34-35-6*12-25-41-45-22-13-50-2-14-44*65-37-5-54-19-22-33-43-61-60*3-66-19-36-41-34-35-6-63-21*,28.058338568246832,517.0,186,0.0
37371,32-18-54-19-38-22-13-43-61-60*27-41-34-51-8-26-49-15-42-62*46-7-53-47-6-56-8-28-10-59*27-41-34-58-64-52-20-17-61-60*68-9-11-1-26-16-10-17-61-44*0-2-23-69-3-66-19-38-22-33*32-65-5-67-27-25-4-7-40-46*39-18-54-36-45-34-57-35-51-56*45-58-64-52-55-10-59-68-11-31*1-26-8-28-56-6-47-7-40-46*21-63-6-35-34-45-36-19-66-3*48-29-3-66-19-36-45-34-35-6*12-25-41-45-22-13-50-2-14-44*65-37-5-54-19-22-33-43-61-60*21-24-30-26-16-10-55-20-43-50*,28.084156642456275,516.0,186,0.0
37311,48-29-3-19-36-45-34-35-6-63*19-22-33-58-64-52-10-16-26-49*9-68-1-26-16-10-17-60-44-14*19-36-45-58-64-52-10-59-68-9-11-31*21-24-30-26-16-10-55-20-43-50*65-37-5-54-36-45-34-35-51-56*0-50-23-69-3-66-19-38-22-33*0-69-38-36-45-41-25-12-4-7*32-18-54-19-38-22-13-43-61-60*32-65-5-67-27-25-4-7-40-46*39-18-54-36-45-34-57-35-51-56-8*53-47-6-56-28-8-10-16-1-59*36-45-58-64-52-55-10-16-26-49*0-2-23-69-3-66-19-38-22-33*27-41-34-51-8-26-49-15-42-62*,29.34292923262225,513.0,186,0.0
40079,45-58-64-52-55-10-59-9-68-11-31*48-29-3-66-19-36-45-34-35-6*0-2-23-69-3-66-19-38-22-33*68-9-11-1-26-16-10-17-61-44*32-5-37-67-27-25-4-7-40-46*65-37-5-54-19-22-33-43-61-60*65-5-54-19-38-22-13-43-61-60*39-18-54-36-45-34-57-35-51-56*39-18-38-36-45-34-57-35-51-56*27-41-34-51-8-26-49-15-42-62*63-21-24-30-26-16-10-55-20-43-50*65-32-5-67-27-25-4-7-40-46*53-47-6-56-28-8-26-16-1-59*12-25-41-45-22-13-50-2-14-44*32-18-54-36-45-34-35-51-56-8*,29.468229699351564,512.0,200,0.0
39608,48-29-3-38-36-45-34-35-6-63*19-22-33-58-64-52-55-16-26-49*9-68-1-26-16-10-17-60-44-14*19-36-45-58-64-52-10-59-68-9-11-31*21-24-30-26-16-10-55-20-43-50*65-37-5-54-36-45-34-35-51-56*0-50-23-69-3-66-19-38-22-33*0-69-19-36-45-41-25-12-4-7*32-18-54-19-38-22-13-43-61-60*32-65-5-67-27-25-4-7-40-46*39-18-54-36-45-34-57-35-51-56-8*53-47-6-56-28-8-26-16-1-59*36-45-58-64-52-55-10-16-26-49*2-0-23-69-3-66-19-38-22-33*27-41-34-51-8-26-49-15-42-62*,29.56794571611021,509.0,198,0.0
37764,48-29-66-19-36-45-34-35-6-63*19-36-45-58-64-52-10-16-26-49*68-9-1-26-16-10-17-60-44-14*19-36-45-58-64-52-10-16-26-49*21-24-30-26-16-10-55-20-43-50*65-37-5-67-27-25-4-7-40-46*0-2-23-69-3-66-19-36-22-33*0-69-38-36-45-41-25-12-4-7*32-5-54-19-38-22-13-43-61-60*32-18-54-36-45-34-35-51-56-8*39-18-54-36-45-34-57-35-51-56*53-47-6-56-28-8-26-16-1-59*45-58-64-52-55-10-59-9-11-31*0-2-23-69-3-66-19-38-22-33*27-41-34-51-8-26-49-15-42-62*,30.460198217187475,507.0,188,0.0
34183,48-29-3-66-19-36-45-34-35-6-63*19-36-45-58-64-52-10-16-26-49*68-9-1-26-16-10-17-60-44-14*19-36-45-58-64-52-10-16-26-49*21-24-30-26-16-10-55-20-43-50*65-37-5-67-27-25-4-7-40-46*0-2-23-69-3-66-19-38-22-33*0-69-38-36-45-41-25-12-4-7*32-18-54-36-45-34-35-51-56-8*32-5-54-19-38-22-13-43-61-60*39-18-54-36-45-34-57-35-51-56*53-47-6-56-28-8-26-16-1-59*45-58-64-52-55-10-59-68-9-11-31*0-2-23-69-3-66-19-38-22-33*27-41-34-51-8-26-49-15-42-62*,30.618761583868505,506.0,170,0.0
38015,48-29-3-66-19-36-45-34-35-6-63*19-36-45-58-64-52-10-16-26-49*68-9-1-26-16-10-17-60-44-14*19-36-45-58-64-52-10-16-26-49*21-24-30-26-16-10-55-20-43-50*65-5-37-67-27-25-4-7-40-46*0-2-23-69-3-66-19-38-22-33*0-69-38-36-45-41-25-12-4-7*32-18-54-36-45-34-35-51-56-8*32-5-54-19-38-22-13-43-61-60*39-18-54-36-45-34-57-35-51-56*53-47-6-56-28-8-26-16-1-59*45-58-64-52-55-10-59-68-11-31*0-2-23-69-3-66-19-38-22-33*27-41-34-51-8-26-49-15-42-62*,30.658981294485947,505.0,190,0.0
