,R_x,f_1,f_2,Generation,Rank
39641,29-23-0-50-43-20-55-16-26-62-30*2-0-69-38-36-41-12-25-4-53*46-7-40-53-47-6-56-8-28-10-59-9-68*11-31-1-26-8-51-35-34-45-36-54-18-32-5-65-67*10-17-44-14-2-50-13-22-45-41-25-4-7-40-46*39-65-18-54-36-41-57-35-6-63*46-7-4-25-57-35-51-64-52-10-59*63-21-24-30-26-16-10-20-43-50-23-69-48-29-3-38*31-11-9-59-17-20-33-22-19-18-39*15-30-62-26-16-10-17-61-60-44-14*55-8-52-64-58-45-36-38-19-66-48*42-15-49-26-8-51-34-41-27-67-37*46-7-47-6-63-24-30-26-16-1-9-31-11*67-37-5-54-38-22-13-43-61-60*65-32-39-48-3-69-23-50-43-17-59-1-49-15-42-30*,24.99005279907796,712.0,198,0.0
39562,23-0-50-43-20-55-16-26-62-30*2-0-69-38-36-41-12-25-4-53*46-7-40-53-47-6-56-8-28-10-59-9-68*11-31-1-26-8-51-35-34-45-36-54-18-32-5-67*10-17-44-14-2-50-13-22-45-41-25-4-7-40-46*39-65-18-54-36-41-57-35-6-63*46-7-4-25-57-35-51-64-52-10-59*6-63-21-24-30-26-16-10-20-43-50-23-69-48-29-3-38*31-11-9-59-17-20-33-22-19-18-39*15-30-62-26-16-10-17-61-60-44-14*55-8-52-64-58-45-36-38-19-66-48*42-15-49-26-8-51-41-27-67-37*46-7-47-6-63-24-30-26-16-9-31-11*67-65-37-5-54-38-22-13-43-61-60*65-32-39-48-3-69-23-50-43-17-59-1-49-15-42-30*,25.027167903144584,708.0,197,0.0
37261,23-0-50-43-20-55-16-26-62-30*2-0-69-38-36-41-12-25-4-53*46-7-40-53-47-6-56-8-28-10-59-9-68*11-31-1-26-8-51-35-34-45-36-54-18-32-5-67*10-17-44-14-2-50-13-22-45-41-25-4-7-40-46*39-65-18-54-36-41-57-35-6-63*46-7-4-25-57-35-51-64-52-10-59*63-21-24-30-26-16-10-20-43-50-23-69-48-29-3-38*31-11-9-59-17-20-33-22-19-18-39*15-30-62-26-16-10-17-61-60-44-14*55-8-52-64-58-45-36-38-19-66-48*42-15-49-26-8-51-41-27-67-37*46-7-47-6-63-24-30-26-16-1-9-31-11*67-65-37-5-54-38-22-13-43-61-60*65-32-39-48-3-69-23-50-43-17-59-1-49-15-42-30*,25.035516075943452,705.0,186,0.0
38126,23-0-50-43-20-55-16-26-62-30*2-0-69-38-36-41-12-25-4-53*46-7-40-53-47-6-56-8-28-10-59-9-68*11-31-1-26-8-51-35-34-45-36-54-18-32-5-67*10-17-44-14-2-50-13-22-45-41-25-4-7-40-46*39-65-18-54-36-41-57-35-6-63*46-7-4-25-57-35-51-64-52-10-59*63-21-24-30-26-16-10-20-43-50-23-69-48-29-3-38*31-11-9-59-17-20-33-22-19-18-39*15-30-62-26-16-10-17-61-60-44-14*55-8-52-64-58-45-36-38-19-66-48*42-15-49-26-8-51-41-27-67-37*46-7-47-6-63-24-30-26-16-9-31-11*67-65-37-5-54-38-22-13-43-61-60*65-32-39-48-3-69-23-50-43-17-59-1-49-15-42-30*,25.04298166828473,703.0,190,0.0
39593,23-0-50-43-20-55-16-26-62-30*2-0-69-38-36-41-12-25-4-53*46-7-40-53-47-6-56-8-28-10-59-9-68*11-31-1-26-8-51-35-34-45-36-54-18-32-5*10-17-44-14-2-50-13-22-45-41-25-4-7-40-46*39-65-18-54-36-41-34-57-35-6-63*46-7-4-25-57-35-51-64-52-10-59*63-21-24-30-26-16-10-20-43-50-23-69-66-29-3-38*31-11-9-59-17-20-33-22-19-18-39*15-30-26-16-10-17-61-60-44-14*55-8-52-64-58-45-36-38-19-66-48*42-15-49-26-8-51-41-27-67-65-37*46-7-47-6-63-24-30-26-16-1-11-31*67-37-5-54-38-22-13-43-61-60*65-32-39-48-3-69-23-50-43-17-59-1-49-15-42-30*,25.046278365876326,690.0,197,0.0
38895,23-0-50-43-20-55-16-26-62-30*2-0-69-38-36-41-12-25-4-53*46-7-40-53-47-6-56-8-28-10-59-9-68*11-31-1-26-8-51-35-34-45-36-54-18-32-5*10-17-44-14-2-50-13-22-45-41-25-4-7-40-46*39-65-18-54-36-41-34-57-35-6-63*46-7-4-25-57-35-51-64-52-10-59*63-21-24-30-26-16-10-20-43-50-23-69-48-29-3-38*31-11-9-59-17-20-33-22-19-18-39*15-30-26-16-10-17-61-60-44-14*55-8-52-64-58-45-36-38-19-66-48*42-15-49-26-8-51-41-27-67-65-37*46-7-47-6-63-24-30-26-16-1-11-31*67-37-5-54-38-22-13-43-61-60*65-32-39-48-3-69-23-50-43-17-59-1-49-15-42-30*,25.06111090921362,689.0,194,0.0
35736,23-0-50-43-20-55-16-26-62-30*2-0-69-38-36-41-12-25-4-53*46-7-40-53-47-6-56-8-28-10-59-9-68*11-31-1-26-8-51-35-34-45-36-54-18-32-5*10-17-44-14-2-50-13-22-45-41-25-4-7-40-46*39-65-18-54-36-41-57-35-6-63*46-7-4-25-57-51-64-52-10-59*63-21-24-30-26-16-10-20-43-50-23-69-48-29-3-38*31-11-9-59-17-20-33-22-19-18-39*15-30-26-16-10-17-61-60-44-14*55-8-52-64-58-45-36-38-19-66-48*42-15-49-26-8-51-34-41-27-67-37*46-7-47-6-63-24-30-26-16-1-11-31*67-65-37-5-54-38-22-13-43-61-60*65-32-39-48-3-69-23-50-43-17-59-1-49-15-42-30*,25.071821282648987,688.0,178,0.0
38419,23-0-50-43-20-55-16-26-62-30*2-0-69-38-36-45-41-25-4-53*46-7-40-53-47-6-56-8-28-10-59-9-68*11-31-1-26-8-51-35-34-45-36-54-18-32-5-37*10-17-44-14-2-50-13-22-45-41-12-4-7-40*39-65-18-54-36-41-57-35-6-63-24*46-7-4-25-57-35-51-64-52-10-59*63-21-24-30-26-16-10-20-43-50-23-69-29-48-3-38*31-11-9-59-17-20-33-22-19-18-39*15-30-26-16-10-17-61-60-44-14*55-8-52-64-58-45-36-38-19-66-48*42-15-49-26-8-51-34-41-27-67*46-7-47-6-63-30-26-16-1-11-31*67-65-37-5-54-38-22-13-43-61-60*32-39-48-3-69-23-50-43-17-59-1-49-15-42-30*,25.094737224647876,681.0,192,0.0
34505,23-0-50-43-20-55-16-26-62-30*2-0-69-38-36-45-41-12-25-4-53*7-46-40-53-47-6-56-8-28-10-59-9-68*11-31-1-26-8-51-35-34-45-36-54-18-32-5-37*10-17-44-14-2-50-13-22-45-41-25-4-7-40*39-65-18-54-36-41-57-35-6-63-24*46-7-4-25-57-35-51-64-52-10-59*63-21-24-30-26-16-10-20-43-50-23-69-29-48-3-38*31-11-9-59-17-20-33-22-19-18-39*15-30-26-16-10-17-61-60-44-14*55-8-52-64-58-45-36-38-19-66-48*42-15-49-26-8-51-34-41-27-67*46-7-47-6-63-30-26-16-1-11*67-65-37-5-54-38-22-13-43-61-60*32-39-48-3-69-23-50-43-17-59-1-49-15-42-30*,25.122751366701795,680.0,172,0.0
35517,23-0-50-43-20-55-10-16-26-62-30*2-0-69-38-36-45-41-12-25-4-53*7-46-40-53-47-6-56-8-28-10-59-9-68*11-31-1-26-8-51-35-34-45-36-54-18-32-5-37*10-17-44-14-2-50-13-22-45-41-25-4-7-40*39-65-18-54-36-41-57-35-6-63-24*7-4-25-57-35-51-64-52-10-59*63-21-24-30-26-16-10-20-43-50-23-69-29-48-3-38*31-11-9-59-17-20-33-22-19-18-39*15-30-26-16-10-17-61-60-44-14*55-8-52-64-58-45-36-38-19-66-48*42-15-49-26-8-51-34-41-27-67*46-7-47-6-63-30-26-16-1-11*67-65-37-5-54-38-22-13-43-61-60*32-39-48-3-69-23-50-43-17-59-1-49-15-42-30*,25.122886349595312,678.0,177,0.0
37039,23-0-50-43-20-55-16-26-62-30*2-0-69-38-36-41-12-25-4-53*7-46-40-53-47-6-56-8-28-10-59-9-68*11-31-1-26-8-51-35-34-45-36-54-18-32-5-37*10-17-44-14-2-50-13-22-45-41-25-4-7-40*39-65-18-54-36-41-57-35-6-63-24*7-4-25-57-35-51-64-52-10-59*63-21-24-30-26-16-10-20-43-50-23-69-29-3-38*31-11-9-59-17-20-33-22-19-18-39*15-30-26-16-10-17-61-60-44-14*55-8-52-64-58-45-36-38-19-66-48*42-15-49-26-8-51-34-41-27-67*46-7-47-6-63-30-26-16-1-11*67-65-37-5-54-38-22-13-43-61-60*32-39-48-3-69-23-50-43-17-59-1-49-15-42-30*,25.128903471656187,672.0,185,0.0
38473,23-0-50-43-20-55-16-26-62-30*2-0-69-38-36-41-12-25-4-53*7-46-40-53-47-6-56-8-28-10-59-9-68*11-31-1-26-8-51-35-34-45-36-54-18-32-5-37*10-17-44-14-2-50-13-22-45-41-25-4-7-40*39-65-18-54-36-41-57-35-6-63-24*7-4-25-57-35-51-64-52-10-59*63-21-24-30-26-16-10-20-43-50-23-69-29-3-38*31-11-9-59-17-20-33-22-19-18-39*15-49-26-16-10-17-61-60-44-14*55-8-52-64-58-45-36-38-19-66-48*42-15-49-26-8-51-34-41-27-67*46-7-47-6-63-30-26-16-1-11*67-65-37-5-54-38-22-13-43-61-60*32-39-48-3-69-23-50-43-17-59-1-49-15-42-30*,25.13697648701828,670.0,192,0.0
37847,23-0-50-43-20-55-16-26-62-30*2-0-69-38-36-41-12-25-4-53*7-46-40-53-47-6-56-8-28-10-59-9-68-11*11-31-1-26-8-51-35-34-45-36-54-18-32-5-37*10-17-44-14-2-50-13-22-45-41-25-4-7-40*39-65-18-54-36-41-57-35-6-63-24*7-4-25-57-35-51-64-52-10-59*63-21-24-30-26-16-10-20-43-50-23-69-29-3-38*31-11-9-59-17-20-33-22-19-18-39*15-30-26-16-10-17-61-60-44-14*55-8-52-64-58-45-36-38-19-66-48*42-15-49-26-8-51-34-41-27-67*46-7-47-6-63-30-26-16-1-11*67-65-37-5-54-38-22-13-43-61-60*32-39-48-3-69-23-50-43-17-59-1-49-15-42*,25.147453236214872,669.0,189,0.0
37540,23-0-50-43-20-55-16-26-62-30*2-0-69-38-36-41-12-25-4-53*7-46-40-53-47-6-56-8-28-10-59-9-68*11-31-1-26-8-51-35-34-45-36-54-18-32-5-37*10-17-44-14-2-50-13-22-45-41-25-4-7-40*39-65-18-54-36-41-57-35-6-63-24*7-4-25-57-35-51-64-52-10-59*63-21-24-30-26-16-10-20-43-50-23-69-29-3-38*31-11-9-59-17-20-33-22-19-18-39*15-30-26-16-10-17-61-60-44-14*55-8-52-64-58-45-36-38-19-66-48*42-15-49-26-8-51-34-41-27-67*46-7-47-6-63-30-26-16-1-11*67-65-37-5-54-38-22-13-43-61-60*32-39-48-3-69-23-50-43-17-59-1-49-15-42*,25.162810136176972,666.0,187,0.0
39870,23-0-50-43-20-55-16-26-62-30*2-0-69-38-36-41-12-25-4-53*7-46-40-53-47-6-56-8-28-10-59-9-68*11-31-1-26-8-51-35-34-45-36-54-18-32-5-37*10-17-44-14-2-50-13-22-45-41-25-4-7-40*39-65-18-54-36-41-57-35-6-63-24*7-4-25-57-35-51-64-52-10-59*63-21-24-30-26-16-10-20-43-50-23-69-29-3-38*31-11-9-59-17-20-33-22-19-18-39*15-30-26-16-10-17-61-60-44-14*55-8-52-64-58-45-36-38-19-66-48*42-15-49-26-8-51-34-41-27-67*46-7-47-6-63-30-26-16-1-11*67-65-37-5-54-38-22-13-43-61-60*32-39-48-3-69-23-50-17-59-1-49-15-42*,25.179537631673217,665.0,199,0.0
40036,23-0-50-43-20-55-16-26-62-30*2-0-69-38-36-41-12-25-4-53*7-46-40-53-47-6-56-8-28-10-59-9-68*11-31-1-26-8-51-35-34-45-36-54-18-32-5-37*10-17-44-14-2-50-13-22-45-41-25-4-7-40*39-65-18-54-36-41-57-35-6-63-24*7-4-25-57-35-51-64-52-10-59*21-24-30-26-16-10-20-43-50-23-69-29-3-38*31-11-9-59-17-20-33-22-19-18-39*15-30-26-16-10-17-61-60-44-14*55-8-52-64-58-45-36-38-19-66-48*42-15-49-26-8-51-34-41-27-67*46-7-47-6-63-30-26-16-1-11*67-65-37-5-54-38-22-13-43-61-60*32-39-48-3-69-23-50-43-17-59-1-49-15-42*,25.213688303732276,663.0,200,0.0
40114,23-0-50-43-20-55-16-26-62-30*0-69-38-36-45-41-12-25-4-53*46-40-53-47-6-56-8-28-10-59-68*31-1-26-30-24-63-6-47-7-46*10-17-44-14-2-50-13-22-45-41-25-4-7-40-46*39-32-18-54-36-41-34-35-6-63*46-7-4-25-57-35-51-64-52-55-10*63-21-24-30-26-16-10-20-43-50-23-69-29-66-3-38*31-11-9-59-17-20-33-22-19-18-39*15-49-26-16-10-17-61-60-44-14*55-8-51-35-57-34-45-36-54-18-65-37-5*42-15-30-26-8-51-34-41-27-67*11-9-16-26-8-52-64-58-45-36-38-19-66-48*67-65-5-54-38-22-13-43-61-60*39-48-3-69-23-50-43-17-59-1-49-15-42-62-24*,25.224793242548685,658.0,200,0.0
39875,23-0-50-43-20-55-16-26-62-30*0-69-38-36-45-41-12-25-4-53*46-53-47-6-56-8-28-10-59-68*31-1-26-8-52-64-58-45-36-38-19-66-48*10-17-44-14-2-50-13-22-45-41-25-4-7-40-46*39-32-18-54-36-41-34-35-6-63*46-7-4-25-57-35-51-64-52-55-10*63-21-24-30-26-16-10-20-43-50-23-69-29-66-3-38*31-11-9-59-17-20-33-22-19-18-39*15-49-26-16-10-17-61-60-44-14*55-8-51-35-57-34-45-36-54-18-65-37-5*42-15-30-26-8-51-34-41-27-67*46-7-47-6-63-24-30-26-16-9-11*67-65-5-54-38-22-13-43-61-60*39-48-3-69-23-50-43-17-59-1-49-15-42-62-24*,25.268782090885022,656.0,199,0.0
38062,23-0-50-43-20-55-16-26-62-30*0-69-38-36-45-41-12-25-4-53*46-40-53-47-6-56-8-28-10-59-68*31-1-26-8-52-64-58-45-36-38-19-66-48*10-17-44-14-2-50-13-22-45-41-25-4-7-40-46*39-32-18-54-36-41-34-35-6-63*46-7-4-25-57-35-51-64-52-55-10*63-21-24-30-26-16-10-20-43-50-23-69-29-66-3-38*31-11-9-59-17-20-33-22-19-18-39*15-49-26-16-10-17-61-60-44-14*55-8-51-35-57-34-45-36-54-18-65-37-5*42-15-30-26-8-51-34-41-27-67*46-7-47-6-63-24-30-26-16-9-11*67-65-5-54-38-22-13-43-61-60*39-48-3-69-23-50-43-17-59-1-49-15-42-62*,25.284964463157458,654.0,190,0.0
38547,23-0-50-43-20-55-16-26-62-30*0-69-38-36-45-41-12-25-4-53*46-40-53-47-6-56-8-28-10-59-68*31-1-26-8-52-64-58-45-36-38-19-66-48*10-17-44-14-2-50-13-22-45-41-25-4-7-40-46*39-32-18-54-36-41-34-35-6-63*46-7-4-25-57-35-51-64-52-55-10*63-21-24-30-26-16-10-20-43-50-23-69-29-66-3-38*31-11-9-59-17-20-33-22-19-18-39*15-49-26-16-10-17-61-60-44-14*55-8-51-35-57-34-45-36-54-18-65-37*42-15-30-26-8-51-34-41-27-67*46-7-47-6-63-24-30-26-16-9-11*67-65-5-54-38-22-13-43-61-60*39-48-3-69-23-50-43-17-59-1-49-15-42-62*,25.301048194084633,652.0,192,0.0
36624,23-0-50-43-20-55-8-26-62-24-30*0-69-38-36-45-41-12-25-4-53*46-40-7-53-47-6-56-8-28-10-59-68*31-1-26-8-52-64-58-45-36-38-19-66-48*10-17-44-14-2-50-13-22-45-41-25-4-7-40*39-32-18-54-36-41-34-35-6-63*46-7-4-25-57-35-51-64-52-55-10*63-21-24-30-26-16-10-20-43-50-23-69-29-3-66-38*31-11-9-59-17-20-33-22-19-18-39*15-49-26-16-10-17-61-60-44-14*8-51-57-34-45-36-54-18-65-37-5*42-15-30-26-8-51-34-41-27-67*46-7-47-6-63-30-26-16-1-11-9-31*67-65-5-54-38-22-13-43-61-60*39-48-3-69-23-50-43-17-59-1-49-42*,25.32756194936065,649.0,183,0.0
40187,23-0-50-43-20-55-16-26-62-30*0-69-38-36-45-41-12-25-4-53*46-7-40-53-47-6-56-8-28-10*31-1-26-8-52-64-58-45-36-19-66-48*10-17-44-14-2-50-13-22-45-41-25-4-7-40*39-32-18-54-36-41-34-35-6-63*46-7-4-25-57-35-51-64-52-55-10-59-68*63-21-24-30-26-16-10-20-43-50-23-69-29-3-66-38*31-11-9-59-17-20-33-22-19-18-39*15-49-26-16-10-17-61-60-44-14*8-51-57-34-45-36-54-18-65-37-5*42-15-30-26-8-51-34-41-27-67*46-7-47-6-63-30-26-16-1-11-31*67-65-5-54-38-22-13-43-61-60*39-48-3-69-23-50-43-17-59-1-49-15-42*,25.358914322204168,641.0,200,0.0
38586,0-23-69-38-36-45-41-25-4-53*0-50-43-20-10-16-26-30-24-21-63*46-40-7-53-47-6-56-8-28-10-59-68*31-1-26-8-51-35-34-45-36-54-18-65-5*17-44-14-2-50-33-22-45-41-12-4-40-7*48-39-32-54-36-45-58-64-52-8-55*53-46-7-4-25-57-35-51-64-52-10-59*29-69-3-23-50-43-20-55-16-26-62*31-11-9-59-17-20-33-22-19-18-39*15-30-26-16-10-17-61-60-44-14*48-66-19-38-36-41-57-35-6-63*42-15-49-26-8-51-41-27-67-37*40-46-7-47-6-63-24-30-26-16-1-11-9*65-37-5-54-38-22-13-43-61-60*39-48-69-23-50-43-17-59-1-49-15-42*,25.392540637638422,638.0,192,0.0
37864,0-23-69-38-36-45-41-25-4-53*0-50-43-20-10-16-26-30-24-21-63*46-40-7-53-47-6-56-8-28-10-59-68*31-11-1-26-8-51-35-34-45-36-54-18-65-5*17-44-14-2-50-33-22-45-41-12-4-40-7*48-39-32-54-36-45-58-64-52-8-55*46-7-4-25-57-35-51-64-52-10-59*29-69-3-23-50-43-20-55-16-26-30-62*31-11-9-59-17-20-33-22-19-18-39*15-30-26-16-10-17-61-60-44-14*48-66-19-38-36-41-57-35-6-63*42-15-49-26-8-56-51-41-27-67-37*46-7-47-6-63-24-30-26-16-1-9*65-37-5-54-38-22-13-43-61-60*39-48-69-23-50-43-17-59-1-49-15-42*,25.39405659936558,635.0,189,0.0
36232,0-23-69-38-36-45-41-25-4-53*0-50-43-20-10-16-26-30-24-21-63*46-40-7-53-47-6-56-8-28-10-59-68*31-11-1-26-8-51-35-34-45-36-54-18-65-5*17-44-14-2-50-33-22-45-41-12-4-40-7*48-39-32-54-36-45-58-64-52-8-55*46-7-4-25-57-35-51-64-52-10-59*29-69-3-23-50-43-20-55-16-26-30-62*31-11-9-59-17-20-33-22-19-18-39*15-30-26-16-10-17-61-60-44-14*48-66-19-38-36-41-57-35-6-63*42-15-49-26-8-51-41-27-67-37*46-7-47-6-63-24-30-26-16-1-9*65-37-5-54-38-22-13-43-61-60*39-48-69-23-50-43-17-59-1-49-15-42*,25.4047929310497,633.0,181,0.0
38998,0-23-69-38-36-41-57-35-6-63*0-50-43-20-10-16-26-30-24-21-63*46-40-7-53-47-6-56-8-28-10-59-68*31-11-1-26-8-51-35-34-45-36-54-18-65-5*17-44-14-2-50-33-22-45-41-12-4-40-7*39-32-54-36-45-58-64-52-8-55*46-7-4-25-57-35-51-64-52-10-59*29-69-3-23-50-43-20-55-16-26-30-62*31-11-9-59-17-20-33-22-19-18-39*15-30-26-16-10-17-61-60-44-14*48-66-19-38-36-45-41-25-4-53*42-15-49-26-8-56-51-41-27-67-37*46-7-47-6-63-24-30-26-16-1-9*65-37-5-54-38-22-13-43-61-60*39-48-69-23-50-43-17-59-1-49-15-42*,25.412725771868526,631.0,194,0.0
39758,0-23-69-38-36-45-41-25-4-53*0-50-43-20-10-16-26-30-24-21-63*46-40-7-53-47-6-56-8-28-10-59-68*31-11-1-26-8-51-35-34-45-36-54-18-65-5*17-44-14-2-50-33-22-45-41-12-4-40-7*48-39-32-54-36-45-58-64-52-8-55*46-7-4-25-57-35-51-64-52-10*29-69-3-23-50-43-20-55-16-26-30-62*31-11-9-59-17-20-33-22-19-18-39*15-30-26-16-10-17-61-60-44-14*48-66-19-38-36-41-57-35-6-63*42-15-49-26-8-51-41-27-67-37*46-7-47-6-63-24-30-26-16-1-9*65-37-5-54-38-22-13-43-61-60*39-48-69-23-50-43-17-59-1-49-15-42*,25.43462415051631,628.0,198,0.0
38498,0-23-69-38-36-45-41-25-4-53*0-50-43-20-10-16-26-30-24-21-63*46-7-53-47-6-56-8-28-10-59-68-11*31-11-1-26-8-51-35-34-45-36-54-18-65-5*17-44-14-2-50-33-22-45-41-12-4-7-46*39-32-54-36-45-34-57-35-6-63*59-10-52-64-51-35-57-25-4-40*29-69-23-50-43-20-55-16-26-62-30*31-11-9-59-17-20-33-22-19-18-39*15-30-26-16-10-17-61-60-44-14*55-52-64-58-45-36-38-19-66-48-29*42-15-49-26-8-51-34-41-27-67*40-7-47-6-63-24-30-26-16-1-31*67-37-5-54-38-22-13-43-61-60*39-48-3-69-23-50-43-17-59-1-49-15-42*,25.456621170509354,626.0,192,0.0
38179,0-23-69-38-36-45-41-25-12-4-53*0-50-43-20-10-16-26-30-24-21-63*46-7-53-47-6-56-8-28-10-59*31-11-1-26-8-51-35-34-41-27-67*17-44-14-2-50-33-22-45-41-12-4-7-46*39-32-54-36-45-34-57-35-6-63*40-4-25-57-35-51-64-52-10-59-68-11*29-69-23-50-43-20-55-16-26-62-30*31-11-9-59-17-20-33-22-19-18-39*15-30-26-16-10-17-61-60-44-14*55-52-64-58-45-36-54-18-65-5*42-15-49-26-8-51-34-45-36-38-19-66-48*40-7-47-6-63-24-30-26-16-1-31*67-37-5-54-38-22-13-43-61-60*39-48-3-69-23-50-17-59-1-49-15-42*,25.462710975666738,624.0,190,0.0
39350,0-23-69-38-36-41-25-12-4-53*0-50-43-20-55-16-26-30-24-21-63*46-40-53-47-6-56-8-28-10-59-68*31-11-1-26-8-51-35-34-45-36-54-18-65-5*17-44-14-2-50-33-22-45-41-12-4-7-46-40*39-32-54-36-41-34-57-35-6-63*59-10-52-64-51-35-57-25-4-40*29-3-69-23-50-43-20-10-16-26-62*31-11-9-59-17-20-33-22-19-18-39*15-30-26-16-10-17-61-60-44-14*55-52-64-58-45-36-38-19-66-3-48*42-15-49-26-8-51-34-41-27-67*40-7-47-6-63-24-30-26-16-1-31*67-37-5-54-38-22-13-43-61-60*39-48-69-23-50-43-17-59-1-49-15-42*,25.49842952595046,622.0,196,0.0
35554,0-23-69-38-36-41-25-12-4-53*0-50-43-20-55-16-26-30-24-21-63*46-40-53-47-6-56-8-28-10-59-68*31-11-1-26-8-51-35-34-45-36-54-18-65-5*17-44-14-2-50-33-22-45-41-12-4-7-46*39-32-54-36-41-34-57-35-6-63*59-10-52-64-51-35-57-25-4-40*29-3-69-23-50-43-20-10-16-26-62*31-11-9-59-17-20-33-22-19-18-39*15-30-26-16-10-17-61-60-44-14*55-52-64-58-45-36-38-19-66-3-48*42-15-49-26-8-51-34-41-27-67*40-7-47-6-63-24-30-26-16-1-31*67-37-5-54-38-22-13-43-61-60*39-48-69-23-50-43-17-59-1-49-15-42*,25.50558361930671,620.0,177,0.0
39479,0-23-69-38-36-41-25-12-4-53*0-50-43-20-55-16-26-30-24-21-63*46-40-53-47-6-56-8-28-10-59-68*31-11-1-26-8-51-35-34-45-36-54-18-65-5*17-44-14-2-50-33-22-45-41-12-4-7-46*39-32-54-36-41-34-57-35-6-63*59-10-52-64-51-35-57-25-4-40*29-3-69-23-50-43-20-10-16-26-62*31-11-9-59-17-20-33-22-19-18-39*15-30-26-16-10-17-61-60-44-14*55-10-52-64-58-45-36-38-19-66-3-48*42-15-49-26-8-51-34-41-27-67*40-7-47-6-63-24-30-26-16-1*67-37-5-54-38-22-13-43-61-60*39-48-69-23-50-43-17-59-1-49-15-42*,25.516288801092323,618.0,197,0.0
38212,0-23-69-38-36-41-25-12-4-53*0-50-43-20-55-16-26-30-24-21-63*46-40-53-47-6-56-8-28-10-59-68*31-11-1-26-8-51-35-34-45-36-54-18-65-5*17-44-14-2-50-33-22-45-41-12-4-7-46*39-32-54-36-41-34-57-35-6-63*59-10-52-64-51-35-57-25-4-40*29-3-69-23-50-43-20-10-16-26-62*31-11-9-59-17-20-33-22-19-18-39*15-30-26-16-10-17-61-60-44-14*55-52-64-58-45-36-38-19-66-3-48*42-15-49-26-8-51-34-41-27-67*40-7-47-6-63-24-30-26-16-1*67-37-5-54-38-22-13-43-61-60*39-48-69-23-50-43-17-59-1-49-15-42*,25.545284164949095,615.0,191,0.0
40076,0-23-69-38-36-41-25-12-4-53*0-50-43-20-55-16-26-30-24-21-63*46-40-53-47-6-56-8-28-10-59-68*31-11-1-26-8-51-35-34-45-36-54-18-65-5*17-44-14-2-50-33-22-45-41-12-4-7-46*39-32-54-36-41-34-57-35-6-63*59-10-52-64-51-35-57-25-4-40*29-3-23-50-43-20-10-16-26-62*31-11-9-59-17-20-33-22-19-18-39*15-30-26-16-10-17-61-60-44-14*55-52-64-58-45-36-38-19-66-3-48*42-15-49-26-8-51-34-41-27-67*40-7-47-6-63-24-30-26-16-1*67-37-5-54-38-22-13-43-61-60*39-48-69-23-50-43-17-59-1-49-15-42*,25.556119137978474,614.0,200,0.0
40112,0-23-69-38-36-41-25-12-4-53*0-50-43-20-55-16-26-30-21-63*40-53-47-6-56-8-28-10-59-68*11-1-26-8-51-35-34-45-36-54-18-65-5*17-44-14-2-50-33-22-45-41-12-4-7-46*39-32-54-36-45-41-34-57-35-6-63*59-10-52-64-51-35-57-25-4-40*29-3-69-23-50-43-20-10-16-26-62*31-11-9-59-17-20-33-22-19-18-39*15-30-26-16-10-17-61-60-44-14*55-52-64-58-45-36-38-19-66-48*42-15-49-26-8-51-34-41-27-67*40-7-47-6-63-24-30-26-16-1-31*67-37-5-54-38-22-13-43-61-60*39-48-69-23-50-43-17-59-1-49-15-42*,25.650337197651297,613.0,200,0.0
36413,0-23-69-38-36-45-41-25-12-4-53*0-50-43-20-55-16-26-30-24-21-63*40-53-47-6-56-8-28-10-59-68*11-1-26-8-51-35-34-45-36-54-18-65-5*17-44-14-2-50-33-22-45-41-12-4-7-46*39-32-54-36-41-34-57-35-6-63*59-10-52-64-51-35-57-25-4-40*29-3-69-23-50-43-20-10-16-26-62*31-11-9-59-17-20-33-22-19-18-39*15-30-26-16-10-17-61-60-44-14*55-52-64-58-45-36-38-19-66-48*42-15-49-26-8-51-34-41-27-67*40-7-47-6-63-24-30-26-16-1-31*67-37-5-54-38-22-13-43-61-60*39-48-69-23-50-43-17-59-1-49-15*,25.677338968003863,611.0,182,0.0
35397,23-0-50-43-20-55-16-26-30-62*0-69-38-36-45-41-25-12-4-53*40-46-53-47-6-56-8-28-10-59-9-68*11-1-26-8-51-35-34-45-36-38-19-66-48*44-14-2-50-13-22-45-41-12-4-7-40*39-32-54-36-45-41-57-35-6-63*40-7-4-25-57-35-51-64-52-10-59*63-21-24-30-26-16-10-20-43-50-23-69-29*31-11-9-59-17-20-33-22-19-18*15-30-26-16-10-17-61-60-44-14*55-8-52-64-58-45-36-54-18-65-5*42-15-49-26-8-51-34-41-27-67-37*46-7-47-6-63-24-30-26-16-1*65-37-5-54-38-22-33-43-61-60*39-48-3-69-23-50-43-17-59-1-49-15*,25.727806995228875,608.0,176,0.0
39193,23-0-50-43-20-55-16-26-30-62*0-69-38-36-45-41-25-12-4-53*40-46-53-47-6-56-8-28-10-59-9-68*11-1-26-8-51-35-34-45-36-38-19-66-48*44-14-2-50-13-22-45-41-12-4-7-40*39-32-54-36-45-41-57-35-6-63*7-4-25-57-35-51-64-52-10-59*63-21-24-30-26-16-10-20-43-50-23-69-29*31-11-9-59-17-20-33-22-19-18*15-30-26-16-10-17-61-60-44-14*55-8-52-64-58-45-36-54-18-65-5*42-15-49-26-8-51-34-41-27-67-37*46-7-47-6-63-24-30-26-16-1*65-37-5-54-38-22-33-43-61-60*39-48-3-69-23-50-43-17-59-1-49-15*,25.74024099638142,606.0,195,0.0
36602,23-0-50-43-20-55-16-26-62-30*0-69-38-36-45-41-25-12-4-53*40-53-47-6-56-8-28-10-59-68*11-1-26-8-51-35-34-45-36-38-19-66-48*44-14-2-50-13-22-45-41-12-4-7-46-40*39-32-54-36-45-41-57-35-6-63*40-7-4-25-57-35-51-64-52-10*63-21-24-30-26-16-10-20-43-50-23-69-29*31-11-9-59-17-20-33-22-19-18*15-30-26-16-10-17-61-60-44-14*55-10-8-52-64-58-45-36-54-18-65-5*42-15-49-26-8-51-34-41-27-67*46-7-47-6-63-24-30-26-16-1*65-37-5-54-38-22-13-43-61-60*39-48-3-69-23-50-43-17-59-1-49-15*,25.86054190440096,604.0,183,0.0
38917,23-0-50-43-20-55-16-26-62-30*0-69-38-36-45-41-25-12-4-53*40-53-47-6-56-8-28-10-59-68*11-1-26-8-51-35-34-45-36-19-66-48*44-14-2-50-13-22-45-41-12-4-7-46-40*39-32-54-36-45-41-57-35-6-63*40-7-4-25-57-35-51-64-52-10*63-21-24-30-26-16-10-20-43-50-23-69-29*31-11-9-59-17-20-33-22-19-18*15-30-26-16-10-17-61-60-44-14*55-10-8-52-64-58-45-36-54-18-65-5*42-15-49-26-8-51-34-41-27-67*46-7-47-6-63-24-30-26-16-1*65-37-5-54-38-22-13-43-61-60*39-48-3-69-23-50-43-17-59-1-49-15*,25.882819273480536,603.0,194,0.0
39087,42-15-49-26-8-51-34-41-27-67*46-7-47-6-63-30-26-1-31-11*37-65-5-54-19-22-33-20-17-59-9-11*46-40-53-47-6-56-8-28-10-59*21-63-6-35-34-45-36-54-18-39-32*67-37-5-54-38-22-13-43-61-60*11-68-1-26-8-51-34-45-36-54-65*2-0-69-38-36-41-25-12-4-53*56-51-35-57-34-45-36-38-3-29*37-5-54-36-45-58-64-52-8-26-62*3-69-23-50-43-17-59-1-49-15-62*8-52-64-58-45-36-38-19-66-48*43-20-55-10-52-64-51-57-25-4-7-40*44-14-2-50-33-22-45-41-12-40*63-21-24-30-26-16-10-17-61-60-44*,25.904047929310497,594.0,195,0.0
38264,42-15-49-26-8-51-34-41-27-67*46-7-47-6-63-30-26-1-31-11*37-65-5-54-19-22-33-20-17-59-9-11*46-40-53-47-6-56-8-28-10-59*21-63-6-35-34-45-36-54-18-39-32*67-37-5-54-38-22-13-43-61-60*11-68-1-26-8-51-34-45-36-54-65*2-0-69-38-36-41-25-12-4-53*56-51-35-57-34-45-36-38-3-29*37-5-54-36-45-58-64-52-8-26-62*3-69-23-50-43-17-59-1-49-15-62*8-52-64-58-45-36-38-19-66-48*20-55-10-52-64-51-57-25-4-7-40*44-14-2-50-33-22-45-41-12-40*63-21-24-30-26-16-10-17-61-60-44*,25.99770009916051,589.0,191,0.0
38963,42-15-49-26-8-51-34-41-27-67*46-53-47-6-63-30-26-1-31-11*37-65-5-54-19-22-33-20-17-59-9-11*46-40-7-47-6-56-8-28-10-59*21-63-6-35-34-45-36-54-18-39-32*67-37-5-54-38-22-13-43-61-60*11-68-1-26-8-51-34-45-36-54-65*2-0-69-38-36-41-25-12-4-53*56-51-35-57-34-45-36-38-3-29*37-5-54-36-45-58-64-52-8-26-62*3-69-23-50-43-17-59-1-49-15-62*8-52-64-58-45-36-38-19-66-48*20-55-10-52-64-51-57-25-4-7-40*44-14-2-50-33-22-45-41-12-40*63-21-24-30-26-16-10-17-61-60-44*,26.006214404751397,588.0,194,0.0
38475,42-15-49-26-8-51-34-41-27-67*46-53-47-6-63-30-26-1-31-11*37-65-54-19-22-33-20-17-59-68-9-11*46-40-7-47-6-56-28-8-10-59*21-63-6-35-34-45-36-54-18-39-32*67-37-5-54-38-22-13-43-61-60*11-1-26-8-51-34-45-36-54-5-65*2-0-69-38-36-45-41-25-12-4-53*56-51-35-57-34-45-36-38-3-29*37-5-54-36-45-58-64-52-8-26-62*3-69-23-50-43-17-59-1-49-15-62*8-52-64-58-45-36-38-19-66-48*20-55-10-52-64-51-57-25-4-7-40*44-14-2-50-33-22-45-41-12-40*63-21-24-30-26-16-10-17-61-60-44*,26.05737292139323,587.0,192,0.0
38850,42-15-49-26-8-51-34-41-27-67*46-53-47-6-63-30-26-1-31-11*37-65-54-19-22-33-20-17-59-68-9-11*46-40-7-47-6-56-28-8-10-59*21-63-6-35-34-45-36-54-18-39-32*67-37-5-54-38-22-13-43-61-60*11-1-26-8-51-34-45-36-54-5-65*2-0-69-38-36-45-41-25-12-4-53*56-51-35-57-34-45-36-38-3-29*37-5-54-36-45-58-64-52-8-26-62*3-69-23-50-43-17-59-1-49-62*8-52-64-58-45-36-38-19-66-48*20-55-10-52-64-51-57-25-4-7-40*44-14-2-50-33-22-45-41-12-40*63-21-24-30-26-16-10-17-61-60-44*,26.088024421520426,585.0,194,0.0
38591,42-15-49-26-8-51-35-34-41-27-67*39-32-18-54-36-45-34-35-6-63*63-21-24-30-26-8-10-17-61-60-44*44-14-2-50-13-22-45-41-12-4-7-40*13-33-22-45-36-19-69-23-0-50*15-49-26-16-10-55-52-64-58-45*29-3-66-38-36-41-25-4-7-40-46*11-9-68-59-17-20-33-22-38-54-5-65*46-7-47-6-63-30-26-16-1-31*0-69-38-36-41-57-25-12-4-53*29-23-50-43-20-10-16-26-62-30*67-37-5-18-19-38-22-13-43-61-60*8-52-64-58-45-36-38-19-66-48*46-40-53-47-6-56-8-28-10-59*25-57-51-8-26-1-9-68-11-31*,26.126172663887402,583.0,192,0.0
37386,42-15-49-26-8-51-35-34-41-27-67*39-32-18-54-36-45-34-35-6-63*63-21-24-30-26-8-10-17-61-60-44*44-14-2-50-13-22-45-41-12-4-7-40*13-33-22-45-36-19-69-23-0-50*15-49-26-16-10-55-52-64-58-45*29-3-66-38-36-41-25-4-7-40-46*11-9-68-59-17-20-33-22-38-54-5-65*46-7-47-6-63-30-26-16-1-31*0-69-38-36-41-57-25-12-4-53*29-23-50-43-20-10-16-26-30-62*67-37-5-18-19-38-22-13-43-61-60*8-52-64-58-45-36-38-19-66-48*46-40-53-47-6-56-8-28-10-59*25-57-51-8-26-1-9-68-11-31*,26.13918293816226,580.0,186,0.0
36993,42-15-49-26-8-51-35-34-41-27-67*32-39-18-54-36-45-34-57-35-6-63*63-21-24-30-26-16-10-17-61-60-44-14*14-2-50-13-22-45-41-12-4-7-40*13-33-22-45-36-19-69-23-0-50*15-49-26-16-10-55-52-64-58-34-45*29-23-50-43-20-10-16-26-30-62*11-9-59-17-20-33-22-38-54-5-65*46-40-53-47-6-56-8-28-10-59*0-69-38-36-45-41-25-12-4-53*29-3-66-38-36-41-12-4-7-40-46*67-37-5-18-19-38-22-13-43-61-60*8-52-64-58-45-36-38-19-66-48*40-46-7-47-6-63-30-26-16-1-31*25-57-51-8-26-1-68-9-11-31*,26.198336595419928,579.0,184,0.0
36411,42-15-49-26-8-51-35-34-41-27-67*32-39-18-54-36-45-34-57-35-6-63*63-21-24-30-26-16-10-17-61-60-44-14*14-2-50-13-22-45-41-12-4-7-40*13-33-22-45-36-19-69-23-0-50*15-49-26-16-10-55-52-64-58-34-45*29-23-50-43-20-10-16-26-30-62*11-9-59-17-20-33-22-38-54-5-65*46-40-53-47-6-56-8-28-10-59*0-69-38-36-45-41-25-12-4-53*29-3-66-38-36-41-12-4-7-40-46*67-37-5-18-19-38-22-13-43-61-60*8-52-64-58-45-36-38-19-66-48*46-7-47-6-63-30-26-16-1-31*25-57-51-8-26-1-68-9-11-31*,26.205407622380164,577.0,182,0.0
34940,42-15-49-26-8-51-34-41-27-67*32-39-18-54-36-45-34-35-6-63*63-21-24-30-26-16-10-17-61-60-44*44-14-2-50-13-22-45-41-12-4-7-40*13-33-22-45-36-19-69-23-0-50*15-49-26-16-10-55-52-64-58-45*29-3-66-38-36-41-12-4-7-40-46*11-9-68-59-17-20-33-22-38-54-5-65*46-40-53-47-6-56-8-28-10-59*0-69-38-36-41-57-25-12-4-53*29-23-50-43-20-10-16-26-30-62*67-37-5-18-38-22-13-43-61-60*8-52-64-58-45-36-38-19-66-48*46-7-47-6-63-30-26-16-1-31*25-57-35-51-8-26-1-9-68-11-31*,26.21132091144603,575.0,174,0.0
38908,42-15-49-26-8-51-35-34-41-27-67*32-39-18-54-36-45-58-64-52-8*63-21-24-30-26-16-10-17-61-60-44*44-14-2-50-13-22-45-41-25-4-7-40*13-33-22-45-36-19-69-23-0-50*15-49-26-16-10-55-52-64-58-45*29-3-66-38-36-41-12-4-7-46*11-9-68-59-17-20-33-22-38-18-5-65*46-40-53-47-6-56-8-28-10-59*0-69-38-36-41-57-25-12-4-53*29-23-50-43-20-10-16-26-30-62*67-37-5-54-38-22-13-43-61-60*48-66-19-38-36-45-34-35-6-63*46-7-47-6-63-30-26-16-1-31*25-57-51-8-26-1-9-68-11-31*,26.248108941578366,574.0,194,0.0
36519,42-15-49-26-8-51-35-34-41-27-67*32-39-18-54-36-45-34-57-35-6-63*63-21-24-30-26-16-10-17-61-60-44-14*40-7-4-12-41-45-22-13-50-2-14*13-33-22-45-36-19-69-23-0-50*15-49-26-16-10-20-43-50-23-29*29-3-66-38-36-41-12-4-7-40-46*11-9-59-17-20-33-22-38-54-5-65*46-40-53-47-6-56-8-28-10-59*0-69-38-36-45-41-25-12-4-53*62-30-26-16-10-55-52-64-58-45*67-37-5-18-19-38-22-13-43-61-60*8-52-64-58-45-36-38-19-66-48*46-7-47-6-63-30-26-16-1-31*25-57-51-8-26-1-68-9-11-31*,26.252251878079296,573.0,182,0.0
39528,42-15-49-26-8-51-35-34-41-27-67*32-39-18-54-36-45-34-57-35-6-63*63-21-24-30-26-16-10-17-61-60-44*44-14-2-50-13-22-45-41-12-4-7-40*13-33-22-45-36-19-69-23-0-50*15-49-26-16-10-55-52-64-58-45*29-3-66-38-36-41-12-4-7-46*11-9-59-17-20-33-22-38-54-5-65*46-40-53-47-6-56-8-28-10-59*0-69-38-36-45-41-25-12-4-53*29-23-50-43-20-10-16-26-30-62*67-37-5-18-19-38-22-13-43-61-60*8-52-64-58-45-36-38-19-66-48*46-7-47-6-63-30-26-16-1-31*25-57-51-8-26-1-68-9-11-31*,26.30004101403303,572.0,197,0.0
37911,42-15-49-26-8-51-35-34-41-27-67*32-39-18-54-36-45-34-57-35-6-63*63-21-24-30-26-16-10-17-61-60-44*14-2-50-13-22-45-41-12-4-7-40*13-33-22-45-36-19-69-23-0-50*15-49-26-16-10-55-52-64-58-45*29-3-66-38-36-41-12-4-7-40-46*11-9-68-59-17-20-33-22-38-54-5-65*46-40-53-47-6-56-28-8-10-59*0-69-38-36-45-41-25-12-4-53*29-23-50-43-20-10-16-26-30-62*67-37-5-18-19-38-22-13-43-61-60*8-52-64-58-45-36-38-19-66-48*46-7-47-6-63-30-26-16-1-31*25-57-51-56-8-26-1-9-68-11-31*,26.3611363482974,571.0,189,0.0
26934,42-15-49-26-8-51-35-34-41-27-67*32-39-18-54-36-45-34-57-35-6-63*63-21-24-30-26-16-10-17-61-60-44*14-2-50-13-22-45-41-12-4-7-40*13-33-22-45-36-19-69-23-0-50*15-49-26-16-10-55-52-64-58-45*29-3-66-38-36-41-12-4-7-40-46*11-9-68-59-17-20-33-22-38-54-5-65*46-40-53-47-6-56-8-28-10-59*0-69-38-36-45-41-25-12-4-53*29-23-50-43-20-10-16-26-30-62*67-37-5-18-19-38-22-13-43-61-60*8-52-64-58-45-36-38-19-66-48*46-7-47-6-63-30-26-16-1-31*25-57-51-8-26-1-9-68-11-31*,26.388989549209054,569.0,134,0.0
37573,42-15-49-26-8-51-35-34-41-27-67*39-32-18-54-36-45-34-57-35-6-63*63-21-24-30-26-16-10-17-61-60-44*14-2-50-13-22-45-41-12-4-7-40*13-33-22-45-36-19-69-23-0-50*15-49-26-16-10-55-52-64-58-45*29-3-66-38-36-41-12-4-7-40-46*11-9-59-17-20-33-22-38-54-5-65*46-40-53-47-6-56-8-28-10-59*0-69-38-36-45-41-25-12-4-53*29-23-50-43-20-10-16-26-30-62*67-37-5-18-19-38-22-13-43-61-60*8-52-64-58-45-36-38-19-66-48*46-7-47-6-63-30-26-16-1-31*25-57-51-8-26-1-68-9-11-31*,26.41438190813895,568.0,187,0.0
34200,42-15-49-26-8-51-35-34-41-27-67*32-39-18-54-36-45-34-57-35-6-63*63-21-24-30-26-16-10-17-61-60-44*14-2-50-13-22-45-41-12-4-7-40*13-33-22-45-36-19-69-23-0-50*15-49-26-16-10-55-52-64-58-45*29-3-66-38-36-41-12-4-7-46*11-9-59-17-20-33-22-38-54-5-65*46-40-53-47-6-56-8-28-10-59*0-69-38-36-45-41-25-12-4-53*29-23-50-43-20-10-16-26-30-62*67-37-5-18-19-38-22-13-43-61-60*8-52-64-58-45-36-38-19-66-48*46-7-47-6-63-30-26-16-1-31*25-57-51-8-26-1-68-9-11-31*,26.42640057731145,567.0,171,0.0
39862,42-15-49-26-8-51-34-41-27-67*39-32-18-54-36-45-34-57-35-6-63*63-21-24-30-26-16-10-17-61-60-44*14-2-50-13-22-45-41-12-4-7-40*13-33-22-45-36-19-69-23-0-50*15-49-26-16-10-55-52-64-58-45*29-3-66-38-36-41-12-4-7-46*11-9-59-17-20-33-22-38-54-5-65*46-7-47-6-63-30-26-16-1-31*0-69-38-36-45-41-25-12-4-53*29-23-50-43-20-10-16-26-30-62*67-37-5-18-19-38-22-13-43-61-60*8-52-64-58-45-36-38-19-66-48*46-40-53-47-6-56-8-28-10-59*25-57-51-8-26-1-68-9-11-31*,26.440454373186167,566.0,199,0.0
40038,11-68-59-17-20-33-22-38-54-65*32-39-18-54-36-41-12-25-4-53*37-5-18-54-38-22-13-43-61-60*42-15-49-26-8-51-35-41-27-67-65*57-34-51-8-26-1-68-9-11-31*55-10-52-64-51-34-25-4-7-40*42-15-49-26-16-10-17-61-60-44*24-21-63-6-35-34-45-36-38-3-29*3-66-38-36-41-12-4-7-40-46*44-14-2-50-13-22-45-41-12-40*0-23-69-38-36-45-58-64-52-8*39-48-66-19-38-36-45-34-51-56*29-23-50-43-20-10-16-26-30-62*21-24-30-26-8-51-57-41-27-67*40-46-53-47-6-56-8-28-10-59*,26.45609681388455,563.0,200,0.0
38754,11-68-59-17-20-33-22-38-54-65*32-39-18-54-36-41-12-25-4-53*37-5-18-54-38-22-13-43-61-60*15-49-26-8-51-35-41-27-67-65*57-34-51-8-26-1-68-9-11-31*55-10-52-64-51-34-25-4-7-40*42-15-49-26-16-10-17-61-60-44*24-21-63-6-35-34-45-36-38-3-29*3-66-38-36-41-12-4-7-40-46*44-14-2-50-13-22-45-41-12-40*0-23-69-38-36-45-58-64-52-8*39-48-66-19-38-36-45-34-51-56*29-23-50-43-20-10-16-26-30-62*21-24-30-26-8-51-57-41-27-67*40-46-53-47-6-56-8-28-10-59*,26.529620957651712,560.0,193,0.0
37883,11-68-59-17-20-33-22-38-54-65*32-39-18-54-36-41-25-12-4-53*37-5-18-54-38-22-13-43-61-60*15-49-26-8-51-35-41-27-67-65*57-34-51-8-26-1-68-9-11-31*55-10-52-64-51-34-25-4-7-40*42-15-49-26-16-10-17-61-60-44*30-21-63-6-35-34-45-36-38-3-29*3-66-38-36-41-12-4-7-40-46*44-14-2-50-13-22-45-41-12-40*0-23-69-38-36-45-58-64-52-8*48-66-19-38-36-45-34-35-51-56*29-23-50-43-20-10-16-26-30-62*21-24-30-26-8-51-57-41-27-67*40-46-53-47-6-56-8-28-10-59*,26.562525633770644,559.0,189,0.0
38474,11-68-59-17-20-33-22-38-54-65*32-39-18-54-36-41-12-25-4-53*37-5-18-54-38-22-13-43-61-60*15-49-26-8-51-35-41-27-67-65*57-34-51-8-26-1-68-9-11-31*55-10-52-64-51-34-25-4-7-40*42-15-49-26-16-10-17-61-60-44*21-63-6-35-34-45-36-38-3-29*3-66-38-36-41-12-4-7-40-46*44-14-2-50-13-22-45-41-12-40*0-23-69-38-36-45-58-64-52-8*39-48-66-19-38-36-45-34-51-56*29-23-50-43-20-10-16-26-30-62*21-24-30-26-8-51-57-41-27-67*40-46-53-47-6-56-8-28-10-59*,26.576330230457334,557.0,192,0.0
39658,11-68-59-17-20-33-22-38-54-65*32-39-18-54-36-41-12-25-4-53*37-5-54-18-38-22-13-43-61-60*15-49-26-8-51-35-41-27-67-65*57-34-51-8-26-1-68-9-11-31*55-10-52-64-51-34-25-4-7-40*42-15-49-26-16-10-17-61-60-44*21-63-6-35-34-45-36-38-3-29*3-66-38-36-41-12-4-7-40-46*44-14-2-50-13-22-45-41-12-40*0-23-69-38-36-45-58-64-52-8*48-66-19-38-36-45-34-35-51-56*29-23-50-43-20-10-16-26-30-62*21-24-30-26-8-51-57-41-27-67*40-46-53-47-6-56-8-28-10-59*,26.590456709428555,555.0,198,0.0
36306,11-68-59-17-20-33-22-38-54-65*32-39-18-54-36-41-12-25-4-53*37-5-18-54-38-22-13-43-61-60*15-49-26-8-51-35-41-27-67-65*57-34-51-8-26-1-68-9-11-31*55-10-52-64-51-34-25-4-7-40*42-15-49-26-16-10-17-61-60-44*21-63-6-35-34-45-36-38-3-29*3-66-38-36-41-12-4-7-40-46*44-14-2-50-13-22-45-41-12-40*0-23-69-38-36-45-58-64-52-8*48-66-19-38-36-45-34-35-51-56*29-23-50-43-20-10-16-26-30-62*21-24-30-26-8-51-57-41-27-67*40-46-53-47-6-56-8-28-10-59*,26.63699984944216,554.0,181,0.0
39802,11-68-59-17-20-33-22-38-54-65*32-39-18-54-36-45-34-35-51-56*37-5-18-54-38-22-13-43-61-60*42-15-49-26-8-51-34-41-12-40*57-34-51-8-26-1-68-9-11-31*10-55-52-64-51-57-25-4-7-40*42-15-49-1-16-10-17-61-60-44*21-63-6-35-34-45-36-38-69-0*3-66-38-36-41-12-4-7-40-46*44-14-2-50-13-22-45-41-27-67*53-4-12-25-41-45-36-38-3-29*48-66-19-38-36-45-58-64-52-8*29-23-50-43-20-10-16-26-30-62*21-24-30-26-8-51-35-41-27-67*7-46-40-53-47-6-56-8-28-10-59*,26.801767237575085,553.0,199,0.0
39513,11-68-59-17-20-33-22-38-54-65*32-39-18-54-36-45-34-35-51-56*37-5-18-54-38-22-13-43-61-60*42-15-49-26-8-51-34-41-12-40*57-34-51-8-26-1-68-9-11-31*10-55-52-64-51-57-25-4-7-40*42-15-49-1-16-10-17-61-60-44*21-63-6-35-34-45-36-38-69-0*3-66-38-36-41-12-4-7-40-46*44-14-2-50-13-22-45-41-27-67*53-4-12-25-41-45-36-38-3-29*48-66-19-38-36-45-58-64-52-8*29-23-50-43-20-10-16-26-30-62*21-24-30-26-8-51-35-41-27-67*46-40-53-47-6-56-8-28-10-59*,26.807613035194194,550.0,197,0.0
35607,11-68-59-17-20-33-22-38-54-65*32-39-18-54-36-45-34-35-51-56*37-5-18-54-38-22-13-43-61-60*42-15-49-26-8-51-35-41-27-67*57-34-51-8-26-1-68-9-11-31*10-55-52-64-51-57-25-4-7-40*42-15-49-26-16-10-17-61-60-44*21-63-6-35-34-45-36-38-69-0*3-66-38-36-41-12-4-7-40-46*44-14-2-50-13-22-45-41-27-67*53-4-12-25-41-45-36-38-3-29*48-66-19-38-36-45-58-64-52-8*29-23-50-43-20-10-16-26-30-62*21-24-30-26-8-51-34-41-12-40*46-40-53-47-6-56-8-28-10-59*,26.847225322790823,549.0,178,0.0
38428,44-14-2-50-33-22-45-41-12-4-7*29-48-66-19-38-36-45-34-51-56*63-24-62-26-16-10-17-61-60-44*46-40-7-53-47-6-56-8-10-59*39-18-54-36-45-34-57-35-51-56*21-24-30-26-16-10-20-43-61-60*31-11-68-9-16-26-8-56-6-47*4-25-34-35-51-8-26-1-68-9*10-55-20-33-22-38-54-5-37-65*42-15-49-26-16-10-52-64-58-45*31-9-68-59-17-20-33-22-19-54-65*49-26-8-28-56-51-41-27-67-65*60-61-43-13-22-38-19-54-18-32*63-6-35-34-45-36-38-69-23-0*46-40-4-25-41-36-38-66-69-3*,27.33074443065773,547.0,192,0.0
34308,44-14-2-50-33-22-45-41-12-4-53*29-48-66-19-38-36-45-58-51-56*63-24-62-26-16-10-17-61-60-44*40-46-7-53-47-6-56-8-10-59*39-18-54-66-38-22-33-20-55-10*21-24-30-26-16-10-20-43-61-60*31-11-68-9-16-26-8-56-6-47*4-25-34-35-51-8-26-1-68-9*32-18-54-36-45-34-57-35-51-56*42-15-49-26-16-10-52-64-58-45*9-68-59-17-20-33-22-19-54-65*49-26-8-28-56-51-41-27-67-37*37-65-5-54-38-22-13-43-61-60*63-6-35-34-45-36-38-19-69-3*0-23-69-38-36-41-25-4-7-40-46*,27.338973195512338,546.0,171,0.0
29296,44-14-2-50-33-22-45-41-12-4-7*29-48-66-19-38-36-45-58-51-56*63-24-62-26-16-10-17-61-60-44*40-46-7-53-47-6-56-8-10-59*39-18-54-36-45-34-57-35-51-56*21-24-30-26-16-10-20-43-61-60*31-11-68-9-16-26-8-56-6-47*4-25-34-35-51-56-28-8-26-49*10-55-20-33-22-38-66-54-18-32*42-15-49-26-16-10-52-64-58-45*9-68-59-17-20-33-22-19-54-65*37-67-27-41-35-51-8-26-1-68-9*37-65-5-54-38-22-13-43-61-60*63-6-35-34-45-36-38-19-69-3*0-23-69-38-36-41-25-4-40-46*,27.38041294382116,545.0,146,0.0
37485,44-14-2-50-33-22-45-41-12-4-7*29-48-66-19-38-36-45-34-51-56*63-24-62-26-16-10-17-61-60-44*46-40-7-53-47-6-56-8-10-59*39-18-54-36-45-34-57-35-51-56*21-24-30-26-16-10-20-43-61-60*31-11-68-9-16-26-8-56-6-47*4-25-34-35-51-8-26-1-68-9*10-55-20-33-22-38-54-5-37-65*42-15-49-26-16-10-52-64-58-45*9-68-59-17-20-33-22-19-54-65*49-26-8-28-56-51-41-27-67-65*60-61-43-13-22-38-19-54-18-32*63-6-35-34-45-36-38-69-23-0*46-40-4-25-41-36-38-66-69-3*,27.388350976289736,542.0,187,0.0
34933,14-2-50-33-22-45-41-12-4-53*29-48-66-19-38-36-45-58-51-56*63-24-62-26-16-10-17-61-60-44*40-46-7-53-47-6-56-8-10-59*39-18-54-66-38-22-33-20-55-10*21-24-30-26-16-10-20-43-61-60*31-11-68-9-16-26-8-56-6-47*4-25-34-35-51-8-26-1-68-9*32-18-54-36-45-34-57-35-51-56*42-15-49-26-16-10-52-64-58-45*9-68-59-17-20-33-22-19-54-65*49-26-8-28-56-51-41-27-67-37*37-65-5-54-38-22-13-43-61-60*63-6-35-34-45-36-38-19-69-3*0-23-69-38-36-41-25-4-7-40-46*,27.525997186125835,541.0,174,0.0
39897,14-2-50-33-22-45-41-12-4-53*29-48-66-19-38-36-45-58-51-56*63-24-62-26-16-10-17-61-60-44*40-46-7-53-47-6-56-8-10-59*39-18-54-66-38-22-33-20-55-10*21-24-30-26-16-10-20-43-61-60*31-11-68-9-16-26-8-56-6-47*4-25-34-35-51-8-26-1-68-9*32-18-54-36-45-34-57-35-51-56*42-15-49-26-16-10-52-64-58-45*9-68-59-17-20-33-22-19-54-65*49-26-8-28-56-51-41-27-67-37*37-65-5-54-38-22-13-43-61-60*63-6-35-34-45-36-38-19-69-3*0-23-69-38-36-41-25-4-7-40*,27.58676544645592,539.0,199,0.0
38313,44-14-2-50-33-22-45-41-25-4-7*29-48-66-19-38-36-45-58-51-56*21-63-30-26-16-10-17-61-60-44*46-40-53-47-6-56-8-28-10-59*39-18-54-36-45-34-57-35-51-56*24-30-26-16-55-20-17-61-44-60*31-11-68-9-16-26-8-56-6-47*25-34-35-51-8-26-49-15-42-62*10-55-20-33-22-38-19-54-18-32*45-58-64-52-10-16-26-1-68-9*68-9-59-17-20-33-22-19-54-65*49-26-8-28-56-51-35-41-27-67*60-61-43-13-22-38-54-5-65-37*63-6-35-34-45-36-38-66-3-69*2-0-23-69-38-36-41-12-4-40-46-7*,27.75173011727937,538.0,191,0.0
38990,44-14-2-50-33-22-45-41-12-4-7*29-48-66-19-38-36-45-58-51-56*24-63-21-30-26-16-10-17-61-44*7-40-53-47-6-56-8-28-10-59*39-18-54-19-38-22-13-43-61-60*24-30-26-16-55-20-17-61-44-60*31-11-68-9-16-26-8-56-6-47*25-34-35-51-8-26-49-15-42-62*32-18-54-36-45-34-57-35-51-56*45-58-64-52-10-16-26-1-9-68*9-68-59-17-43-33-22-19-54-65*49-26-8-28-56-51-35-41-27-67*37-65-5-54-38-22-33-20-55-10*63-6-35-34-45-36-38-3-69-66*0-23-69-38-36-41-25-4-40-46*,27.77024873193955,537.0,194,0.0
36353,44-14-2-50-33-22-45-41-12-4-7*29-48-66-19-38-36-45-58-51-56*21-63-24-30-26-16-10-17-61-44*7-40-53-47-6-56-8-28-10-59*39-18-54-19-38-22-13-43-61-60*24-30-26-16-55-20-17-61-44-60*31-11-68-9-16-26-8-56-6-47*25-34-35-51-8-26-49-15-42-62*32-18-54-36-45-34-57-35-51-56*45-58-64-52-10-16-26-1-9-68*9-68-59-17-43-33-22-19-54-65*49-26-8-28-56-51-35-41-27-67*37-65-5-54-38-22-33-20-55-10*63-6-35-34-45-36-38-3-69-66*0-23-69-38-36-41-25-4-40-46*,27.80519372641044,535.0,181,0.0
37269,44-14-2-50-33-22-45-41-12-4-7*29-48-66-19-38-36-45-58-51-56*21-63-24-30-26-16-10-17-61-44*7-40-53-47-6-56-8-28-10-59*39-18-54-19-38-22-13-43-61-60*24-30-26-16-55-20-17-61-44-60*31-11-68-9-16-26-8-56-6-47*25-34-35-51-8-26-49-15-42-62*32-18-54-36-45-34-57-35-51-56*45-58-64-52-10-16-26-1-9-68*9-68-59-17-43-33-22-19-54-65*49-26-8-28-56-51-35-41-27-67*37-65-5-54-38-22-33-20-55-10*63-6-35-34-45-36-38-69-23-0*46-40-4-25-41-36-38-66-69-3*,27.815784691901545,533.0,186,0.0
34260,44-14-2-50-33-22-36-54-5-65-37*29-48-66-19-38-36-45-58-51-56*21-63-30-26-16-10-17-61-60-44*46-40-53-47-6-56-8-28-10-59*39-18-54-36-45-34-57-35-51-56*24-30-26-16-55-20-17-61-44-60*31-11-68-9-16-26-8-56-6-47*25-34-35-51-8-26-49-15-42-62*10-55-20-33-22-38-19-54-18-32*45-58-64-52-10-16-26-1-68-9*68-9-59-17-20-33-22-19-54-65*49-26-8-28-56-51-35-41-27-67*60-61-43-13-22-45-41-12-4-7*63-6-35-34-45-36-38-66-3-69*0-23-69-38-36-41-25-4-40-46*,27.893565988464154,532.0,171,0.0
38717,44-14-2-50-33-22-38-54-5-37*29-48-66-19-38-36-45-58-51-56*21-63-30-26-16-10-17-61-60-44*46-40-53-47-6-56-8-28-10-59*39-18-54-19-38-22-33-20-55-10*24-30-26-16-55-20-17-61-44-60*31-11-68-9-16-26-8-56-6-47*25-34-35-51-8-26-49-15-42-62*32-18-54-36-45-34-57-35-51-56*45-58-64-52-10-16-26-1-68-9*68-9-59-17-20-33-22-19-54-65*49-26-8-28-56-51-35-41-27-67*60-61-43-13-22-45-41-12-4-7*63-6-35-34-45-36-38-66-3-69*0-23-69-38-36-41-25-4-40-46*,27.93084722532279,529.0,193,0.0
38404,14-2-50-33-22-38-54-5-65-37*29-48-66-19-38-36-45-58-51-56*21-63-30-26-16-10-17-61-60-44*46-40-53-47-6-56-28-8-10-59*39-18-54-19-38-22-33-20-55-10*24-30-26-16-55-20-17-61-44-60*31-11-68-9-16-26-8-56-6-47*25-34-35-51-8-26-49-15-42-62*32-18-54-36-45-34-57-35-51-56*45-58-64-52-10-16-26-1-68-9*68-9-59-17-20-33-22-19-54-65*49-26-8-28-56-51-35-41-27-67*60-61-43-13-22-45-41-12-4-7*63-6-35-34-45-36-38-66-3-69*0-23-69-38-36-41-25-4-40-46*,28.1587346911228,526.0,192,0.0
33858,31-11-68-9-16-26-8-56-6-47*46-7-53-47-6-56-8-28-10-59*37-65-5-54-36-45-58-64-52-8*14-2-50-33-22-45-41-12-4-7*8-52-64-58-45-36-38-19-66-48*63-21-24-30-26-16-10-17-61-44*55-10-20-33-22-38-19-54-18-32*37-65-5-54-38-22-33-43-61-60*9-68-59-17-20-33-22-38-3-29*46-40-4-25-41-36-38-69-23-0*49-26-8-28-56-51-41-27-67-5*45-58-64-52-10-16-26-1-68-9*39-18-54-36-45-34-57-35-51-56*39-18-54-19-38-22-13-20-55-10*62-42-15-49-26-16-10-55-52-64-58-45*,28.46341184838306,525.0,169,0.0
38830,31-11-68-9-16-26-8-56-6-47*46-7-53-47-6-56-8-28-10-59*37-65-5-54-36-45-58-64-52-8*14-2-50-33-22-45-41-12-4-7*8-52-64-58-45-36-38-19-66-48*63-21-24-30-26-16-10-17-61-44*55-10-20-33-22-38-19-54-18-32*37-65-5-54-38-22-33-43-61-60*9-68-59-17-20-33-22-38-3-29*46-40-4-25-41-36-38-69-23-0*49-26-8-28-56-51-41-27-67-5*45-58-64-52-10-16-26-1-68-9*39-18-54-36-45-34-57-35-51-56*39-18-54-19-38-22-13-20-55-10*62-42-15-49-26-16-55-52-64-58-45*,28.49889677442801,524.0,194,0.0
38366,31-11-68-9-16-26-8-56-6-47*46-7-53-47-6-56-8-28-10-59*37-65-5-54-36-45-58-64-52-8*14-2-50-33-22-45-41-12-4-7*8-52-64-58-45-36-38-19-66-48*63-21-24-30-26-16-10-17-61-44*55-10-20-33-22-38-19-54-18-32*37-65-5-54-38-22-13-43-61-60*9-68-59-17-20-33-22-38-3-29*46-40-4-25-41-36-38-69-23-0*26-8-28-56-51-35-41-27-67-5*45-58-35-64-52-55-16-1-68-9*39-18-54-36-45-34-57-35-51-56*39-18-54-19-38-22-33-20-55-10*62-42-15-49-26-16-10-52-64-58-45*,28.511398267027314,523.0,191,0.0
39811,31-11-68-9-16-26-8-56-6-47*46-7-53-47-6-56-8-28-10-59*37-65-5-54-36-45-58-64-52-8*14-2-50-33-22-45-41-12-4-7*8-52-64-58-45-36-38-19-66-48*63-21-24-30-26-16-10-17-61-44*55-10-20-33-22-38-19-54-18-32*37-65-5-54-38-22-13-43-61-60*9-68-59-17-20-33-22-38-3-29*46-40-4-25-41-36-38-69-23-0*26-8-28-56-51-41-27-67-5-37*45-58-64-52-55-16-26-1-68-9*39-18-54-36-45-34-57-35-51-56*39-18-54-19-38-22-33-20-55-10*62-42-15-49-26-16-10-52-64-58-45*,28.566829511413843,521.0,199,0.0
33529,31-11-68-9-16-26-8-56-6-47*46-7-53-47-6-56-8-28-10-59*37-65-5-54-36-45-58-64-52-8*14-2-50-33-22-45-41-12-4-7*8-52-64-58-45-36-38-19-66-48*63-21-24-30-26-16-10-17-61-44*55-10-20-33-22-38-19-54-18-32*37-65-5-54-38-22-13-43-61-60*9-68-59-17-20-33-22-38-3-29*46-40-4-25-41-36-38-69-23-0*26-8-28-56-51-35-41-27-67-5*45-58-64-52-55-16-26-1-68-9*39-18-54-36-45-34-57-35-51-56*39-18-54-19-38-22-33-20-55-10*62-42-15-49-26-16-10-52-64-58-45*,28.620573469631445,520.0,167,0.0
