,R_x,f_1,f_2,Generation,Rank
40049,28-56-8-10-17-44-14-2-50-33-22-45-41-25-4-40-46*3-69-38-22-33-20-55-10-16-26-49-15*7-53-4-12-41-36-38-19-66-69-23-50-13-43*11-9-68-59-17-20-13-22-19-18-39*46-53-47-6-63-30-26-1-11-31*53-7-4-25-34-57-35-51-8-26-1-9-68-11*3-0-50-43-17-10-16-26-30-24-21-63-6-35-41-27-67-5-65*39-18-54-36-45-34-41-58-35-51-56*69-29-3-66-38-36-45-34-35-6-63-24-62-15*46-40-7-47-6-56-8-28-10-59*31-1-16-10-52-64-58-45-36-54-18-32*54-66-48-29-23-50-43-20-10-8-55-16-26-62-24-42*31-11-9-59-17-20-33-22-19-54-5-37*18-39-32-37-65-54-36-41-51-8-26-30-42*47-40-4-12-25-34-35-64-52-20-17-61-60-14*,24.690811299106517,779.0,200,0.0
37654,28-56-8-10-17-44-14-2-50-33-22-45-41-25-4-40-46*3-69-38-22-33-20-55-10-16-26-49-15*7-53-4-12-41-36-38-19-66-69-23-50-13-43*11-9-68-59-17-20-13-22-19-18-39*46-53-47-6-63-30-26-1-11-31*53-40-4-25-34-57-35-51-8-26-1-9-68-11*3-0-50-43-17-10-16-26-30-24-21-63-6-35-41-27-67-5-65*39-18-54-36-45-34-41-58-35-51-56*69-29-3-66-38-36-45-34-35-6-63-24-62-15*46-40-7-47-6-56-8-28-10-59*31-1-16-10-52-64-58-45-36-54-18-32*54-66-48-29-23-50-43-20-10-8-55-16-26-62-24-42*11-9-59-17-20-33-22-19-54-5-37*18-39-32-37-65-54-36-41-51-8-26-30-42*47-7-4-12-25-34-35-64-52-20-17-61-60-14*,24.728180794010914,776.0,188,0.0
38909,28-56-8-10-17-44-14-2-50-33-22-45-41-25-4-40-46*3-69-38-22-33-20-55-10-16-26-49-15*7-53-4-12-41-36-38-19-66-69-23-50-13-43*31-11-9-68-59-17-20-13-22-19-18-39*46-53-47-6-63-30-26-1-11-31*53-40-4-25-34-57-35-51-8-26-1-9-68-11*3-0-50-43-17-10-16-26-30-24-21-63-6-35-41-27-67-5-65*39-18-54-36-45-34-41-58-35-51-56*69-29-3-66-38-36-45-34-35-6-63-24-62-15*46-40-7-47-6-56-8-28-10-59*31-1-16-10-52-64-58-45-36-54-32-18*54-66-48-29-23-50-43-20-10-55-16-26-62-24-42*11-9-17-20-33-22-19-54-5-37*18-39-32-37-65-54-36-41-51-8-26-30-42*47-7-4-12-25-34-35-64-52-20-17-61-60-14*,24.74476292331414,773.0,194,0.0
37377,28-56-8-10-17-44-14-2-50-33-22-45-41-25-4-40-46*3-69-38-22-33-20-55-10-16-26-49-15*7-53-4-12-41-36-38-19-66-69-23-50-13-43*31-11-9-68-59-17-20-13-22-19-18-39*46-53-47-6-63-30-26-1-11-31*53-40-4-25-34-57-35-51-8-26-1-9-68-11*3-0-50-43-17-10-16-26-30-24-21-63-6-35-41-27-67-5-65*39-18-54-36-45-34-41-58-35-51-56*69-29-3-66-38-36-45-34-35-6-63-24-62-15*46-40-7-47-6-56-8-28-10-59*31-1-16-10-52-64-58-45-36-54-18-32*54-66-48-29-23-50-43-20-10-55-16-26-62-24-42*11-9-17-20-33-22-19-54-5-37*18-39-32-37-65-54-36-41-51-8-26-30-42*47-7-4-12-25-34-35-64-52-20-17-61-60-14*,24.75089426166953,770.0,186,0.0
39731,28-56-8-10-17-44-14-2-50-33-22-45-41-25-4-40-46*3-69-38-22-33-20-55-10-16-26-49-15*53-4-12-41-36-38-19-66-69-23-50-13-43*31-11-9-68-59-17-20-13-22-19-18-39*46-53-47-6-63-30-26-1-11-31*53-40-4-25-34-57-35-51-8-26-1-9-68-11*3-0-50-43-17-10-16-26-30-24-21-63-6-35-41-27-67-5-65*39-18-54-36-45-34-41-58-35-51-56*69-29-3-66-38-36-45-34-35-6-63-24-62-15*46-40-7-47-6-56-8-28-10-59*31-1-16-10-52-64-58-45-36-54-18-32*54-66-48-29-23-50-43-20-10-55-16-26-62-24-42*11-9-17-20-33-22-19-54-5-37*18-39-32-37-65-54-36-41-51-8-26-30-42*47-7-4-12-25-34-35-64-52-20-17-61-60-14*,24.751683392431612,766.0,198,0.0
37794,28-8-10-17-44-14-2-50-33-22-45-41-25-4-40-46*48-3-69-38-22-33-20-55-10-16-26-49-15*7-53-4-12-41-36-38-19-66-69-23-50-43-13*31-11-68-9-59-17-20-13-22-19-18-39*46-53-47-6-63-30-26-1-11-31*53-4-25-34-57-35-51-8-26-1-9-68-11*3-0-50-43-17-10-16-26-30-24-21-63-6-35-41-27-67-5*39-18-54-36-45-34-41-58-35-51-56*69-29-3-66-38-36-45-34-35-6-21-24-62-15*46-40-7-47-6-56-8-28-10-59-9*31-1-16-10-52-64-58-45-36-54-18-32*54-66-48-29-23-50-43-20-10-55-16-26-30-42-24*11-9-59-17-20-33-22-19-54-5-37*48-39-32-37-65-54-36-41-51-8-26-62-42*53-7-4-25-34-35-51-64-52-20-17-61-60-14*,24.75903996012813,763.0,188,0.0
39161,28-8-10-17-44-14-2-50-33-22-45-41-25-4-40-46*48-3-69-38-22-33-20-55-10-16-26-49-15*7-53-4-12-41-36-38-19-66-69-23-50-43-13*31-11-68-9-59-17-20-13-22-19-18-39*46-53-47-6-63-30-26-1-11-31*53-4-25-34-57-35-51-8-26-1-9-68*3-0-50-43-17-10-16-26-30-24-21-63-6-35-41-27-67-5*39-18-54-36-45-34-41-58-35-51-56*69-29-3-66-38-36-45-34-35-6-21-24-62-15*46-40-7-47-6-56-8-28-10-59-9*31-1-16-10-52-64-58-45-36-54-18-32*54-66-48-29-23-50-43-20-10-55-16-26-30-42-24*11-9-59-17-20-33-22-19-54-5-37*48-39-32-37-65-54-36-41-51-8-26-62-42*53-7-4-25-34-35-51-64-52-20-17-61-60-14*,24.761765576247164,760.0,195,0.0
37169,28-8-10-17-44-14-2-50-33-22-45-41-25-4-40-46*48-3-69-38-22-33-20-55-10-16-26-49-15*7-53-4-12-41-36-38-19-66-69-23-50-43-13*31-11-68-9-59-17-20-13-22-19-18-39*46-53-47-6-63-30-26-1-11-31*53-4-25-34-57-35-51-8-26-1-9-68-11*3-0-50-43-17-10-16-26-30-24-21-63-6-35-41-27-67-5*39-18-54-36-45-34-41-58-35-51-56*69-29-3-66-38-36-45-34-35-6-21-24-62-15*46-40-7-47-6-56-8-28-10-59*31-1-16-10-52-64-58-45-36-54-18-32*54-66-48-29-23-50-43-20-10-55-16-26-30-42-24*11-9-59-17-20-33-22-19-54-5-37*48-39-32-37-65-54-36-41-51-8-26-62-42*53-7-4-25-34-35-51-64-52-20-17-61-60-14*,24.778441155245904,759.0,185,0.0
35491,28-8-10-17-44-14-2-50-33-22-45-41-25-4-40-46*3-69-38-22-33-20-55-10-16-26-49-15*7-53-4-12-41-36-38-19-66-69-23-50-43-13*31-11-68-9-59-17-20-13-22-19-18-39*46-53-47-6-63-30-26-1-11-31*53-4-25-34-57-35-51-8-26-1-9-68-11*3-0-50-43-17-10-16-26-30-24-21-63-6-35-41-27-67-5*39-18-54-36-45-34-41-58-35-51-56*69-29-3-66-38-36-45-34-35-6-21-24-62-15*46-40-7-47-6-56-8-28-10-59*31-1-16-10-52-64-58-45-36-54-18-32*54-66-48-29-23-50-43-20-10-55-16-26-30-42-24*11-9-59-17-20-33-22-19-54-5-37*48-39-32-37-65-54-36-41-51-8-26-62-42*53-7-4-25-34-35-51-64-52-20-17-61-60-14*,24.815956016343314,755.0,177,0.0
39419,28-8-10-17-44-14-2-50-33-22-45-41-25-4-40-46*3-69-38-22-33-20-55-10-16-26-49-15*7-53-4-12-41-36-38-19-66-69-23-50-43-13-33*31-11-68-9-59-17-20-13-22-19-18-39*40-46-53-47-6-63-30-26-1-11-31*53-4-25-34-57-35-51-8-26-1-9-68-11*3-0-50-17-10-16-26-30-24-21-63-6-35-41-27-67-5*39-18-54-36-45-34-41-58-35-51-56*69-29-3-66-19-36-45-34-35-6-21-24-62*46-40-7-47-6-56-8-55-10-59*31-1-16-10-52-64-58-45-36-54-18-32-37*54-66-48-29-23-50-43-20-10-55-16-26-30-42*11-9-59-17-20-33-22-38-54-5-37*39-32-37-65-54-36-41-51-8-26-62-42*7-4-25-34-35-51-64-52-20-17-61-60-14*,24.82752301198752,747.0,197,0.0
37842,28-8-10-17-44-14-2-50-33-22-45-41-25-4-40-46*3-69-38-22-33-20-55-10-16-26-49-15*7-53-4-12-41-36-38-19-66-69-23-50-43-13-33*31-11-68-9-59-17-20-13-22-19-18-39*40-46-53-47-6-63-30-26-1-11-31*53-4-25-34-57-35-51-8-26-1-9-68-11*3-0-50-43-17-10-16-26-30-24-21-63-6-35-41-27-67-5*39-18-54-36-45-34-41-58-35-51-56*69-29-3-66-19-36-45-34-35-6-21-24-62*46-40-7-47-6-56-8-55-10-59*31-1-16-10-52-64-58-45-36-54-18-32*54-66-48-29-23-50-43-20-10-55-16-26-30-42*11-9-59-17-20-33-22-38-54-5-37*39-32-37-65-54-36-41-51-8-26-62-42*7-4-25-34-35-51-64-52-20-17-61-60-14*,24.83387759128218,743.0,189,0.0
37609,28-8-10-17-44-14-2-50-33-22-45-41-25-4-40-46*3-69-38-22-33-20-55-10-16-26-49-15*7-53-4-12-41-36-38-19-66-69-23-50-43-13*31-11-68-9-59-17-20-13-22-19-18-39*40-46-53-47-6-63-30-26-1-11-31*53-4-25-34-57-35-51-8-26-1-9-68-11*3-0-50-43-17-10-16-26-30-24-21-63-6-35-41-27-67-5*39-18-54-36-45-34-41-58-35-51-56*69-29-3-66-19-36-45-34-35-6-21-24-62*46-40-7-47-6-56-8-55-10-59*31-1-16-10-52-64-58-45-36-54-18-32*54-66-48-29-23-50-43-20-10-55-16-26-30-42*11-9-59-17-20-33-22-38-54-5-37*39-32-37-65-54-36-41-51-8-26-62-42*7-4-25-34-35-51-64-52-20-17-61-60-14*,24.853585093735237,739.0,188,0.0
39749,28-8-10-17-44-14-2-50-33-22-45-41-25-4-40-46*3-69-38-22-33-20-55-10-16-26-49-15*7-53-4-12-41-36-38-19-66-69-23-50-43*31-11-68-9-59-17-20-13-22-19-18-39*40-46-53-47-6-63-30-26-1-11-31*53-4-25-34-57-35-51-8-26-1-9-68-11*3-0-50-43-17-10-16-26-30-24-21-63-6-35-41-27-67-5*39-18-54-36-45-34-41-58-35-51-56*69-29-3-66-19-36-45-34-35-6-21-24-62*46-40-7-47-6-56-8-55-10-59*31-1-16-10-52-64-58-45-36-54-32-18*54-66-48-29-23-50-43-20-10-55-16-26-30-42*11-9-59-17-20-33-22-38-54-5-37*39-32-37-65-54-36-41-51-8-26-62-42*7-4-25-34-35-51-64-52-20-17-61-60-14*,24.877092883805688,738.0,198,0.0
38632,28-8-10-17-44-14-2-50-33-22-45-41-25-4-40-46*3-69-38-22-33-20-55-10-16-26-49-15*7-53-4-12-41-36-38-19-66-69-23-50-43*31-11-68-9-59-17-20-13-22-19-18-39*40-46-53-47-6-63-30-26-1-11-31*53-4-25-34-57-35-51-8-26-1-9-68-11*3-0-50-43-17-10-16-26-30-24-21-63-6-35-41-27-67-5*39-18-54-36-45-34-41-58-35-51-56*69-29-3-66-19-36-45-34-35-6-21-24-62*46-40-7-47-6-56-8-55-10-59*31-1-16-10-52-64-58-45-36-54-18-32*54-66-48-29-23-50-43-20-10-55-16-26-30-42*11-9-59-17-20-33-22-38-54-5-37*39-32-37-65-54-36-41-51-8-26-62-42*7-4-25-34-35-51-64-52-20-17-61-60-14*,24.883608404242615,735.0,193,0.0
35083,28-8-10-17-44-14-2-50-33-22-45-41-25-4-40-46*3-69-38-22-33-20-55-10-16-26-49-15-30*7-53-4-12-41-36-19-66-69-23-50-43*11-9-59-10-20-13-22-19-18-39*46-7-47-6-63-24-30-26-1-31*25-57-34-35-51-8-26-1-9-68*19-3-0-50-43-17-10-16-26-30-24-21-6-35-57-41-27-67-5*39-18-54-36-45-34-58-35-51-56*69-29-3-66-38-36-45-34-35-6-21-24-62*46-40-53-47-6-56-8-55-10-59*32-54-36-45-58-64-52-10-16-1-11-59-9-31*38-54-66-48-29-23-50-43-20-55-16-26-30-63*9-68-59-17-20-33-22-19-54-5-37*32-37-65-5-54-36-41-51-8-26-62-42*40-7-4-25-34-51-64-52-20-17-61-60-14*,24.908538706344714,734.0,175,0.0
39878,28-8-10-17-44-14-2-50-33-22-45-41-25-4-40-46*3-69-38-22-33-20-55-10-16-26-49-15*7-53-4-12-41-36-38-19-66-69-23-50-43*31-11-68-9-59-17-20-13-22-19-18-39*40-46-53-47-6-63-30-26-1-11-31*53-4-25-34-57-35-51-8-26-1-9-68-11*3-0-50-43-17-10-16-26-30-24-21-63-6-35-41-27-67-5*18-54-36-45-34-41-58-35-51-56*69-29-3-66-19-36-45-34-35-6-21-24-62*46-40-7-47-6-56-8-55-10-59*31-1-16-10-52-64-58-45-36-54-18-32*54-66-48-29-23-50-43-20-10-55-16-26-30-42*11-9-59-17-20-33-22-38-54-5-37*39-32-37-65-54-36-41-51-8-26-62-42*7-4-25-34-35-51-64-52-20-17-61-60-14*,24.91664806325506,731.0,199,0.0
39200,28-8-10-17-44-14-2-50-33-22-45-41-25-4-40-46*3-69-38-22-33-20-10-16-26-49-15-30*7-53-4-12-41-36-19-66-69-23-50-43*11-68-9-59-17-20-13-22-19-18-39-32*46-7-47-6-63-24-30-26-1-31*25-57-34-35-51-8-26-1-9-68*19-3-0-50-43-17-10-16-26-30-24-21-6-35-57-41-27-67-5*39-18-54-36-45-34-58-35-51-56*69-29-3-66-38-36-45-34-35-6-21-24-62*46-40-53-47-6-56-8-55-10-59*32-54-36-45-58-64-52-10-16-1-59-9-31-11*38-54-66-48-29-23-50-43-20-55-16-26-30-63*11-59-17-20-33-22-19-54-5-37*32-37-65-5-54-36-41-51-8-26-62-42*40-7-4-25-34-51-64-52-20-17-61-60*,24.925219476993203,727.0,196,0.0
38487,28-8-10-17-44-14-2-50-33-22-45-41-25-4-40-46*3-69-38-22-33-20-10-16-26-49-15-30*7-53-4-12-41-36-19-66-69-23-50-43*11-68-9-59-17-20-13-22-19-18-39*46-7-47-6-63-24-30-26-1-31*25-57-34-35-51-8-26-1-9-68*19-3-0-50-43-17-10-16-26-30-24-21-6-35-57-41-27-67-5*39-18-54-36-45-34-58-35-51-56*69-29-3-66-38-36-45-34-35-6-21-24-62*46-40-53-47-6-56-8-55-10-59*32-54-36-45-58-64-52-10-16-1-59-9-31-11*38-54-66-48-29-23-50-43-20-55-16-26-30-63*11-59-17-20-33-22-19-54-5-37*32-37-65-5-54-36-41-51-8-26-62-42*40-7-4-25-34-51-64-52-20-17-61-60*,24.944127465384675,724.0,192,0.0
39438,28-8-10-17-44-14-2-50-33-22-45-41-25-4-40-46*3-69-38-22-33-20-10-16-26-49-15-30*7-53-4-12-41-36-19-66-69-23-50-43*11-68-9-59-17-20-13-22-19-18-39*46-7-47-6-63-24-30-26-1-31*25-57-34-35-51-8-26-1-9-68*19-3-0-50-43-17-10-16-26-30-24-21-6-35-41-27-67-5*39-18-54-36-45-34-58-35-51-56*69-29-3-66-38-36-45-34-35-6-21-24-62*46-40-53-47-6-56-8-55-10-59*32-54-36-45-58-64-52-10-16-1-59-9-31-11*38-54-66-48-29-23-50-43-20-55-16-26-30-63*11-59-17-20-33-22-19-54-5-37*32-37-65-5-54-36-41-51-8-26-62-42*40-7-4-25-34-51-64-52-20-17-61-60*,24.962739529740364,722.0,197,0.0
38645,28-8-10-17-44-14-2-50-33-22-45-41-12-4-40-46*3-69-38-22-33-20-55-10-16-26-49-15-30*7-53-4-25-41-36-19-66-69-23-50-43*11-68-9-59-17-20-13-22-19-18-39*46-7-47-6-63-24-30-26-1-31*25-57-34-35-51-8-26-1-9-68*19-3-0-50-43-17-10-16-26-30-24-21-6-35-57-41-27-67-5*39-18-54-36-45-34-58-35-51-56*69-29-3-66-38-36-45-34-35-6-21-24-62*46-40-53-47-6-56-8-55-10-59*32-54-36-45-58-64-52-10-16-1-59-9-31*54-66-48-29-23-50-43-20-55-16-26-30-63*11-59-17-20-33-22-19-54-5-37*32-37-65-5-54-36-41-51-8-26-62-42*40-7-4-25-34-51-64-52-20-17-61-60*,24.978018554956208,718.0,193,0.0
38831,28-8-10-17-44-14-2-50-13-22-45-41-25-4-40-46*3-69-38-22-33-20-55-10-16-26-49-15-30*53-7-4-12-41-36-19-66-69-23-50-43*11-9-59-17-20-33-22-19-18-39*46-7-47-6-21-24-30-26-1-31*25-34-57-35-51-8-26-1-9-68*19-3-0-50-17-10-16-26-30-24-21-6-35-34-41-27-67-5*39-18-54-36-45-34-58-35-51-56-28*69-29-3-66-38-36-45-34-35-6-63-24-62*46-40-53-47-6-56-8-55-10-59*32-54-36-45-58-64-52-10-16-1-59-68-9*54-66-48-29-23-50-43-20-55-16-26-30-63*1-11-59-17-20-33-22-19-54-5-37*32-37-65-5-54-36-41-51-8-26-62-42*40-7-4-25-57-51-64-52-20-17-61-60*,24.992357891567202,716.0,194,0.0
36772,28-8-10-17-44-14-2-50-13-22-45-41-25-4-40-46*3-69-38-22-33-20-55-10-16-26-49-15-30*53-7-4-12-41-36-19-66-69-23-50-43*11-9-59-17-20-33-22-19-18-39*46-7-47-6-21-24-30-26-1-31*25-34-57-35-51-8-26-1-9-68*19-3-0-50-17-10-16-26-30-24-21-6-35-34-41-27-67-5*39-18-54-36-45-34-58-35-51-56-28*69-29-3-66-38-36-45-34-35-6-63-24-62*46-40-53-47-6-56-8-55-10-59*32-54-36-45-58-64-52-10-16-1-68-59-9*54-66-48-29-23-50-43-20-55-16-26-30-63*11-59-17-20-33-22-19-54-5-37*32-37-65-5-54-36-41-51-8-26-62-42*40-7-4-25-57-51-64-52-20-17-61-60*,25.040053577825425,714.0,183,0.0
37450,28-8-10-17-44-14-2-50-13-22-45-41-25-4-40-46*3-69-38-22-33-20-55-10-16-26-49-15-30*53-7-4-12-41-36-19-66-69-23-50-43*11-9-59-17-20-33-22-19-18-39*46-7-47-6-21-24-30-26-1-31*25-34-57-35-51-8-26-1-9-68*19-3-0-50-17-10-16-26-30-24-21-6-35-34-41-27-67-5*39-18-54-36-45-34-58-35-51-56-28*69-29-3-66-38-36-45-34-35-6-63-24-62*46-40-53-47-6-56-8-55-10-59*32-54-36-45-58-64-52-10-16-1-59-68-9*54-66-48-29-23-50-43-20-55-16-26-30-63*11-59-17-20-33-22-19-54-5-37*32-37-65-5-54-36-41-51-8-26-62-42*40-7-4-25-57-51-64-52-20-17-61-60*,25.040551976201478,711.0,187,0.0
38719,28-10-17-44-14-2-50-13-22-45-41-12-4-40-46*0-3-38-22-33-20-10-16-26-49-15*53-4-25-41-36-38-19-66-69-23-50*31-11-68-9-59-17-20-33-22-19-18-39*46-40-47-6-21-24-30-26-1-31*4-25-41-58-51-8-26-1-9-68*0-50-17-10-16-26-30-24-21-6-35-57-41-36-54-65-5-67-37-32*39-18-54-36-45-34-57-35-51-56-28*29-3-66-19-36-45-34-35-6-63-24-62-15*40-46-7-53-47-6-56-8-28-10-59*32-54-36-45-58-64-52-10-16-1-9*54-66-48-29-69-23-50-43-20-55-10-16-26-30-63*11-59-17-20-33-22-38-54-5-37*62-42-49-26-8-51-35-41-27-67*7-4-25-34-51-64-52-20-17-61-60-14*,25.06395593327692,709.0,193,0.0
40198,28-10-17-60-44-14-2-50-13-22-45-41-12-4-7-40-46*0-3-38-22-33-20-10-16-26-49-15*53-4-25-41-36-38-19-66-69-23-50*31-11-9-59-17-20-33-22-19-18-39*46-40-47-6-21-24-30-26-1-11-9*4-25-34-58-51-8-26-1-9-68*69-0-50-17-10-16-26-30-24-21-6-35-41-27-67-37-32*39-18-54-36-45-34-57-35-51-56*29-3-66-19-36-45-34-35-6-63-24-62-15*46-7-53-47-6-56-8-28-10-59*31-1-16-10-52-64-58-45-36-54-18-32*66-48-29-69-23-50-43-20-55-10-16-26-30-63*1-68-59-17-20-33-22-38-54-5-37*24-42-49-26-8-51-41-36-54-65-5*7-4-25-57-51-64-52-20-17-61-14*,25.09027240586241,708.0,200,0.0
39423,28-10-17-60-44-14-2-50-13-22-45-41-12-4-7-40-46*3-38-22-33-20-10-16-26-49-15*53-4-25-41-36-38-19-66-69-23-50*31-11-9-59-17-20-33-22-19-18-39*46-40-47-6-21-24-30-26-1-11-9*4-25-34-58-51-8-26-1-9-68*69-0-50-17-10-16-26-30-24-21-6-35-41-27-67-37-32*39-18-54-36-45-34-57-35-51-56*29-3-66-19-36-45-34-35-6-63-24-62-49*46-7-53-47-6-56-8-28-10-59*31-1-16-10-52-64-58-45-36-54-18-32*66-48-29-69-23-50-43-20-55-10-16-26-30-63*1-68-59-17-20-33-22-38-54-5-37*24-42-15-49-26-8-51-41-36-54-65-5*7-4-25-57-51-64-52-20-17-61-14*,25.119579268704218,704.0,197,0.0
37248,28-10-17-60-44-14-2-50-13-22-45-41-12-4-7-40-46*3-38-22-33-20-10-16-26-49-15*53-4-25-41-36-38-19-66-69-23-50*31-11-9-59-17-20-33-22-19-18-39*46-40-47-6-21-24-30-26-1-11-9*4-25-34-58-51-8-26-1-9-68*69-0-50-17-10-16-26-30-24-21-6-35-41-27-67-37-32*39-18-54-36-45-34-57-35-51-56*29-3-66-19-36-45-34-35-6-63-24-62-15*46-7-53-47-6-56-8-28-10-59*31-1-16-10-52-64-58-45-36-54-18-32*66-48-29-69-23-50-43-20-55-10-16-26-30-63*1-68-59-17-20-33-22-38-54-5-37*24-42-49-26-8-51-41-36-54-65-5*7-4-25-57-51-64-52-20-17-61-14*,25.14274440989113,701.0,186,0.0
39283,28-10-17-60-44-14-2-50-13-22-45-41-12-4-7-40-46*3-38-22-33-20-10-16-26-49-15*53-4-25-41-36-38-19-66-69-23-50*31-11-9-59-17-20-33-22-19-18-39*46-40-47-6-21-24-30-26-1-11-9*4-25-34-58-51-8-26-1-9-68*69-0-50-17-10-16-26-30-21-6-35-41-27-67-37-32*39-18-54-36-45-34-57-35-51-56*29-3-66-19-36-45-34-35-6-63-24-62-15*46-7-53-47-6-56-28-8-10-59*31-1-16-10-52-64-58-45-36-54-18-32*66-48-29-69-23-50-43-20-55-10-16-26-30-63*1-68-59-17-20-33-22-38-54-5-37*24-42-49-26-8-51-41-36-54-65-5*7-4-25-57-51-64-52-20-17-61-14*,25.143201275069178,700.0,196,0.0
39782,28-10-17-60-44-14-2-50-13-22-45-41-12-4-7-40-46*3-38-22-33-20-10-16-26-49-15*53-4-25-41-36-38-19-66-69-23-50*31-11-9-59-17-20-33-22-19-18-39*46-40-47-6-21-24-30-26-1-9*4-25-34-58-51-8-26-1-68-9*69-0-50-17-10-16-26-30-24-21-6-35-41-27-67-37-32*39-18-54-36-45-34-57-35-51-56*29-3-66-19-36-45-34-35-6-63-24-62-15-42*46-7-53-47-6-56-28-8-10-59*31-1-16-10-52-64-58-45-36-54-18-32*66-48-29-69-23-50-43-20-55-10-16-26-30-63*11-68-59-17-20-33-22-38-54-5-37*62-42-49-26-8-51-41-36-54-65-5*7-4-25-57-51-64-52-20-17-61-14*,25.161366857546323,696.0,198,0.0
38389,28-10-17-60-44-14-2-50-13-22-45-41-12-4-7-40-46*3-38-22-33-20-10-16-26-49-15*53-4-25-41-36-38-19-66-69-23-50*31-11-9-59-17-20-33-22-19-18-39*46-40-47-6-21-24-30-26-1-9*4-25-34-58-51-8-26-1-68-9*69-0-50-17-10-16-26-30-24-21-6-35-41-27-67-37-32*39-18-54-36-45-34-57-35-51-56*29-3-66-19-36-45-34-35-6-63-24-62-15-42*46-7-53-47-6-56-28-8-10-59*31-1-16-10-52-64-58-45-36-54-18-32*66-48-29-69-23-50-43-20-55-10-16-26-30-63*11-68-59-17-20-33-22-38-54-5-37*42-49-26-8-51-41-36-54-65-5*7-4-25-57-51-64-52-20-17-61-14*,25.18215422314749,693.0,191,0.0
37484,28-10-17-60-44-14-2-50-13-22-45-41-12-4-7-40-46*3-38-22-33-20-10-16-26-49-15*53-4-25-41-36-38-19-66-69-23*31-11-9-59-17-20-33-22-19-18-39*46-40-47-6-21-24-30-26-1-9*4-25-34-58-51-8-26-1-68-9*69-0-50-17-10-16-26-30-24-21-6-35-41-27-67-37-32*39-18-54-36-45-34-57-35-51-56*29-3-66-19-36-45-34-35-6-63-24-62-15-42*46-7-53-47-6-56-8-28-10-59*31-1-16-10-52-64-58-45-36-54-18-32*66-48-29-69-23-50-43-20-55-10-16-26-30-63*11-68-59-17-20-33-22-38-54-5-37*42-49-26-8-51-41-36-54-65-5*7-4-25-57-51-64-52-20-17-61-14*,25.225525265163512,688.0,187,0.0
40085,28-10-17-60-44-14-2-50-13-22-45-41-12-4-7-40-46*3-38-22-33-20-10-16-26-49-15*53-4-25-41-36-38-19-66-69-23*31-11-9-59-17-20-33-22-19-18-39*46-40-47-6-21-24-30-26-1-9*4-25-34-58-51-8-26-1-68-9*69-0-50-17-10-16-26-30-24-21-6-35-41-27-67-37-32*39-18-54-36-45-34-57-35-51-56*29-3-66-19-36-45-34-35-6-63-24-62-15-42*46-7-53-47-6-56-8-28-10-59*31-1-16-10-52-64-58-45-36-54-32*66-48-29-69-23-50-43-20-55-10-16-26-30-63*11-68-59-17-20-33-22-38-54-5-37*42-49-26-8-51-41-36-54-65-5*7-4-25-57-51-64-52-20-17-61-14*,25.23618891375112,687.0,200,0.0
39277,8-28-10-17-44-14-2-50-13-22-45-41-12-4-7-40-46*3-38-22-33-20-10-16-26-49-15*53-4-25-41-36-38-19-66-69-23-50*31-11-9-17-20-33-22-19-18-39*46-40-47-6-21-24-30-26-1-9*4-25-34-58-51-8-26-1-68-9*0-50-17-10-16-26-30-24-21-6-35-41-27-67-37-32*39-18-54-36-45-34-57-35-51-56*29-3-66-38-36-45-34-35-6-63-24-62-15*46-7-53-47-6-56-8-28-10-59*31-1-16-10-52-64-58-45-36-54-18-32*66-48-29-69-23-50-43-20-55-10-16-26-30-63*11-68-59-17-20-33-22-19-54-5-37*42-49-26-8-51-41-36-54-65-5*7-4-25-57-51-64-52-20-17-61-60-14*,25.25947865453205,686.0,196,0.0
36093,28-10-17-44-14-2-50-13-22-45-41-12-4-7-40-46*3-38-22-33-20-10-16-26-49-15*53-4-25-41-36-38-19-66-69-23-50*31-11-9-17-20-33-22-19-18-39*46-40-47-6-21-24-30-26-1-9*4-25-34-58-51-8-26-1-68-9*0-50-17-10-16-26-30-24-21-6-35-41-27-67-37-32*39-18-54-36-45-34-57-35-51-56*29-3-66-38-36-45-34-35-6-63-24-62-15*46-7-53-47-6-56-8-28-10-59*31-1-16-10-52-64-58-45-36-54-18-32*66-48-29-69-23-50-43-20-55-10-16-26-30-63*11-68-59-17-20-33-22-19-54-5-37*42-49-26-8-51-41-36-54-65-5*7-4-25-57-51-64-52-20-17-61-60-14*,25.268932648727787,684.0,180,0.0
37241,28-10-17-44-14-2-50-13-22-45-41-12-4-7-40-46*3-38-22-33-20-10-16-26-49-15*53-4-25-41-36-38-19-66-69-23-50*31-11-9-17-20-33-22-19-18-39*46-40-47-6-21-24-30-26-1-9*4-25-34-58-51-8-26-1-68-9*0-50-17-10-16-26-30-24-21-6-35-41-27-67-37-32*39-18-54-36-45-34-57-35-51-56*29-3-66-38-36-45-34-35-6-63-24-62-15*46-7-53-47-6-56-8-28-10-59*31-1-16-10-52-64-58-45-36-54-18-32*66-48-29-69-23-50-43-20-55-10-16-26-30-63*11-68-59-17-20-33-22-19-54-5-37*42-49-26-8-51-41-36-54-5-65*7-4-25-57-51-64-52-20-17-61-60-14*,25.269628329794358,683.0,186,0.0
38365,28-10-17-60-44-14-2-50-13-22-45-41-12-4-7-40-46*3-38-22-33-20-10-16-26-49-15*53-4-25-41-36-38-19-66-69-23-50*31-11-9-17-20-33-22-19-18-39*46-40-47-6-21-24-30-26-1-31*4-25-34-58-51-8-26-1-9-68*0-50-17-10-16-26-30-24-21-6-35-41-27-67-37-65-32*39-18-54-36-45-34-57-35-51-56*29-3-66-19-36-45-34-35-6-63-24-62-15*46-7-53-47-6-56-8-28-10-59*32-54-36-45-58-64-52-10-16-1-9*66-48-29-69-23-50-43-20-55-10-16-26-30*11-68-59-17-20-33-22-38-19-54-5-37-65*42-49-26-8-51-41-36-54-5-65*7-4-25-57-51-64-52-20-17-61-14*,25.281304350083325,680.0,191,0.0
37907,28-10-17-60-44-14-2-50-13-22-45-41-12-4-7-40-46*3-38-22-33-20-10-16-26-49-15*53-4-25-41-36-38-19-66-69-23-50*31-11-9-17-20-33-22-19-18-39*46-40-47-6-21-24-30-26-1-31*4-25-34-58-51-8-26-1-9-68*0-50-17-10-16-26-30-24-21-6-35-41-27-67-37-32*39-18-54-36-45-34-57-35-51-56*29-3-66-19-36-45-34-35-6-63-24-62-15*46-7-53-47-6-56-8-28-10-59*32-54-36-45-58-64-52-10-16-1-9*66-48-29-69-23-50-43-20-55-10-16-26-30*11-68-59-17-20-33-22-38-19-54-5-37-65*42-49-26-8-51-41-36-54-5-65*7-4-25-57-51-64-52-20-17-61-14*,25.296266684664385,679.0,189,0.0
33034,28-10-17-60-44-14-2-50-13-22-45-41-12-4-7-40-46*3-38-22-33-20-10-16-26-49-15*53-4-25-41-36-38-19-66-69-23-50*31-11-9-17-20-33-22-19-18-39*46-40-47-6-21-24-30-26-1-9*4-25-34-58-51-8-26-1-9-68*0-50-17-10-16-26-30-24-21-6-35-41-27-67-37-32*39-18-54-36-45-34-57-35-51-56*29-3-66-19-36-45-34-35-6-63-24-62-15*46-7-53-47-6-56-8-28-10-59*31-1-16-10-52-64-58-45-36-54-32*66-48-29-69-23-50-43-20-55-10-16-26-30*11-68-59-17-20-33-22-38-19-54-5-37*42-49-26-8-51-41-36-54-65-5*7-4-25-57-51-64-52-20-17-61-14*,25.363784089670176,678.0,165,0.0
34233,28-10-17-60-44-14-2-50-13-22-45-41-12-4-7-40-46*3-38-22-33-20-10-16-26-49-15*53-4-25-41-36-38-19-66-69-23-50*31-11-9-17-20-33-22-19-18-39*46-40-47-6-21-24-30-26-1-9*4-25-34-58-51-8-26-1-9-68*0-50-17-10-16-26-30-24-21-6-35-41-27-67-37-32*39-18-54-36-45-34-57-35-51-56*29-3-66-19-36-45-34-35-6-63-24-62-15*46-7-53-47-6-56-8-28-10-59*31-1-16-10-52-64-58-45-36-54-32*66-48-29-69-23-50-43-20-55-10-16-26-30*11-68-59-17-20-33-22-38-19-54-5-37*42-49-26-8-51-41-36-54-5-65*7-4-25-57-51-64-52-20-17-61-14*,25.364427854239242,677.0,171,0.0
36913,28-10-17-60-44-14-2-50-13-22-45-41-12-4-7-40-46*3-38-22-33-20-10-16-26-49-15*53-4-25-41-36-38-19-66-69-23-50*31-11-9-17-20-33-22-19-18-39*46-40-47-6-21-24-30-26-1-9*4-25-34-58-51-8-26-1-68-9*0-50-17-10-16-26-30-21-6-35-41-27-67-37-32*39-18-54-36-45-34-57-35-51-56*29-3-66-19-36-45-34-35-6-63-24-62-15*46-7-53-47-6-56-8-28-10-59*31-1-16-10-52-64-58-45-36-54-32*66-48-29-69-23-50-43-20-55-10-16-26-30*11-68-59-17-20-33-22-38-19-54-5-37*42-49-26-8-51-41-36-54-5-65*7-4-25-57-51-64-52-20-17-61-14*,25.39597231812353,676.0,184,0.0
39515,6-63-21-24-30-26-16-10-20-43-50-23-69-3-48*31-1-16-10-52-64-58-45-36-54-32*40-46-7-53-47-6-56-8-55-10-59*32-37-65-5-54-36-41-51-8-26-62-42*0-50-13-33-58-34-35-6-47-40*29-3-66-38-36-45-34-35-6-21-24-62-15*65-18-37-5-54-19-22-13-43-61-60*8-28-10-17-44-14-2-50-33-22-45-41-25-4-7-40-46*62-42-15-49-26-1-59-17-61-44*11-68-9-59-17-20-33-22-38-18-39*4-12-25-57-35-51-8-26-16-9-68*40-7-4-25-34-51-64-52-20-17-61-60-14*53-46-40-12-25-27-67-5-65-37-32*39-18-54-36-45-34-58-35-51-56*38-3-19-36-45-58-64-52-8-26-49*,25.42368015284217,673.0,197,0.0
37127,6-63-21-24-30-26-16-10-20-43-50-23-69-3-48*31-1-16-10-52-64-58-45-36-54-32*40-46-7-53-47-6-56-8-55-10-59*32-37-65-5-54-36-41-51-8-26-62-42*0-50-13-33-58-34-35-6-47-40*29-3-66-38-36-45-34-35-6-21-24-62-15*65-18-37-5-54-19-22-13-43-61-60*8-28-10-17-44-14-2-50-33-22-45-41-25-4-7-40-46*62-42-15-49-26-1-59-17-61-44*11-68-9-59-17-20-33-22-38-18-39*4-12-25-57-35-51-8-26-16-9-68*40-7-4-25-34-51-64-52-20-17-61-60-14*53-46-40-12-25-27-67-5-65-37-32*39-18-54-36-45-34-58-35-51-56*3-38-19-36-45-58-64-52-8-26-49*,25.441664027578042,670.0,185,0.0
39807,62-42-15-49-1-59-17-61-60-44*29-3-38-22-13-20-55-16-26-49*44-14-2-50-33-22-45-41-25-4-7-46*29-66-38-36-41-34-35-6-21-24-62-15*21-62-26-16-10-20-43-50-23-69-3-48*46-40-53-47-6-56-8-28-10-59*2-50-0-23-69-38-36-41-12-4-53*5-37-67-27-41-58-64-52-20-17-60-44*67-27-41-34-51-8-26-1-9-68-59*40-7-47-6-63-24-30-26-1-31-11*46-40-12-41-51-64-52-20-17-61-14-60*48-39-18-54-36-45-34-57-35-51-56*32-65-5-54-36-45-58-64-52-8-26-49-11*37-32-18-54-19-22-33-20-17-9-11-31*29-3-66-19-36-45-41-57-35-6*,25.450801331138997,653.0,199,0.0
39858,62-42-15-49-1-59-17-61-60-44*29-3-38-22-13-20-55-16-26-49*44-14-2-50-33-22-45-41-25-4-7-46*29-66-38-36-41-34-35-6-21-24-62-15*21-62-26-16-10-20-43-50-23-69-3-48-39*46-40-53-47-6-56-8-28-10-59*2-50-0-23-69-38-36-41-12-4-53*5-37-67-27-41-58-64-52-20-17-60-44*67-27-41-34-51-8-26-1-9-68-59*40-7-47-6-63-24-30-26-1-31-11*46-40-12-41-51-64-52-20-17-61-14-60*48-39-18-54-36-45-34-57-35-51-56*32-65-5-54-36-45-58-64-52-8-26-49-11*32-18-54-19-22-33-20-17-9-11-31*29-3-66-19-36-45-41-57-35-6*,25.465395058587767,652.0,199,0.0
40147,62-42-15-49-1-59-17-61-60-44*29-3-38-22-13-20-55-16-26-49*44-14-2-50-33-22-45-41-25-4-7-46*29-66-38-36-41-34-35-6-21-24-62-15*21-62-26-16-10-20-43-50-23-69-3-48*46-40-53-47-6-56-8-28-10-59*2-0-23-69-38-36-41-12-4-53*5-37-67-27-41-58-64-52-20-17-60-44*67-27-41-34-51-8-26-1-68-9-59*40-7-47-6-63-24-30-26-1-31-11*46-40-12-41-51-64-52-20-17-61-14-60*48-39-18-54-36-45-34-57-35-51-56*32-65-5-54-36-45-58-64-52-8-26-49-11*32-18-54-19-38-22-33-20-17-9-11-31*29-3-66-19-36-45-41-57-35-6*,25.48739207858081,644.0,200,0.0
39238,62-42-15-49-1-59-17-61-60-44*29-3-38-22-13-20-55-16-26-49*44-14-2-50-33-22-45-41-25-4-7-46*66-38-36-41-34-35-6-21-24-62-15*21-62-26-16-10-20-43-50-23-69-3-48*46-40-53-47-6-56-8-28-10-59*2-0-23-69-38-36-41-12-4-53*5-37-67-27-41-58-64-52-20-17-60-44*67-27-41-34-51-8-26-1-9-68-59*40-7-47-6-63-24-30-26-1-31-11*46-40-12-41-51-64-52-20-17-61-14-60*48-39-18-54-36-45-34-57-35-51-56*32-65-5-54-36-45-58-64-52-8-26-49-11*32-18-54-19-38-22-33-20-17-9-11-31*29-3-66-19-36-45-41-57-35-6*,25.513059594947485,639.0,196,0.0
39702,62-42-15-49-1-59-17-61-60-44*29-3-38-22-13-20-55-16-26-49*44-14-2-50-33-22-45-41-25-4-7-46*66-38-36-41-34-35-6-21-24-62-15*21-62-26-16-10-20-43-50-23-69-3-48*46-40-53-47-6-56-8-28-10-59*2-0-23-69-38-36-41-12-4-53*5-37-67-27-41-58-64-52-20-17-60-44*67-27-41-34-51-8-26-1-9-68-59*40-7-47-6-63-24-30-26-1-31-11*46-40-12-41-51-64-52-20-17-61-14-60*48-39-18-54-36-45-34-35-51-56*32-65-5-54-36-45-58-64-52-8-26-49-11*32-18-54-19-38-22-33-20-17-9-11-31*29-3-66-19-36-45-41-57-35-6*,25.53458417481323,637.0,198,0.0
38604,62-42-15-49-1-59-17-61-60-44*29-3-38-22-13-20-55-16-26-49-11*44-14-2-50-33-22-45-41-12-4-7-46*29-66-38-36-41-35-6-21-30-15*21-24-62-26-16-10-20-43-50-23-69-3-48*46-40-53-47-6-56-8-28-10-59*2-0-23-69-38-36-41-25-4-53*5-67-27-41-58-64-52-20-17-60-44*27-41-34-51-8-26-1-68-9-59*40-7-47-6-63-24-30-26-1-31-11*46-40-12-41-35-51-64-52-20-17-61-14-60*48-39-18-54-36-45-34-57-51-56*32-18-54-19-22-33-20-17-9-11-31*65-37-5-54-36-45-58-64-52-8-26-49*29-3-66-19-36-45-41-57-35-6*,25.56527201648868,632.0,193,0.0
39255,62-42-15-49-1-59-17-61-60-44*29-3-38-22-13-20-55-16-26-49-11*44-14-2-50-33-22-45-41-12-4-7-46*29-66-38-36-41-35-6-21-30-15*21-62-26-16-10-20-43-50-23-69-3-48*46-40-53-47-6-56-8-28-10-59*2-0-23-69-38-36-41-25-4-53*5-67-27-41-58-64-52-20-17-60-44*27-41-34-51-8-26-1-68-9-59*40-7-47-6-63-24-30-26-1-31-11*46-40-12-41-35-51-64-52-20-17-61-14-60*48-39-18-54-36-45-34-57-51-56*32-18-54-19-22-33-20-17-9-11-31*65-37-5-54-36-45-58-64-52-8-26-49*29-3-66-19-36-45-41-57-35-6*,25.598015751465343,631.0,196,0.0
40142,62-42-15-49-1-59-17-61-60-44*29-3-38-22-13-20-55-16-26-49-11*44-14-2-50-33-22-45-41-12-4-7-46*29-66-38-36-41-34-35-6-21-30-15*21-24-30-26-16-10-20-43-50-23-69-3-48*46-40-53-47-6-56-8-28-10-59*2-0-23-69-38-36-41-25-4-53*5-67-27-41-58-64-52-20-17-60-44*27-41-34-51-8-26-1-9-68-59*40-7-47-6-63-24-62-26-1-31-11*46-40-12-41-51-64-52-20-17-61-14-60*48-39-18-54-36-45-34-57-35-51-56*32-18-54-19-22-33-20-17-9-11*65-37-5-54-36-45-58-64-52-8-26-49*29-3-66-19-36-45-41-57-35-6*,25.648411095593847,630.0,200,0.0
39099,62-42-15-49-1-59-17-61-60-44*29-3-38-22-13-20-55-16-26-49-11*44-14-2-50-33-22-45-41-12-4-7-46*29-66-38-36-41-35-6-63-30-15*21-24-62-26-16-10-20-43-50-23-69-3-48*46-40-53-47-6-56-8-28-10-59*2-0-23-69-38-36-41-25-4-53*5-67-27-41-58-64-52-10-17-44*27-41-34-51-8-26-1-9-68-59*40-7-47-6-21-24-30-26-1-31-11*46-40-12-41-34-51-64-52-20-17-61-60*48-39-18-54-36-45-34-57-35-51-56*32-18-54-19-22-33-20-17-9-31*65-37-5-54-36-45-58-64-52-8-26-49-62*29-3-66-19-36-45-41-57-35-6*,25.678486322598733,626.0,195,0.0
37935,62-42-15-49-1-59-17-61-60-44*29-3-38-22-13-20-55-16-26-49-11*44-14-2-50-33-22-45-41-12-4-7-46*29-66-38-36-41-35-6-63-30-15*21-24-62-26-16-10-20-43-50-23-69-3-48*46-40-53-47-6-56-8-28-10-59*2-0-23-69-38-36-41-25-4-53*5-67-27-41-58-64-52-10-17-44*27-41-34-51-8-26-1-9-68-59*40-7-47-6-21-24-30-26-1-31-11*46-40-12-41-34-51-64-52-20-17-61-60*48-39-18-54-36-45-34-57-35-51-56*32-18-54-19-22-33-20-17-9-31*65-37-5-54-36-45-58-64-52-8-26-49*29-3-66-19-36-45-41-57-35-6*,25.695395525836243,620.0,189,0.0
38206,62-42-15-49-1-59-17-61-14-44*29-3-38-22-13-20-55-16-26-49-11*44-14-2-50-13-22-45-41-12-4-7-46*66-38-36-41-34-35-6-21-62-15*21-24-30-26-16-10-20-43-50-23-69-3-48*46-40-53-47-6-56-8-28-10-59*2-0-23-69-38-36-41-25-4-53*5-67-27-41-58-64-52-20-17-60-44*27-41-34-51-8-26-1-9-68-59*40-7-47-6-63-24-30-26-1-68-11*46-40-12-41-51-64-52-20-17-61-60*48-39-18-54-36-45-34-57-35-51-56*32-18-54-19-22-33-20-17-9-11-31*65-37-5-54-36-45-58-64-52-8-26-49*29-3-66-19-36-45-41-57-35-6*,25.753895035225344,619.0,191,0.0
37067,62-42-15-49-1-59-17-61-60-14*29-3-38-22-33-20-55-16-26-49-15-42*14-2-50-13-22-45-41-12-4-7-46*48-66-19-36-41-35-6-21-24-62-42-15*24-30-26-16-10-55-20-43-50-23-69-3-48*46-40-53-47-6-56-8-28-10-59*0-23-69-38-36-45-41-57-35-6*67-27-41-58-64-52-20-17-61-44*27-41-34-51-8-26-1-9-68-59*40-7-47-6-63-24-30-26-1-31-11-68-9*46-40-12-41-51-64-52-20-17-60-44*32-39-18-54-36-45-34-57-35-51-56*37-65-18-54-19-22-33-20-17-9-11*65-37-5-54-36-45-58-64-52-8-26-49*29-3-66-38-36-45-41-25-4-53*,25.81352113261031,613.0,185,0.0
35778,62-42-15-49-1-59-17-61-60-44*29-3-38-22-33-20-55-16-26-49-15*14-2-50-13-22-45-41-12-4-7-46*39-48-66-38-36-41-35-6-21-24-62-42-15*24-30-26-16-10-55-20-43-50-23-69-3-48*46-40-53-47-6-56-8-28-10-59*0-23-69-38-36-45-41-57-35-6*67-27-41-58-64-52-20-17-61-44*27-41-34-51-8-26-1-9-68-59*40-7-47-6-63-24-30-26-1-31-11-68-9*46-40-12-41-51-64-52-20-17-60-14*32-18-54-36-45-34-57-35-51-56*37-65-18-54-19-22-33-20-17-9-11*65-37-5-54-36-45-58-64-52-8-26-49*29-3-66-19-36-45-41-25-4-53*,25.82694154721546,611.0,178,0.0
36489,62-42-15-49-1-59-17-61-60-14*29-3-38-22-33-20-55-16-26-49-15*14-2-50-13-22-45-41-12-4-7-46*48-66-38-36-41-35-6-21-24-62-42-15*24-30-26-16-10-55-20-43-50-23-69-3-48*46-40-53-47-6-56-8-28-10-59*0-23-69-38-36-45-41-57-35-6*67-27-41-58-64-52-20-17-61-44*27-41-34-51-8-26-1-9-68-59*40-7-47-6-63-24-30-26-1-31-11-68-9*46-40-12-41-51-64-52-20-17-60-44*32-39-18-54-36-45-34-57-35-51-56*37-65-18-54-19-22-33-20-17-9-11*65-37-5-54-36-45-58-64-52-8-26-49*29-3-66-19-36-45-41-25-4-53*,25.832257796560015,610.0,182,0.0
38045,24-62-42-15-49-1-59-17-44-60*29-3-38-22-33-20-55-16-26-49-15*14-2-50-13-22-45-41-12-4-7-40*66-38-36-45-58-64-52-8-26-49-42*24-30-26-16-10-20-43-50-23-69-3-48*46-40-12-41-51-64-52-20-17-60-14*0-23-69-38-36-45-41-25-4-53*67-27-41-58-64-52-20-17-61-44*27-41-34-51-8-26-1-9-68-59*9-11-31-1-26-30-24-63-6-47-7-46*46-40-53-47-6-56-8-28-10-59*39-18-54-19-22-33-20-17-9-68-11*32-18-54-36-45-34-57-35-51-56*65-37-5-54-36-41-35-6-21-24-62-15*29-3-66-19-36-45-41-57-35-6*,25.862805463692197,607.0,190,0.0
39489,24-62-42-15-49-1-59-17-44-60*29-3-38-22-33-20-55-16-26-49-15*14-2-50-13-22-45-41-12-4-7-40*66-38-36-45-58-64-52-8-26-49*24-30-26-16-10-20-43-50-23-69-3-48*46-40-12-41-58-64-52-20-17-60-14*0-23-69-38-36-45-41-25-4-53*67-27-41-51-64-52-20-17-61-44-14*27-41-34-51-8-26-1-9-68-59*9-11-31-1-26-30-24-63-6-47-7-46*46-40-53-47-6-56-8-28-10-59*39-18-54-36-45-34-57-35-51-56*32-18-54-19-22-33-20-17-9-68-11*65-37-5-54-36-41-35-6-21-24-62-15*29-3-66-19-36-45-41-57-35-6*,25.889713784349254,606.0,197,0.0
39651,24-62-42-15-49-1-59-17-44-60*29-3-38-22-33-20-55-16-26-49-15*14-2-50-13-22-45-41-12-4-7-40*66-38-36-45-58-64-52-8-26-49*24-62-26-16-10-20-43-50-23-69-3-48*46-40-12-41-51-64-52-20-17-60-14*0-23-69-38-36-45-41-25-4-53*67-27-41-58-64-52-20-17-61-44*27-41-34-51-8-26-1-9-68-59*9-11-31-1-26-30-24-63-6-47-7-46*46-40-53-47-6-56-8-28-10-59*39-18-54-36-45-34-57-35-51-56*32-18-54-19-22-33-20-17-9-68-11*65-37-5-54-36-41-35-6-21-24-30-15*29-3-66-19-36-45-41-57-35-6*,25.900361857987612,605.0,198,0.0
34153,24-62-42-15-49-1-59-17-44-60*29-3-38-22-33-20-55-16-26-49-15*14-2-50-13-22-45-41-12-4-7-40*66-38-36-45-58-64-52-8-26-49*24-30-26-16-10-20-43-50-23-69-3-48*46-40-12-41-51-64-52-20-17-60-14*0-23-69-38-36-45-41-25-4-53*67-27-41-58-64-52-20-17-61-44*27-41-34-51-8-26-1-9-68-59*9-11-31-1-26-30-24-63-6-47-7-46*46-40-53-47-6-56-8-28-10-59*39-18-54-36-45-34-57-35-51-56*32-18-54-19-22-33-20-17-9-68-11*65-37-5-54-36-41-35-6-21-24-62-15*29-3-66-19-36-45-41-57-35-6*,25.922462710975665,601.0,170,0.0
38168,24-62-42-15-49-1-59-17-44-60*29-3-38-22-33-20-55-16-26-49-15*14-2-50-13-22-45-41-12-4-7-40*66-38-36-45-58-64-52-8-26-49*24-30-26-16-10-20-43-50-23-69-3-48*46-40-12-41-51-64-52-20-17-60-14*0-23-69-38-36-45-41-25-4-53*67-27-41-58-64-52-20-17-61-44*27-41-34-51-8-26-1-9-68-59*9-11-31-1-26-30-63-6-47-7-46*46-40-53-47-6-56-8-28-10-59*39-18-54-36-45-34-57-35-51-56*32-18-54-19-22-33-20-17-9-68-11*65-37-5-54-36-41-35-6-21-24-62-15*29-3-66-19-36-45-41-57-35-6*,25.93229569560319,599.0,190,0.0
39992,24-62-42-15-49-1-59-17-44-60*29-3-38-22-33-20-55-16-26-49-15*14-2-50-13-22-45-41-12-4-7-40*66-38-36-45-58-64-52-8-26-49*24-30-26-16-10-20-43-50-23-69-3-48*46-40-12-41-51-64-52-20-17-60-14*0-23-69-38-36-45-41-25-4-53*67-27-41-58-64-52-20-17-61-44*27-41-34-51-8-26-1-9-68-59*9-11-31-1-26-30-24-63-6-47-7-46*46-40-53-47-6-56-8-28-10-59*39-18-54-36-45-34-57-35-51-56*32-18-54-19-22-33-20-17-9-68-11*65-37-5-54-36-41-35-6-21-24-62*29-3-66-19-36-45-41-57-35-6*,25.950658560770854,597.0,199,0.0
38924,62-42-15-49-1-59-17-61-60-44*29-3-38-22-33-20-55-16-26-49-15*14-2-50-13-22-45-41-12-4-7-46*66-38-36-41-35-6-21-24-62-15*24-30-26-16-10-20-43-50-23-69-3-48*46-40-12-41-51-64-52-20-17-60-14*0-23-69-38-36-45-41-25-4-53*67-27-41-58-64-52-55-17-44-60*27-41-34-51-8-26-1-9-68-59*7-47-6-63-24-30-26-1-31-11*46-40-53-47-6-56-8-28-10-59*39-18-54-36-45-34-57-35-51-56*32-18-54-19-22-33-20-17-9-68-11*65-37-5-54-36-45-58-64-52-8-26-49*29-3-66-19-36-45-41-57-35-6*,25.996750027256162,595.0,194,0.0
39360,62-42-15-49-1-59-17-61-60-44*29-3-38-22-33-20-55-16-26-49-15*14-2-50-13-22-45-41-12-4-7-46*66-38-36-41-35-6-21-24-62-15*24-30-26-16-10-20-43-50-23-69-3-48*46-40-12-41-51-64-52-20-17-60-14*0-23-69-38-36-45-41-25-4-53*67-27-41-58-64-52-55-17-60-44*27-41-34-51-8-26-1-9-68-59*7-47-6-63-24-30-26-1-31-11*46-40-53-47-6-56-8-28-10-59*39-18-54-36-45-34-57-35-51-56*32-18-54-19-22-33-20-17-9-68-11*65-37-5-54-36-45-58-64-52-8-26-49*29-3-66-19-36-45-41-57-35-6*,26.02675257116454,594.0,196,0.0
37042,62-42-15-49-1-59-17-61-60-44*29-3-38-22-33-20-55-16-26-49-15*14-2-50-13-22-45-41-25-4-7-46*66-38-36-41-35-6-21-24-62-15*24-30-26-16-10-20-43-50-23-69-3-48*46-40-12-41-51-64-52-20-17-60-14*0-23-69-38-36-45-41-12-4-53*67-27-41-58-64-52-20-17-44-60*27-41-34-51-8-26-1-9-68-59*7-47-6-63-24-30-26-1-31-11*46-40-53-47-6-56-8-28-10-59*39-18-54-36-45-34-57-35-51-56*32-54-19-22-33-20-17-9-68-11*65-37-5-54-36-45-58-64-52-8-26-49*29-3-66-19-36-45-41-57-35-6*,26.055088595502994,593.0,185,0.0
38574,24-62-42-15-49-1-59-17-44-60*29-3-38-22-33-20-55-16-26-49*2-50-13-22-45-41-12-4-7-40*66-38-36-41-35-6-21-24-62-15*24-30-26-16-10-20-43-50-23-69-3-29*46-40-12-41-51-64-52-20-17-60*0-23-69-38-36-45-41-25-4-53*67-27-41-58-64-52-20-17-61-14*27-41-34-51-8-26-1-9-68-59*9-11-31-1-26-30-24-63-6-47-7-46*46-40-53-47-6-56-8-28-10-59*39-18-54-36-45-34-57-35-51-56*32-18-54-19-22-33-20-17-9-68-11*65-37-5-54-36-45-58-64-52-8-26-49-15*6-35-57-41-45-36-19-66-3-48*,26.07873656011671,590.0,192,0.0
40182,40-7-47-6-63-30-26-1-11-31*62-42-15-49-1-59-17-61-60-44*27-41-34-51-8-26-1-9-68-59*0-50-13-33-58-64-51-35-6-47*60-14-2-50-33-22-45-41-12-4-7-46*37-5-54-36-45-58-64-52-8-26-49*18-54-38-36-45-34-35-51-56-28-10-17*29-48-66-38-36-45-41-25-4-53*21-24-30-26-16-10-55-20-43-50-23-69-3-48*39-18-54-36-45-34-57-35-51-56*65-37-5-54-38-22-13-43-61-60*31-11-9-59-17-20-33-22-38-19*46-40-53-47-6-56-8-55-10-59*46-40-4-25-27-67-37-65-5-32*69-38-36-45-34-35-6-21-24-62-15*,26.112965106922026,582.0,200,0.0
39964,40-7-47-6-63-30-26-1-11-31*62-42-15-49-1-59-17-61-60-44*27-41-34-51-8-26-1-9-68-59*0-50-13-33-58-64-51-35-6-47*60-14-2-50-33-22-45-41-12-4-7-46*37-5-54-36-45-58-64-52-8-26-49*18-54-36-45-34-35-51-56-28-10-17*29-48-66-38-36-45-41-25-4-53*21-24-30-26-16-10-55-20-43-50-23-69-3-48*39-18-54-36-45-34-57-35-51-56*65-37-5-54-38-22-13-43-61-60*31-11-9-59-17-20-33-22-38-19*46-40-53-47-6-56-8-55-10-59*46-40-4-25-27-67-37-65-5-32*69-38-36-45-34-35-6-21-24-62-15*,26.135107493108084,579.0,199,0.0
37857,40-7-47-6-63-30-26-1-11-31*62-42-15-49-1-59-17-61-60-44*27-41-34-51-8-26-1-9-68-59*0-50-13-33-58-64-51-35-6-47*60-14-2-50-33-22-45-41-12-4-40-46*37-65-5-54-36-45-58-64-52-8-26-49*18-54-36-45-34-35-51-56-28-10*29-48-66-38-36-45-41-25-4-53*21-24-30-26-16-10-55-20-43-50-23-69-3-48*39-18-54-36-45-34-35-6-21-24-62-15*65-37-5-54-38-22-13-43-61-60*31-11-9-59-17-20-33-22-38-19*46-40-53-47-6-56-8-55-10-59*46-7-4-25-27-67-5-37-65-32*69-66-38-36-45-34-57-35-51-56*,26.208657595124002,576.0,189,0.0
40052,40-7-47-6-63-30-26-1-11-31*62-42-15-49-1-59-17-61-60-44*27-41-34-51-8-26-1-9-68-59*0-50-13-33-58-64-51-35-6-47*60-14-2-50-33-22-45-41-12-4-40-46*65-5-54-36-45-58-64-52-8-26-49*18-54-36-45-34-35-51-56-28-10*29-48-66-38-36-45-41-25-4-53*21-24-30-26-16-10-55-20-43-50-23-69-3-48*39-18-54-36-45-34-57-35-51-56*65-37-5-54-38-22-13-43-61-60*31-11-9-59-17-20-33-22-38-19*46-40-53-47-6-56-8-55-10-59*46-7-4-25-27-67-5-37-65-32*69-66-38-36-41-34-35-6-21-24-62-15*,26.21881765368581,575.0,200,0.0
37585,40-7-47-6-63-30-26-1-11-31*62-42-15-49-1-59-17-61-60-44*27-41-34-51-8-26-1-9-68-59*0-50-13-33-58-64-51-35-6-47*60-14-2-50-33-22-45-41-12-4-40-46*65-5-54-36-45-58-64-52-8-26-49*18-54-36-45-34-35-51-56-28-10*29-48-66-38-36-45-41-25-4-53*21-24-30-26-16-10-55-20-43-50-23-69-3-48*39-18-54-36-45-34-57-35-51-56*65-37-5-54-38-22-13-43-61-60*31-11-9-59-17-20-33-22-38-19*46-40-53-47-6-56-8-55-10-59*46-7-4-25-27-67-5-37-65-32*69-66-38-36-45-34-35-6-21-24-62-15*,26.232103085397448,574.0,187,0.0
38571,40-7-47-6-63-30-26-1-11-31*62-42-15-49-1-59-17-61-60-44*27-41-34-51-8-26-1-9-68-59*0-50-13-33-58-64-51-35-6-47*60-14-2-50-33-22-45-41-12-4-40-46*65-54-36-45-58-64-52-8-26-49*18-54-36-45-34-35-51-56-28-10*29-48-66-38-36-45-41-25-4-53*21-24-30-26-16-10-55-20-43-50-23-69-3-48*39-18-54-36-45-34-57-35-51-56*65-37-5-54-38-22-13-43-61-60*31-11-9-59-17-20-33-22-38-19*46-40-53-47-6-56-8-55-10-59*46-7-4-25-27-67-5-37-65-32*69-66-38-36-45-34-35-6-21-24-62-15*,26.241022339668877,573.0,192,0.0
38912,40-7-47-6-63-30-26-1-11-31*62-42-15-49-1-59-17-61-60-44*27-41-34-51-8-26-1-9-68-59*0-50-13-33-58-64-51-35-6-47*60-14-2-50-33-22-45-41-12-4-40-46*65-5-54-36-45-58-64-52-8-26-49*18-54-36-45-34-35-51-56-28-10*29-48-66-38-36-45-41-25-4-53*21-24-30-26-16-10-55-20-43-50-23-69-3-48*39-18-54-36-45-34-57-35-51-56*65-37-5-54-38-22-13-43-61-60*31-11-9-59-17-20-33-22-38-19*46-40-53-47-6-56-8-55-10-59*46-7-4-25-27-67-5-37-65-32*69-66-38-36-45-34-35-6-21-24-62*,26.26903129007305,570.0,194,0.0
33907,40-7-47-6-63-30-26-1-31-11*62-42-15-49-1-59-17-61-60-44*27-41-34-51-8-26-1-9-68-59*0-50-13-33-58-64-51-35-6-47*14-2-50-33-22-45-41-12-4-7-46*37-65-5-54-36-45-58-64-52-8-26-49*18-54-36-45-34-35-51-56-28-10*29-48-66-38-36-45-41-25-4-53*21-24-30-26-16-10-55-20-43-50-23-69-3-48*39-18-54-36-45-34-57-35-51-56*65-37-5-54-38-22-13-43-61-60*31-11-9-59-17-20-33-22-38-19*46-40-53-47-6-56-8-55-10-59*46-40-4-25-27-67-37-65-5-32*69-38-36-45-34-35-6-21-24-62-15*,26.315262931101618,568.0,169,0.0
34077,40-7-47-6-63-30-26-1-31-11*62-42-15-49-1-59-17-61-60-44*27-41-34-51-8-26-1-9-68-59*0-50-13-33-58-64-51-35-6-47*14-2-50-33-22-45-41-12-4-7-46*37-5-54-36-45-58-64-52-8-26-49*18-54-36-45-34-35-51-56-28-10*29-48-66-38-36-45-41-25-4-53*21-24-30-26-16-10-55-20-43-50-23-69-3-48*39-18-54-36-45-34-57-35-51-56*65-37-5-54-38-22-13-43-61-60*31-11-9-59-17-20-33-22-38-19*46-40-53-47-6-56-8-55-10-59*46-40-4-25-27-67-37-65-5-32*69-38-36-45-34-35-6-21-24-62-15*,26.34348473914556,566.0,170,0.0
38145,40-7-47-6-63-30-26-1-31-11*62-42-15-49-1-59-17-61-60-44*27-41-34-51-8-26-1-9-68-59*0-50-13-33-58-64-51-35-6-47*14-2-50-33-22-45-41-12-4-7-46*37-5-54-36-45-58-64-52-8-26-49*18-54-36-45-34-35-51-56-28-10*29-48-66-38-36-45-41-25-4-53*21-24-30-26-16-10-55-20-43-50-23-69-3-48*39-18-54-36-45-34-57-35-51-56*65-37-5-54-38-22-13-43-61-60*31-11-9-59-17-20-33-22-38-19*46-40-4-25-27-67-37-65-5-32*46-40-53-47-6-56-8-55-10-59*69-38-36-45-34-35-6-21-62-15*,26.407201856533952,565.0,190,0.0
39443,40-7-47-6-63-30-26-1-31-11*62-42-15-49-1-59-17-61-60-44*27-41-34-51-8-26-1-9-68-59*0-50-13-33-58-64-51-35-6-47*14-2-50-33-22-45-41-12-4-7-46*37-5-54-36-45-58-64-52-8-26*39-18-54-36-45-34-57-51-56-28*29-48-66-38-36-45-41-25-4-53*21-24-30-26-16-10-55-20-43-50-23-69-3-48*39-18-54-36-45-34-57-35-51-56*65-37-5-54-38-22-13-43-61-60*31-11-9-59-17-20-33-22-38-19*46-40-53-47-6-56-8-55-10-59*46-40-4-25-27-67-37-65-5-32*69-38-36-45-34-35-6-21-24-62-15*,26.636683158807376,563.0,197,0.0
36554,40-7-47-6-63-24-30-26-1-31*62-42-15-49-1-59-17-61-60-44*27-41-34-51-8-26-1-9-68-59*0-50-13-33-58-64-51-35-6-47*14-2-50-33-22-45-41-12-4-7-46*37-5-54-36-45-58-64-52-8-26-49*39-18-54-36-45-34-57-35-51-56*29-48-69-38-36-45-41-25-4-53*21-30-26-16-10-55-20-43-50-23-69-3-48*39-18-54-36-45-34-57-35-51-56*65-37-5-54-38-22-13-43-61-60*31-11-9-59-17-20-33-22-38-19*46-40-53-47-6-56-8-28-10-59*46-40-4-25-27-67-37-5-65-32*66-19-36-45-34-35-6-21-24-62-15*,26.66658186972074,561.0,182,0.0
38614,40-7-47-6-63-24-30-26-1-31*62-42-15-49-1-59-17-61-60-44*27-41-34-51-8-26-1-9-68-59*0-50-13-33-58-64-51-35-6-47*14-2-50-33-22-45-41-12-4-7-46*37-5-54-36-45-58-64-52-8-26-49*39-18-54-36-45-34-57-35-51-56*29-48-69-38-36-45-41-25-4-53*21-30-26-16-10-55-20-43-50-23-69-3-48*39-18-54-36-45-34-57-35-51-56*65-37-5-54-38-22-13-43-61-60*31-11-9-59-17-20-33-22-38-19*46-40-53-47-6-56-8-28-10-59*46-40-4-25-27-67-37-5-65-32*66-19-36-45-34-35-6-21-62-15*,26.705638650794064,560.0,193,0.0
35658,40-7-4-12-41-45-22-33-50-2-14*62-42-15-49-1-59-17-61-60-44*27-41-34-51-8-26-1-9-68-59*0-50-13-33-58-64-51-35-6-47*46-7-47-6-63-24-30-26-1-31*5-54-36-45-58-64-52-8-26-49*39-18-54-36-45-34-57-35-51-56*29-48-66-38-36-45-41-25-4-53*21-30-26-16-10-55-20-43-50-23-69-3-48*32-39-18-54-36-45-34-57-51-56*65-37-5-54-38-22-13-43-61-60*31-11-9-59-17-20-33-22-38-66*46-40-53-47-6-56-8-28-10-59*46-40-4-25-27-67-5-37-65-32*15-62-21-6-35-34-45-36-38-19*,26.80391658057181,558.0,178,0.0
34452,40-7-4-12-41-45-22-33-50-2-14*62-42-15-49-1-59-17-61-60-44*27-41-34-51-8-26-1-9-68-59*0-50-13-33-58-64-51-35-6-47*46-7-47-6-63-24-30-26-1-31*5-54-36-45-58-64-52-8-26-49*39-18-54-36-45-34-57-35-51-56*29-48-66-38-36-45-41-25-4-53*21-30-26-16-10-55-20-43-50-23-69-3-48*39-18-54-36-45-34-57-35-51-56*65-37-5-54-38-22-13-43-61-60*31-11-9-59-17-20-33-22-38-19*46-40-53-47-6-56-8-28-10-59*46-40-4-25-27-67-37-5-65-32*66-38-36-45-34-35-6-21-62-15*,26.927155962350156,556.0,172,0.0
35855,40-4-12-41-45-22-33-50-2-14*62-42-15-49-1-59-17-61-60-44*27-41-34-51-8-26-1-9-68-59*0-50-13-33-58-64-51-35-6-47*46-7-47-6-63-24-30-26-1-31*5-54-36-45-58-64-52-8-26-49*39-18-54-36-45-34-57-35-51-56*29-48-66-38-36-45-41-25-4-53*21-30-26-16-10-55-20-43-50-23-69-3-48*39-18-54-36-45-34-57-35-51-56*65-37-5-54-38-22-13-43-61-60*31-11-9-59-17-20-33-22-38-19*46-40-53-47-6-56-8-28-10-59*46-40-4-25-27-67-37-5-65-32*66-38-36-45-34-35-6-21-62-15*,27.086326752052,555.0,179,0.0
38159,14-2-50-43-20-55-10-16-26-30-63*19-38-36-45-58-64-52-8-26-49*0-50-13-33-58-64-51-35-6-47*46-40-12-25-27-67-5-37-65-32*3-66-38-36-41-12-4-7-40-46*21-24-30-26-16-10-20-43-50-23-69-3-48*27-41-58-64-52-10-17-61-60-44*62-42-15-49-26-1-59-17-61-44*46-40-7-53-47-6-56-8-28-10-59*37-65-5-54-38-22-33-43-61-60*23-0-50-43-20-10-16-26-62-30*48-29-66-38-36-45-41-25-4-53*39-18-54-36-41-34-57-35-51-56*31-11-9-59-17-20-33-22-38-19*4-25-57-35-51-8-26-16-9-68*,27.24347279835113,554.0,190,0.0
40018,14-2-50-43-20-10-16-26-30-63*19-38-36-45-58-64-52-8-26-49*0-50-13-33-58-64-51-35-6-47*46-40-4-25-27-67-5-37-65-32*69-3-66-38-36-41-12-25-4-7-40-46*21-24-30-26-16-10-20-43-50-23-69-29-48*27-41-58-64-52-55-10-17-61-44*62-42-15-49-26-1-59-17-60-44*46-40-53-47-6-56-8-28-10-59*37-65-5-54-38-22-33-43-61-60*23-0-50-43-20-10-16-26-30-62*53-4-25-41-45-36-38-66-29-48*39-18-54-36-45-34-57-35-51-56*31-11-9-59-17-20-33-22-38-19*4-25-57-35-51-8-26-16-9-68*,27.255678366914655,551.0,200,0.0
38212,14-2-50-43-20-10-16-26-30-63*19-38-36-45-58-64-52-8-26-49*0-50-13-33-58-64-51-35-6-47*46-40-4-25-27-67-5-37-65-32*69-3-66-38-36-41-12-4-7-40-46*21-24-30-26-16-10-20-43-50-23-69-29-48*27-41-58-64-52-55-10-17-61-44*62-42-15-49-26-1-59-17-60-44*46-40-53-47-6-56-8-28-10-59*37-65-5-54-38-22-33-43-61-60*23-0-50-43-20-10-16-26-30-62*53-4-25-41-45-36-38-66-29-48*39-18-54-36-45-34-57-35-51-56*31-11-9-59-17-20-33-22-38-19*4-25-57-35-51-8-26-16-9-68*,27.285426519985254,549.0,191,0.0
36560,14-2-50-43-20-55-10-16-26-30-63*19-38-36-45-58-64-52-8-26-49*0-50-13-33-58-64-51-35-6-47*46-40-4-25-27-67-5-37-65-32*69-3-66-38-36-41-12-4-7-40-46*21-24-30-26-16-10-20-43-50-23-69-3-48*27-41-58-64-52-55-10-17-61-44*62-42-15-49-26-1-59-17-60-44*46-40-53-47-6-56-8-28-10-59*37-65-5-54-38-22-33-43-61-60*23-0-50-43-20-10-16-26-30-62*29-3-66-38-36-45-41-25-4-53*39-18-54-36-45-34-57-35-51-56*31-11-9-59-17-20-33-22-38-19*4-25-57-35-51-8-26-16-9-68*,27.344144078663877,548.0,182,0.0
39146,14-2-50-43-20-10-16-26-30-63*19-38-36-45-58-64-52-8-26-49*0-50-13-33-58-64-51-35-6-47*46-40-4-25-27-67-5-37-65-32*69-3-66-38-36-41-12-4-7-40-46*21-24-30-26-16-10-20-43-50-23-69-3-48*27-41-58-64-52-55-10-17-61-44*62-42-15-49-26-1-59-17-60-44*46-40-53-47-6-56-8-28-10-59*37-65-5-54-38-22-33-43-61-60*23-0-50-43-20-10-16-26-30-62*29-3-66-38-36-45-41-25-4-53*39-18-54-36-45-34-57-35-51-56*31-11-9-59-17-20-33-22-38-19*4-25-57-35-51-8-26-16-9-68*,27.3812799493295,547.0,195,0.0
39938,14-2-50-43-20-10-16-26-30-63*19-38-36-45-58-64-52-8-26-49*0-50-13-33-58-64-51-35-6-47*46-40-4-25-27-67-5-37-65-32*69-3-66-38-36-41-25-4-7-46*21-24-30-26-16-10-20-43-50-23-69-29-48*27-41-58-64-52-55-10-17-61-44*62-42-15-49-26-1-59-17-61-44*46-40-53-47-6-56-8-28-10-59*37-65-5-54-38-22-33-43-61-60*23-0-50-43-20-10-16-26-30-62*48-3-66-38-36-45-41-12-4-53*39-18-54-36-45-34-57-35-51-56*31-11-9-59-17-20-33-22-38-19*4-25-57-35-51-8-26-16-9-68*,27.407814471204514,546.0,199,0.0
39717,2-50-43-20-55-10-16-26-30-63*19-38-36-45-58-64-52-8-26-49*0-50-13-33-58-64-51-35-6-47*46-40-4-25-27-67-37-5-65-32*69-3-38-36-41-12-4-7-40-46*21-24-30-26-16-10-20-43-50-23-69-3*27-41-58-64-52-10-17-61-44-14*62-42-15-49-1-59-17-61-60-44*46-40-53-47-6-56-8-28-10-59*37-5-54-19-38-22-33-43-61-60*23-0-50-43-20-10-16-26-30-62*23-29-48-66-38-36-45-41-25-4-53*39-18-54-36-45-34-57-35-51-56*31-11-9-59-17-20-33-22-38-19*4-25-57-35-51-8-26-16-9-68*,27.534703582757494,545.0,198,0.0
38068,14-2-50-43-20-10-16-26-30-63*19-38-36-45-58-64-52-8-26-49*0-50-13-33-58-34-57-35-6-47*46-40-4-25-27-67-5-37-65-32*3-66-38-36-41-25-4-7-40-46*21-24-30-26-16-55-20-43-50-0-23*27-41-58-64-52-10-17-61-60-44*62-42-15-49-1-59-17-61-60-44*46-40-53-47-6-56-8-28-10-59*37-65-5-54-38-22-33-43-61-60*62-30-26-16-10-20-43-50-23-69-3*29-48-66-38-36-45-41-12-4-53*39-18-54-36-45-34-57-35-51-56*31-11-9-59-17-20-33-22-38-19*4-25-57-35-51-8-26-1-9-68*,27.607179013275047,543.0,190,0.0
27461,2-50-43-20-55-10-16-26-30-63*19-38-36-45-58-64-52-8-26-49*0-50-13-33-58-64-51-35-6-47*46-40-4-25-27-67-37-5-65-32*69-3-66-38-36-41-12-4-7-40-46*21-24-30-26-16-10-20-43-50-23-69-3*27-41-58-64-52-10-17-61-44-14*62-42-15-49-1-59-17-61-60-44*46-40-53-47-6-56-8-28-10-59*37-5-54-19-38-22-33-43-61-60*23-0-50-43-20-10-16-26-30-62*29-48-66-38-36-45-41-25-4-53*39-18-54-36-45-34-57-35-51-56*31-11-9-59-17-20-33-22-38-19*4-25-57-35-51-8-26-16-9-68*,27.68525623387344,540.0,137,0.0
34556,2-50-43-20-55-10-16-26-30-63*19-38-36-45-58-64-52-8-26-49*0-50-13-33-58-64-51-35-6-47*46-40-4-25-27-67-37-5-65-32*69-3-38-36-41-12-4-7-40-46*21-24-30-26-16-10-20-43-50-23-69-3*27-41-58-64-52-10-17-61-44-14*62-42-15-49-1-59-17-61-60-44*46-40-53-47-6-56-8-28-10-59*37-5-54-19-38-22-33-43-61-60*23-0-50-43-20-10-16-26-30-62*29-48-66-38-36-45-41-25-4-53*39-18-54-36-45-34-57-35-51-56*31-11-9-59-17-20-33-22-38-19*4-25-57-35-51-8-26-16-9-68*,27.716021950295147,539.0,172,0.0
35212,2-50-43-20-55-10-16-26-30-62*19-38-36-45-58-64-52-8-26-49*0-50-13-33-58-64-51-35-6-47*46-40-4-25-27-67-37-5-65-32*3-66-38-36-41-12-4-7-40-46*21-24-30-26-16-10-20-43-50-23-69-3*27-41-58-64-52-10-17-61-44-14*62-42-15-49-1-59-17-61-60-44*46-40-53-47-6-56-8-28-10-59*37-5-54-19-38-22-33-43-61-60*23-0-50-43-20-10-16-26-30-63*29-48-66-38-36-45-41-25-4-53*39-18-54-36-45-34-57-35-51-56*31-11-9-59-17-20-33-22-38-19*4-25-57-35-51-8-26-16-9-68*,27.751813183675377,538.0,176,0.0
40038,2-50-43-20-55-10-16-26-30-62*19-38-36-45-58-64-52-8-26-49*0-50-43-20-10-16-26-30-24-21*46-40-4-25-27-67-37-5-65-32*3-66-38-36-41-12-4-7-40-46*3-69-23-50-13-33-58-64-51-35-6*27-41-58-64-52-10-17-61-44-14*62-42-15-49-1-59-17-61-60-44*46-40-53-47-6-56-8-28-10-59*37-5-54-19-38-22-33-43-61-60*23-0-50-43-17-10-16-26-30-63*29-48-66-38-36-45-41-25-4-53*39-18-54-36-41-34-57-35-51-56*31-11-9-59-17-20-33-22-38-19*4-25-57-35-51-8-26-16-9-68*,27.79375652201,534.0,200,0.0
39729,2-50-43-20-55-10-16-26-30-62*19-38-36-45-58-64-52-8-26-49*0-50-43-20-10-16-26-30-24-21*46-40-4-25-27-67-37-5-65-32*3-66-38-36-41-12-4-7-40-46*3-69-23-50-13-33-58-64-51-35-6*27-41-58-64-52-10-17-61-44-14*62-42-15-49-1-59-17-61-60-44*46-40-53-47-6-56-8-28-10-59*37-5-54-19-38-22-33-43-61-60*23-0-50-43-17-10-16-26-30-63*29-48-66-38-36-45-41-25-4-53*39-18-54-36-45-34-57-35-51-56*31-11-9-59-17-20-33-22-38-19*4-25-57-35-51-8-26-16-9-68*,27.81765887746149,533.0,198,0.0
36803,2-50-43-20-55-10-16-26-30-62*19-38-36-45-58-64-52-8-26-49*0-50-43-20-10-16-26-30-24-21*46-40-4-25-27-67-37-5-65-32*3-66-38-36-41-12-4-7-40-46*3-69-23-50-13-33-58-64-51-35-6*27-41-58-64-52-10-17-61-44-14*62-42-15-49-1-59-17-61-60-44*46-40-53-47-6-56-8-28-10-59*37-5-54-19-38-22-33-43-61-60*23-0-50-43-20-10-16-26-30-63*29-48-66-38-36-45-41-25-4-53*39-18-54-36-45-34-57-35-51-56*31-11-9-59-17-20-33-22-38-19*4-25-57-35-51-8-26-16-9-68*,27.897906207655605,532.0,184,0.0
40165,31-11-9-1-26-8-51-34-41-27*48-39-18-19-36-45-34-57-35-51*7-4-25-12-41-34-57-35-6-47*3-23-50-43-20-10-16-26-30-24*62-42-15-49-1-59-17-61-60-44*29-3-66-38-36-45-41-35-6-63*46-40-7-4-25-27-67-65-37-5*46-40-4-25-27-67-5-37-65-32*46-40-7-4-25-27-67-5-37-65*19-36-45-58-64-52-8-26-30-21*23-2-0-69-3-66-19-38-22-33*46-40-53-47-6-56-8-28-10-59*0-50-13-33-58-64-51-35-6-47*59-68-9-17-20-33-22-19-54-65*14-2-50-43-20-55-10-16-26-49*,29.08565183758443,531.0,200,0.0
40040,62-42-15-49-1-59-17-61-60-44*14-2-50-43-20-55-10-16-26-49*0-2-23-69-3-66-19-38-22-33*0-2-23-69-3-66-19-38-22-13*31-11-59-17-20-33-22-38-19-65*4-25-57-35-51-8-26-16-9-68*48-39-18-54-36-45-34-57-35-51*29-48-66-38-22-45-41-12-4-53*0-50-13-33-58-64-51-35-6-47*46-40-4-25-27-67-5-37-65-32*46-40-53-47-6-56-8-28-10-59*45-58-64-52-8-26-30-24-21-63*46-40-7-4-25-27-67-37-5-65*19-38-36-45-58-64-52-8-26-1*27-41-34-51-8-26-1-68-9-59*,29.139037571969244,522.0,200,0.0
39564,62-42-15-49-9-59-17-61-60-44*48-39-18-54-36-45-34-57-35-51*19-38-36-45-58-64-52-8-26-1*46-40-4-25-27-67-5-37-65-32*14-2-50-43-20-55-10-16-26-49*0-2-23-69-3-66-19-38-22-13*4-25-57-35-51-8-26-16-9-68*27-41-34-51-8-26-1-9-68-59*29-48-66-38-22-45-41-12-4-53*40-46-7-53-47-6-56-8-28-10-59*3-66-38-36-41-25-4-7-40-46*46-40-7-4-25-27-67-5-65-37*31-11-9-59-17-20-33-22-38-19*19-38-36-45-58-64-52-8-26-49*45-58-64-52-55-8-26-30-24-21-63*,30.39905615807535,521.0,197,0.0
40125,62-42-15-49-9-59-17-61-60-44*48-39-18-54-36-45-34-57-35-51*19-38-36-45-58-64-52-8-26-1*46-40-4-25-27-67-5-37-65-32*14-2-50-43-20-55-10-16-26-49*0-2-23-69-3-66-19-38-22-13*4-25-57-35-51-8-26-16-9-68*27-41-34-51-8-26-1-9-68-59*29-48-66-38-22-45-41-12-4-53*40-46-53-47-6-56-8-28-10-59*3-66-38-36-41-25-4-7-40-46*46-40-7-4-25-27-67-5-65-37*31-11-9-59-17-20-33-22-38-19*19-38-36-45-58-64-52-8-26-49*45-58-64-52-55-8-26-30-24-21-63*,30.43002954048708,519.0,200,0.0
37897,62-42-15-49-9-59-17-61-60-44*48-39-18-54-36-45-34-57-35-51*38-19-36-45-58-64-52-8-26-1*46-40-4-25-27-67-5-37-65-32*14-2-50-43-20-55-10-16-26-49*0-2-23-69-3-66-19-38-22-13*4-25-57-35-51-8-26-16-9-68*27-41-34-51-8-26-1-9-68-59*29-48-66-38-22-45-41-12-4-53*40-46-53-47-6-56-8-28-10-59*3-66-38-36-41-25-4-7-40-46*46-40-7-4-25-27-67-5-65-37*31-11-9-59-17-20-33-22-36-19*19-38-36-45-58-64-52-8-26-49*45-58-64-52-8-26-30-24-21-63*,30.534537449965477,518.0,189,0.0
35483,62-42-15-49-9-59-17-61-60-44*48-39-18-54-36-45-34-57-35-51*19-38-36-45-58-64-52-8-26-1*46-40-4-25-27-67-5-37-65-32*14-2-50-43-20-55-10-16-26-49*0-2-23-69-3-66-19-38-22-13*4-25-57-35-51-8-26-16-9-68*27-41-34-51-8-26-1-9-68-59*29-48-66-38-22-45-41-12-4-53*40-46-53-47-6-56-8-28-10-59*3-66-38-36-41-25-4-7-40-46*46-40-7-4-25-27-67-5-65-37*31-11-9-59-17-20-33-22-36-19*19-38-36-45-58-64-52-8-26-49*45-58-64-52-8-26-30-24-21-63*,30.547402358047318,517.0,177,0.0
37887,62-42-15-49-9-59-17-61-60-44*48-39-18-54-36-45-34-57-35-51*19-38-36-45-58-64-52-8-26-1*46-40-4-25-27-67-5-37-65-32*14-2-50-43-20-55-10-16-26-49*0-2-23-69-3-66-19-38-22-13*4-25-57-35-51-8-26-16-9-68*27-41-34-51-8-26-1-9-68-59*29-48-66-38-22-45-41-12-4-53*40-46-7-53-47-6-56-8-28-10-59*3-66-38-36-41-25-4-7-40-46*46-40-7-4-25-27-67-5-65-37*31-11-9-59-17-20-33-22-38-19*19-38-36-45-58-64-52-8-26-49*45-58-64-52-8-26-30-24-21-63*,30.654511284050734,516.0,189,0.0
36591,62-42-15-49-9-59-17-61-60-44*48-39-18-54-36-45-34-57-35-51*19-38-36-45-58-64-52-8-26-1*46-40-4-25-27-67-5-37-65-32*14-2-50-43-20-55-10-16-26-49*0-2-23-69-3-66-19-38-22-13*4-25-57-35-51-8-26-16-9-68*27-41-34-51-8-26-1-9-68-59*29-48-66-38-22-45-41-12-4-53*40-46-53-47-6-56-8-28-10-59*3-66-38-36-41-25-4-7-40-46*46-40-7-4-25-27-67-5-65-37*31-11-9-59-17-20-33-22-38-19*19-38-36-45-58-64-52-8-26-49*45-58-64-52-8-26-30-24-21-63*,30.687524984814424,514.0,182,0.0
40024,4-25-57-35-51-8-26-16-9-68*14-2-50-43-20-55-10-16-26-49*29-48-66-38-22-45-41-12-4-53*46-40-7-4-25-27-67-5-65-37*62-42-15-49-1-59-17-61-60-44*48-39-18-54-36-45-34-51-35-57*0-2-23-69-3-66-19-38-22-13*19-38-36-45-58-64-52-8-26-49*0-2-23-69-3-66-19-38-22-33*3-66-38-36-41-25-4-7-40-46*46-40-4-25-27-67-5-37-65-32*45-58-64-52-8-26-30-24-21-63*48-39-18-54-36-45-34-57-35-51*31-11-9-59-17-20-33-22-38-19*46-40-53-47-6-56-8-28-10-59*,31.388641708675767,507.0,200,0.0
38029,4-25-57-35-51-8-26-16-9-68*14-2-50-43-20-55-10-16-26-49*29-48-66-38-22-45-41-12-4-53*46-40-7-4-25-27-67-5-65-37*62-42-15-49-1-59-17-61-60-44*48-39-18-54-36-45-34-57-35-51*0-2-23-69-3-66-19-38-22-13*19-38-36-45-58-64-52-8-26-49*0-2-23-69-3-66-19-38-22-33*3-66-38-36-41-25-4-7-40-46*46-40-4-25-27-67-5-37-65-32*45-58-64-52-8-26-30-24-21-63*48-39-18-54-36-45-34-57-35-51*31-11-9-59-17-20-33-22-38-19*46-40-53-47-6-56-8-28-10-59*,31.46290825835726,505.0,190,0.0
