,R_x,f_1,f_2,Generation,Rank
39504,12-40-47-6-35-58-33-22-19-66-48*53-4-25-57-35-64-52-20-17-61-14*35-6-21-24-30-26-1-59-17-50-23-3-29*31-11-59-17-20-33-22-38-19-54-5-37-67*62-42-30-15-49-26-8-28-56-51-41-45-36-54-18-39-65*46-53-47-6-63-24-30-26-1-31*7-47-6-56-8-55-17-60-44-14*14-2-50-33-22-45-41-12-4-40-46-53-47*37-65-54-36-22-33-43-61-44-14*32-39-48-29-69-0-50-43-20-55-10-16-26-49-42-15*15-11-9-59-17-20-13-22-36-38-3-69*0-23-69-19-36-41-25-4-7-46-40*11-68-9-1-26-8-51-35-34-41-27-67-5*18-32-65-5-67-27-25-12-4-7-47-40-46*37-32-54-36-45-58-64-52-8-26-62-21*,24.798112316150704,755.0,197,0.0
40079,12-40-47-6-35-58-33-22-19-66-48*53-4-25-57-35-64-52-20-17-61-14*35-6-21-24-30-26-1-59-17-50-23-3-29*31-11-59-17-20-33-22-38-19-54-5-37-67*62-42-30-15-49-26-8-28-56-51-41-45-36-54-32-39-65*46-53-47-6-63-24-30-26-1-31*7-47-6-56-8-55-17-60-44-14*14-2-50-33-22-45-41-12-4-40-46-53-47*37-65-54-36-22-33-43-61-44-14*32-39-48-29-69-0-50-43-20-55-10-16-26-49-42-15*15-11-9-59-17-20-13-22-36-38-3-69*0-23-69-19-36-41-25-4-7-46-40*11-68-9-1-26-8-51-35-34-41-27-67-5*18-32-65-5-67-27-25-12-4-7-47-40-46*37-18-54-36-45-58-64-52-8-26-62-21*,24.81112259042556,754.0,200,0.0
38134,12-40-47-6-35-58-33-22-19-66-48*53-4-25-57-35-64-52-20-17-61-14*35-6-21-24-30-26-1-59-17-50-23-3-29*31-11-59-17-20-33-22-38-19-54-5-37-67*62-42-30-15-49-26-8-28-56-51-41-45-36-54-18-39-65*46-53-47-6-63-24-30-26-1-31*7-47-6-56-8-55-17-60-44-14*14-2-50-33-22-45-41-12-4-40-46-53-47*37-65-5-67-27-25-12-4-7-47-40-46*32-39-48-29-69-0-50-43-20-55-10-16-26-49-42-15*15-11-9-59-17-20-13-22-36-38-3-69*0-23-69-19-36-41-25-4-7-46-40*11-68-9-1-26-8-51-35-34-41-27-67-5*18-32-65-54-36-22-33-43-61-44*37-32-54-36-45-58-64-52-8-26-62-21*,24.826017433559862,750.0,190,0.0
38153,12-40-47-6-35-58-33-22-19-66-48*53-4-25-57-35-64-52-20-17-61-14*35-6-21-24-30-26-1-59-17-50-23-3-29*31-11-59-17-20-33-22-38-19-54-5-37-67*62-42-30-15-49-26-8-28-56-51-41-45-36-54-18-39-65*46-53-47-6-63-24-30-26-1-31*7-47-6-56-8-55-17-60-44-14*14-2-50-33-22-45-41-12-4-40-46-53-47*37-65-5-67-27-25-12-4-7-47-40-46*32-39-48-29-69-0-50-43-20-55-10-16-26-49-42-15*15-11-9-59-17-20-13-22-36-19-3-69*0-23-69-38-36-41-25-4-7-40-46*11-68-9-1-26-8-51-35-34-41-27-67-5*18-32-65-54-36-22-33-43-61-44*37-32-54-36-45-58-64-52-8-26-62-21*,24.83642149965995,749.0,190,0.0
36898,12-40-47-6-35-58-33-22-38-19-66-48*53-4-25-57-35-64-52-20-17-60-14*35-6-21-24-30-26-1-59-17-50-23-3-29*31-11-9-17-20-33-22-19-54-5-37*62-42-30-15-49-26-8-28-56-51-41-45-36-54-18-39-65*46-53-47-6-63-24-30-26-1-31*7-47-6-56-8-55-17-61-44-14*14-2-50-33-22-45-41-12-4-40-46-53-47*37-65-5-67-27-25-12-4-7-47-40-46*32-39-48-29-69-0-50-43-20-55-10-16-26-49-42-15*15-11-9-59-17-20-13-22-36-19-3-69*0-23-69-38-36-41-25-4-7-46-40*11-68-9-1-26-8-51-35-34-41-27-67-5*18-32-65-54-36-22-33-43-61-44*37-32-54-36-45-58-64-52-8-26-62-21*,24.84116666753194,747.0,184,0.0
40168,12-40-47-6-35-58-33-22-38-19-66-48*53-4-25-57-35-64-52-20-17-60-14*35-6-21-24-30-26-1-59-17-50-23-3-29*31-11-9-17-20-13-22-36-19-3-69*62-42-30-15-49-26-8-28-56-51-41-45-36-54-18-39-65*46-53-47-6-63-24-30-26-1-31*7-47-6-56-8-55-17-61-44-14*14-2-50-33-22-45-41-12-4-40-46-53-47*37-65-5-67-27-25-12-4-7-53-40-46*32-39-48-29-69-0-50-43-20-55-10-16-26-49-42-15*15-11-9-59-17-20-33-22-19-54-5-37*0-23-69-38-36-41-25-4-7-46-40*11-68-9-1-26-8-51-35-34-41-27-67-5*18-32-65-54-36-22-33-43-61-44*37-32-54-36-45-58-64-52-8-26-62-21*,24.84574051096217,741.0,200,0.0
38363,12-40-47-6-35-58-33-22-38-19-66-48*53-4-25-57-35-64-52-20-17-61-14*35-6-21-24-30-26-1-59-17-50-0-3-29*31-11-59-17-20-33-22-19-54-5-37*62-42-30-15-49-26-8-28-56-51-41-45-36-54-18-39-65*46-53-47-6-63-24-30-26-1-31*7-47-6-56-8-55-17-60-44-14*14-2-50-33-22-45-41-12-4-40-46-53-47*37-65-5-67-27-25-12-4-7-47-40-46*32-39-48-29-69-23-50-43-20-55-10-16-26-49-42-15*15-11-9-17-20-13-22-36-19-3*0-23-69-38-36-41-25-4-7-46-40*11-68-9-1-26-8-51-35-34-41-27-67-5*18-32-65-54-36-22-33-43-61-44*37-32-54-36-45-58-64-52-8-26-62*,24.882497391196,737.0,191,0.0
39188,12-40-47-6-35-58-33-22-38-19-66-48*53-4-25-57-35-64-52-20-17-61-14*35-6-21-24-30-26-1-59-17-50-0-3-29*31-11-59-17-20-33-22-19-54-5-37*62-42-30-15-49-26-8-28-56-51-41-45-36-54-18-39-65*46-53-47-6-63-24-30-26-1-31*7-47-6-56-8-55-17-60-44-14*14-2-50-33-22-45-41-12-4-40-46-53-47*37-65-5-67-27-25-12-4-7-47-40-46*32-39-48-29-69-23-50-43-20-55-10-16-26-49-42-15*15-11-9-17-20-13-22-36-38-3*0-23-69-38-36-41-25-4-7-46-40*11-68-9-1-26-8-51-35-34-41-27-67-5*18-32-65-54-36-22-33-43-61-44*37-32-54-36-45-58-64-52-8-26-62*,24.89268340800656,736.0,195,0.0
38783,12-40-47-6-35-58-33-22-38-19-66-48*53-4-25-57-35-64-52-20-17-61-14*6-21-24-30-26-1-59-17-50-23-3-29*31-11-59-17-20-33-22-19-54-5-37*62-42-30-15-49-26-8-28-56-51-41-36-54-18-39-65*46-53-47-6-63-24-30-26-1-31*7-47-6-56-8-55-17-60-44-14*14-2-50-33-22-45-41-12-4-40-46-53-47*37-65-5-67-27-25-12-4-7-47-40-46*32-39-48-29-69-0-50-43-20-55-10-16-26-49-42-15*15-11-9-59-17-20-13-22-36-19-3-69*23-69-38-36-41-25-4-7-46-40*11-68-9-1-26-8-51-35-34-41-27-67-5*18-32-65-54-36-22-33-43-61-44*37-32-54-36-45-58-64-52-8-26-62-21*,24.895756864658882,735.0,193,0.0
39553,12-40-47-6-35-58-33-22-38-19-66-48*53-4-25-57-35-64-52-20-17-61-14*6-21-30-26-1-59-17-50-23-3*31-11-59-17-20-33-22-19-54-5-37*62-42-30-15-49-26-8-28-56-51-41-45-36-54-18-39-65*46-53-47-6-63-24-30-26-1-31*7-47-6-56-8-55-17-60-44-14*14-2-50-33-22-45-41-12-4-40-46-53-47*37-65-5-67-27-25-12-4-7-47-40-46*32-39-48-29-69-0-50-43-20-55-10-16-26-49-42-15*15-11-9-59-17-20-13-22-36-19-3-69*23-69-38-36-41-25-4-7-46-40*11-68-9-1-26-8-51-35-34-41-27-67-5*18-32-65-54-36-22-33-43-61-44*37-32-54-36-45-58-64-52-8-26-62-24-21*,24.96278625458812,733.0,197,0.0
38725,47-6-35-58-33-22-38-19-66-48-29*53-4-25-57-35-64-52-20-17-61-60*6-21-24-30-26-1-59-17-50-0-23*31-11-59-17-20-13-22-36-19-29-69*42-15-49-26-8-56-51-41-45-36-54-18-39-65*46-7-47-6-63-24-30-26-1-31*7-40-47-6-56-28-8-55-17-61-44-14*44-14-2-50-13-22-45-41-12-4-40-46-53-47-7*37-65-5-67-27-25-4-7-53-46*32-39-48-3-69-23-50-43-20-55-10-16-26-49-42*11-9-1-26-8-51-35-34-41-27-67-65-32*0-23-69-38-36-41-25-4-7-46-40*11-68-9-59-17-20-33-22-19-54-5-37-65-18-69*37-65-5-18-32-54-19-36-22-33-43-61-60-14*65-37-5-54-36-45-58-64-52-8-26-62-24*,24.988033247325003,728.0,193,0.0
39138,47-6-35-58-33-22-38-19-66-48-29*53-4-25-57-35-64-52-20-17-61-60*6-21-24-30-26-1-59-17-50-0-23*31-11-59-17-20-13-22-19-29-69*42-15-49-26-8-56-51-41-45-36-54-18-39-65*46-7-47-6-63-24-30-26-1-31*7-40-47-6-56-28-8-55-17-61-44-14*44-14-2-50-13-22-45-41-12-4-40-46-53-47-7*37-65-5-67-27-25-4-7-53-46*32-39-48-3-69-23-50-43-20-55-10-16-26-49-42*11-9-1-26-8-51-35-34-41-27-67-65-32*0-23-69-38-36-41-25-4-7-46-40*11-68-9-59-17-20-33-22-19-54-5-37-65-18-69*37-65-5-18-32-54-19-36-22-33-43-61-60-14*65-37-5-54-36-45-58-64-52-8-26-62-24*,25.004158511450182,724.0,195,0.0
39752,47-6-35-58-33-22-38-19-66-48-29*53-4-25-57-35-64-52-20-17-61*6-21-24-30-26-1-59-17-50-0-23-29*31-11-59-17-20-13-22-45-36-19-29-69*42-15-49-26-8-56-51-41-36-54-18-39-65*46-7-47-6-63-24-30-26-1-31*7-53-47-6-56-28-8-55-17-61-44-14*14-2-50-33-22-45-41-12-4-40-46-53-47*37-65-5-67-27-25-4-7-40-46*54-32-39-48-3-69-23-50-43-20-55-10-16-26-49-42-15*62-15-11-9-1-26-8-51-35-34-41-27-67-65-37*0-23-69-38-36-41-25-4-7-46-40*11-68-9-59-17-20-33-22-19-54-5-37-65-18*65-5-32-18-54-19-36-22-33-43-61-60-14*65-37-5-54-36-45-58-64-52-8-26-62-24*,25.01026389155682,720.0,198,0.0
38050,47-6-35-58-33-22-38-19-66-48-29*53-4-25-57-35-64-52-20-17-61*6-21-24-30-26-1-59-17-50-0-23-29*31-11-59-17-20-13-22-45-36-19-29-69*42-15-49-26-8-56-51-41-36-54-18-39-65*46-7-47-6-63-24-30-26-1-31*7-53-47-6-56-28-8-55-17-61-44-14*14-2-50-33-22-45-41-12-4-40-46-53-47*37-65-5-67-27-25-4-7-40-46*54-32-39-48-3-69-23-50-43-20-55-10-16-26-49-42-15*15-11-9-1-26-8-51-35-34-41-27-67-65-37*0-23-69-38-36-41-25-4-7-46-40*11-68-9-59-17-20-33-22-19-54-5-37-65-18*65-5-32-18-54-19-36-22-33-43-61-60-14*65-37-5-54-36-45-58-64-52-8-26-62-24*,25.032286869798615,716.0,190,0.0
39379,47-6-35-58-33-22-38-19-66-48-29*53-4-25-57-35-64-52-20-17-61*6-21-24-30-26-1-59-17-50-0-23-29*31-11-59-17-20-13-22-45-36-19-29-69*42-15-49-26-8-56-51-41-36-54-18-39-65*46-7-47-6-63-24-30-26-1-31*7-53-47-6-56-28-8-55-17-61-44-14*14-2-50-33-22-45-41-12-4-40-46-53-47*37-65-5-67-27-25-4-7-40-46*32-39-48-3-69-23-50-43-20-55-10-16-26-49-42-15*15-11-9-1-26-8-51-35-34-41-27-67-65-37*0-23-69-38-36-41-25-4-7-46-40*11-9-68-59-17-20-33-22-19-54-5-37-65-18*65-5-32-18-54-19-36-22-33-43-61-60-14*65-37-5-54-36-45-58-64-52-8-26-62-24*,25.045027178286443,711.0,196,0.0
37442,47-6-35-58-33-22-38-19-66-48-29*53-4-25-57-35-64-52-20-17-61*6-21-24-30-26-1-59-17-50-0-23*31-11-59-17-20-13-22-36-19-29-69*42-15-49-26-8-56-51-41-45-36-54-18-39-65*46-7-47-6-63-24-30-26-1-9-11*53-47-6-56-28-8-55-17-61-44-14*14-2-50-33-22-45-41-12-4-40-46-53-7*37-65-5-67-27-25-4-7-40-46*32-39-48-3-69-23-50-43-20-55-10-16-26-49-42-15-30*65-67-27-41-34-35-51-8-26-1-31*0-69-38-36-41-25-4-7-46-40*15-11-68-9-59-17-20-33-22-19-54-5-37-65-18*39-65-5-32-18-54-19-38-22-33-43-61-60-14*65-37-5-54-36-45-58-64-52-8-26-62-24*,25.05546758593478,702.0,187,0.0
39248,47-6-35-58-33-22-38-19-66-48-29*53-4-25-57-35-64-52-20-17-61*6-21-24-30-26-1-59-17-50-0-23*31-11-59-17-20-13-22-36-19-69-29*42-15-49-26-8-56-51-58-45-36-54-18-39-65*46-7-47-6-63-24-30-26-1-31*53-47-6-56-28-8-55-17-61-44-14*14-2-50-33-22-45-41-12-4-40-46-53-7*37-65-5-67-27-25-4-7-40-46*32-39-48-3-69-23-50-43-20-55-10-16-26-49-42-15*11-9-1-26-8-51-35-34-41-27-67-65*0-69-38-36-41-25-4-7-46-40*15-11-68-9-59-17-20-33-22-19-54-5-37-65-18*39-65-5-32-18-54-19-38-22-33-43-61-60-14*65-37-5-54-36-45-58-64-52-8-26-62-24*,25.08289507156689,695.0,196,0.0
35833,47-6-35-58-33-22-38-19-66-48-29*53-4-25-57-35-64-52-20-17-61*6-21-24-30-26-1-59-17-50-0-23*31-11-59-17-20-13-22-36-19-29-69*42-15-49-26-8-56-51-41-45-36-54-18-39-65*46-7-47-6-63-24-30-26-1-31*53-47-6-56-28-8-55-17-61-44-14*14-2-50-33-22-45-41-12-4-40-46-53-7*37-65-5-67-27-25-4-7-40-46*39-48-3-69-23-50-43-20-55-10-16-26-49-42-15*11-9-1-26-8-51-35-34-41-27-67-65*0-69-38-36-41-25-4-7-46-40*15-11-68-9-59-17-20-33-22-19-54-5-37-65-18*39-65-5-32-18-54-19-38-22-33-43-61-60-14*65-37-5-54-36-45-58-64-52-8-26-62-24*,25.121370387868154,694.0,179,0.0
37815,47-6-35-58-33-22-38-19-66-48-29*53-4-25-57-35-64-52-20-17-61*6-21-24-30-26-1-59-17-50-0-23*31-11-59-17-20-13-22-36-19-3-69*15-49-26-8-56-51-41-45-36-54-18-39-65*46-7-47-6-63-24-30-26-1-31*53-47-6-56-28-8-55-17-61-44-14*14-2-50-33-22-45-41-12-4-40-46-53-7*37-65-5-67-27-25-4-7-40-46*39-48-29-69-23-50-43-20-55-10-16-26-49-42-15*11-9-1-26-8-51-35-34-41-27-67-65*0-69-38-36-41-25-4-7-46-40*15-11-68-9-59-17-20-33-22-19-54-5-37-65-18*39-65-5-32-18-54-19-38-22-33-43-61-60-14*65-37-5-54-36-45-58-64-52-8-26-62-24*,25.133586339731178,689.0,189,0.0
39758,47-6-35-58-33-22-38-19-66-48-29*53-4-25-57-35-64-52-20-17-61*6-21-24-30-26-1-59-17-50-0-23*31-11-59-17-20-13-22-36-19-3-69*15-49-26-8-56-51-41-45-36-54-18-39-65*46-7-47-6-63-24-30-26-1-31*53-47-6-56-28-8-55-17-61-44-14*14-2-50-33-22-45-41-12-4-40-46-53-7*37-65-5-67-27-25-4-7-40-46*39-48-29-69-23-50-43-20-55-10-16-26-49-42-15*11-9-1-26-8-51-35-34-41-27-67-65*0-69-38-36-41-25-4-7-46-40*15-11-68-9-59-17-20-33-22-19-54-5-37-65-18*39-65-5-32-18-54-19-38-22-33-43-61-60-14*37-5-54-36-45-58-64-52-8-26-62-24*,25.139068721867748,687.0,198,0.0
40067,47-6-35-58-33-22-38-19-66-48-29*53-4-25-57-35-64-52-20-17-61*6-21-24-30-26-1-59-17-50-0*31-11-59-17-20-13-22-36-19-29-69*15-49-26-8-56-51-41-45-36-54-18-39-65-37*46-7-47-6-63-24-30-26-1-31*53-47-6-56-28-8-55-17-61-44-14*14-2-50-33-22-45-41-12-4-40-46-53-7*37-65-5-32-18-54-19-38-22-33-43-61-60-14*39-48-3-69-23-50-43-20-55-10-16-26-49-42*11-9-1-26-8-51-35-34-41-27-67-65*0-69-38-36-41-25-4-7-46-40*15-11-68-9-59-17-20-33-22-19-54-5-37-65-18*39-65-5-67-27-25-4-7-40-46*65-37-5-54-36-45-58-64-52-8-26-62-24*,25.150557842765696,686.0,200,0.0
40008,47-6-35-58-33-22-38-19-66-48-29*53-4-25-57-35-64-52-20-17-61*6-21-24-30-26-1-59-17-50-0*31-11-59-17-20-13-22-36-19-29-69*15-49-26-8-56-51-41-45-36-54-18-39-65*46-7-47-6-63-24-30-26-1-31*53-47-6-56-28-8-55-17-61-44-14*14-2-50-33-22-45-41-12-4-40-46-53-7*37-65-5-67-27-25-4-7-46-40*39-48-3-69-23-50-43-20-55-10-16-26-49-42*11-9-1-26-8-51-35-34-41-27-67-65*0-69-38-36-41-25-4-7-40-46*15-11-68-9-59-17-20-33-22-19-54-5-37-65-18*39-65-5-32-18-54-19-38-22-33-43-61-60-14*65-37-5-54-36-45-58-64-52-8-26-62-24*,25.160531001936484,684.0,200,0.0
39893,47-6-35-58-33-22-38-19-66-48-29*53-4-25-57-35-64-52-20-17-61*6-21-24-30-26-1-59-17-50-0-23*31-11-59-17-20-13-22-36-38-69-29*42-15-49-26-8-28-56-51-41-36-54-5-37-65*46-7-47-6-63-24-30-26-1-31*7-47-6-56-8-55-17-61-44-14*14-2-50-33-22-45-41-12-4-40-46-53-47-7*37-65-5-67-27-25-4-7-40-46*32-39-48-3-69-23-50-43-20-55-10-16-26-49-42*11-9-1-26-8-51-35-34-41-27-67*0-69-19-36-41-25-4-7-46-40*11-68-9-59-17-20-33-22-19-54-5-37-18*65-32-39-18-54-19-36-22-33-43-61-60-14*62-26-8-52-64-58-45-36-54-18-32-5*,25.230675381716047,681.0,199,0.0
39627,47-6-35-58-33-22-38-19-66-48-29*53-4-25-57-35-64-52-20-17-61*6-21-24-30-26-1-59-17-50-0-23*31-11-59-17-20-13-22-36-38-69-29*42-15-49-26-8-56-51-41-36-54-5-37-65*46-7-47-6-63-24-30-26-1-31*7-47-6-56-28-8-55-17-61-44-14*14-2-50-33-22-45-41-12-4-40-46-53-47-7*37-65-5-67-27-25-4-7-40-46*32-39-48-3-69-23-50-43-20-55-10-16-26-49-42*11-9-1-26-8-51-35-34-41-27-67*0-69-19-36-41-25-4-7-46-40*11-68-9-59-17-20-33-22-19-54-5-37-18*65-32-39-18-54-19-36-22-33-43-61-60*62-26-8-52-64-58-45-36-54-18-32-5*,25.26531406885166,674.0,198,0.0
40142,47-6-35-58-33-22-38-19-66-48-29*53-4-25-57-35-64-52-20-17-61*6-21-24-30-26-1-59-17-50-0*31-11-59-17-20-13-22-36-19-69-29*42-15-49-26-8-56-51-41-36-54-18-5*46-7-47-6-63-24-30-26-1-31*7-47-6-56-28-8-55-17-61-44-14*14-2-50-33-22-45-41-12-4-40-46-53-47-7*37-65-5-67-27-25-4-7-40-46*32-39-48-3-69-23-50-43-20-55-10-16-26-49-42*11-9-1-26-8-51-35-34-41-27-67*0-69-38-36-41-25-4-40-46-7*11-68-9-59-17-20-33-22-19-54-5-37-18*65-32-39-18-54-19-36-22-33-43-61-60-14*37-65-5-54-36-45-58-64-52-8-26-62*,25.3554047669728,673.0,200,0.0
36957,40-7-53-47-6-56-28-8-55-17-60-44-61*53-4-25-57-35-64-52-20-17-61-60*6-21-24-30-26-1-59-17-50-23-3-19*11-59-17-20-33-22-19-54-5-37-18*42-15-49-26-8-56-51-41-45-36-54-18-39*7-4-12-25-41-36-38-19-69-23-0*7-47-6-35-58-33-22-19-66-48*44-14-2-50-33-22-45-41-12-4-40-46-53*37-65-5-67-27-25-4-7-46-40*48-3-69-23-0-50-43-20-55-10-16-26-49-42-24*11-9-1-26-8-51-35-34-41-27-67*46-40-7-47-6-63-24-30-26-62*68-9-17-20-33-22-38-69-29-19*54-32-18-19-38-22-13-43-61-60*37-5-54-36-45-58-64-52-8-26-1-31*,25.399673964395667,671.0,184,0.0
38001,12-40-47-6-35-58-33-22-38-66-48*7-53-4-25-57-35-64-52-20-17-61*6-21-24-30-26-1-59-17-50-23-3*11-9-59-17-20-13-22-19-54-5-37-65*42-15-49-26-8-52-64-58-45-36-54-5-37*46-53-47-6-63-24-30-26-1-31-9*7-47-6-56-8-55-17-61-44-14*14-2-50-13-22-45-41-12-4-40-46*37-65-5-67-27-25-12-4-7-40-46*48-3-0-50-43-20-55-10-16-26-49-42-15*11-9-16-26-8-51-35-34-41-27-67*68-9-59-17-20-33-22-38-19-54-18-5-32*29-3-38-36-41-25-4-7-40-46*17-60-61-43-33-22-38-19-69-23-0-2*62-26-8-28-56-51-41-45-36-54-18-39*,25.39968953934492,669.0,190,0.0
38332,12-40-47-6-35-58-33-22-38-66-48*7-53-4-25-57-35-64-52-20-17-61*6-21-24-30-26-1-59-17-50-23-3-29*11-9-59-17-20-13-22-19-54-5-37-65*42-15-49-26-8-52-64-58-45-36-54-5-37*46-53-47-6-63-24-30-26-1-31-9*7-47-6-56-8-55-17-61-44-14*14-2-50-13-22-45-41-12-4-40-46*37-65-5-67-27-25-12-4-7-40-46*48-3-0-50-43-20-55-10-16-26-49-42-15*11-9-16-26-8-51-35-34-41-27-67*68-9-59-17-20-33-22-38-19-54-18-5-32*29-3-38-36-41-25-4-7-40-46*60-61-43-33-22-38-19-69-23-0-2*62-26-8-28-56-51-41-45-36-54-18-39*,25.403443102114558,665.0,191,0.0
39447,12-40-47-6-35-58-33-22-38-66-48*53-4-25-57-35-64-52-20-17-61*35-6-21-24-30-26-1-59-17-50-23-3*11-9-59-17-20-13-22-19-54-5-37-65*42-15-49-26-8-52-64-58-45-36-54-5-37*46-53-47-6-63-24-30-26-1-31-9*7-47-6-56-8-55-17-61-44-14*14-2-50-13-22-45-41-12-4-40-46*37-65-5-67-27-25-12-4-7-40-46*48-3-0-50-43-20-55-10-16-26-49-42-15*11-9-16-26-8-51-35-34-41-27-67*68-9-59-17-20-33-22-38-19-54-18-5-32*29-3-38-36-41-25-4-7-40-46*60-61-43-33-22-38-19-69-23-0-2*62-26-8-28-56-51-41-45-36-54-18-39*,25.417704563979296,664.0,197,0.0
39677,12-40-47-6-35-58-33-22-38-19-66-48*7-53-4-25-57-35-64-52-20-17-61*6-21-24-30-26-1-59-17-50-23-3*11-9-59-17-20-13-22-19-54-65-37-5*42-15-49-26-8-52-64-58-45-36-54-5-37*46-53-47-6-63-24-30-26-1-31-9*7-47-6-56-8-55-17-61-44-14*14-2-50-13-22-45-41-12-4-40-46*37-65-5-67-27-25-12-4-7-40-46*48-3-0-50-43-20-55-10-16-26-49-42-15*11-9-16-26-8-51-35-34-41-27-67*68-9-17-20-33-22-38-19-54-18-5-32*29-3-38-36-41-25-4-7-40-46*60-61-43-33-22-38-69-23-0-2*62-26-8-28-56-51-41-45-36-54-18-39*,25.43163376026,661.0,198,0.0
34325,12-40-47-6-35-58-33-22-38-19-66-48*7-53-4-25-57-35-64-52-20-17-61*6-21-24-30-26-1-59-17-50-23-3*11-9-59-17-20-13-22-19-54-5-37-65*42-15-49-26-8-28-56-51-41-45-36-54-18-39*46-53-47-6-63-30-26-1-31-9*7-47-6-56-8-55-17-61-44-14*14-2-50-13-22-45-41-12-4-40-46*37-65-5-67-27-25-12-4-7-40-46*48-3-0-50-43-20-55-10-16-26-49-42-15*11-9-16-26-8-51-35-34-41-27-67*68-9-59-17-20-33-22-38-19-54-18-5-32*29-3-38-36-41-25-4-7-40-46*60-61-43-33-22-38-69-23-0-2*62-26-8-52-64-58-45-36-54-5-37*,25.45602932243779,659.0,171,0.0
35840,12-40-47-6-35-58-33-22-38-19-66-48*7-53-4-25-57-35-64-52-20-17-61*6-21-24-30-26-1-59-17-50-23-3*11-9-59-17-20-33-22-19-54-5-37-65*42-15-49-26-8-52-64-58-45-36-54-5-37*46-53-47-6-63-24-30-26-1-31-9*7-47-6-56-8-55-17-61-44-14*14-2-50-13-22-45-41-12-4-40-46*37-65-5-67-27-25-12-4-7-40-46*48-3-0-50-43-20-55-10-16-26-49-15-42*11-9-16-26-8-51-35-34-41-27-67*68-9-59-17-20-33-22-38-19-54-18-5-32*29-3-38-36-41-25-4-7-40-46*60-61-43-13-22-38-69-23-0-2*62-26-8-28-56-51-41-45-36-54-18-39*,25.467279627447216,657.0,179,0.0
38035,12-40-47-6-35-58-33-22-38-19-66-48*7-53-4-25-57-35-64-52-20-17-61*6-21-30-26-1-59-17-50-23-3*11-9-59-17-20-33-22-19-54-5-37-65*42-15-49-26-8-52-64-58-45-36-54-5-37*46-53-47-6-63-24-30-26-1-31-9*7-47-6-56-8-55-17-61-44-14*14-2-50-13-22-45-41-12-4-40-46*37-65-5-67-27-25-12-4-7-40-46*48-3-0-50-43-20-55-10-16-26-49-15-42*11-9-16-26-8-51-35-34-41-27-67*68-9-59-17-20-33-22-38-19-54-18-5-32*29-3-38-36-41-25-4-7-40-46*60-61-43-13-22-38-69-23-0-2*62-26-8-28-56-51-41-45-36-54-18-39*,25.48183182169798,656.0,190,0.0
38671,7-53-47-6-63-30-26-1-31-11*6-21-24-30-26-1-59-17-50-0-23*14-44-61-17-20-10-16-26-30-21*47-6-35-58-33-22-38-19-66-48-29*42-62-26-16-55-52-64-58-45-36-54-18-32-39*7-47-6-56-28-8-55-17-61-44-14*14-2-50-13-22-45-41-12-4-7-46*11-9-1-26-8-51-35-34-41-27-67*18-39-48-3-69-23-50-43-17-9-68*32-39-48-69-23-50-43-20-55-10-16-26-49-42*53-4-25-57-35-51-64-52-20-17-60*42-15-49-26-8-56-51-41-36-54-18-39-65-5*21-63-6-35-34-45-36-38-3-29*11-68-9-59-17-20-33-22-19-54-5-37-18*37-65-5-67-27-25-12-4-7-40-46*,25.494141223256513,655.0,193,0.0
35480,7-53-47-6-63-30-26-1-31-11*6-21-24-30-26-1-59-17-50-0-23*14-44-61-17-20-10-16-26-30-21*47-6-35-58-33-22-38-19-66-48-29*42-62-26-16-55-52-64-58-45-36-54-18-32-39*7-47-6-56-28-8-55-17-61-44-14*14-2-50-13-22-45-41-12-4-7-46*11-9-1-26-8-51-35-34-41-27-67*18-39-48-3-69-23-50-43-17-9-68*32-39-48-69-23-50-43-20-55-10-16-26-49-42*53-4-25-57-35-51-64-52-20-17-60*42-15-49-26-8-56-51-41-36-54-18-39-65*21-63-6-35-34-45-36-38-3-29*11-68-9-59-17-20-33-22-19-54-5-37-18*37-65-5-67-27-25-12-4-7-40-46*,25.502198663669354,653.0,177,0.0
39640,7-53-47-6-63-30-26-1-31-11*6-21-24-30-26-1-59-17-50-0-23*14-44-61-17-20-10-16-26-30-21*47-6-35-58-33-22-38-19-66-48-29*42-62-26-16-55-52-64-58-45-36-54-18-32-39*7-47-6-56-28-8-55-17-61-44-14*14-2-50-13-22-45-41-12-4-7-46*9-59-17-20-33-22-19-54-5-37-18*18-39-48-3-69-23-50-43-17-9-68*32-39-48-69-23-50-43-20-55-10-16-26-49-42*53-4-25-57-35-51-64-52-20-17-60*42-15-49-26-8-56-51-41-36-54-18-39-65*21-63-6-35-34-45-36-38-3-29*11-68-9-1-26-8-51-35-34-41-27-67*37-65-5-67-27-25-12-4-7-40-46*,25.515234896192965,650.0,198,0.0
39333,7-53-47-6-63-30-26-1-31-11*6-21-24-30-26-1-59-17-50-23-69-48-39-32*14-44-61-17-20-10-16-26-30-21*6-35-58-33-22-38-19-66-48-29*42-62-26-16-55-52-64-58-45-36-54-18-32-39*7-47-6-56-28-8-55-17-61-44-14*14-2-50-13-22-45-41-12-4-7-46*9-1-26-8-51-35-34-41-27-67*18-39-48-3-69-23-50-43-17-9-68*42-49-26-16-10-55-20-43-50-0-23*53-4-25-57-35-51-64-52-20-17-60*42-15-49-26-8-56-51-41-36-54-18-39-65*21-63-6-35-34-45-36-38-3-29*11-68-9-59-17-20-33-22-19-54-5-37-18*37-65-5-67-27-25-12-4-7-40-46*,25.549338843404268,644.0,196,0.0
38320,7-53-47-6-63-30-26-1-31-11*6-21-24-30-26-1-59-17-50-0-23*14-44-61-17-20-10-16-26-30-21*47-6-35-58-33-22-19-66-48-29*42-62-26-16-55-52-64-58-45-36-54-18-32-39*7-47-6-56-28-8-55-17-61-44-14*14-2-50-13-22-45-41-12-4-7-46*11-9-1-26-8-56-51-35-34-41-27-67*18-39-48-3-23-50-43-17-9-68*32-39-48-3-69-23-50-43-20-55-10-16-26-49-42*4-25-57-35-51-64-52-20-17-60*42-15-49-26-8-51-41-36-54-18-39-65*21-63-6-35-34-45-36-38-3-29*11-68-9-59-17-20-33-22-38-19-54-5-37*37-65-5-67-27-25-4-7-40-46*,25.55780123249765,641.0,191,0.0
39873,7-53-47-6-63-30-26-1-31-11*6-21-24-30-26-1-59-17-50-0-23*14-44-61-17-20-10-16-26-49-42*47-6-35-58-33-22-19-66-48-29*42-62-26-16-55-52-64-58-45-36-54-18-32-39*7-47-6-56-28-8-55-17-61-44-14*14-2-50-13-22-45-41-12-4-7-46*11-9-1-26-8-56-51-35-41-27-67*18-39-48-3-23-50-43-17-9-68*32-39-48-3-69-23-50-43-20-55-10-16-26-30-21*4-25-57-35-51-64-52-20-17-60*42-15-49-26-8-51-41-36-54-18-39-65*21-63-6-35-34-45-36-38-3-29*11-68-9-59-17-20-33-22-38-19-54-5-37*37-65-5-67-27-25-4-7-40-46*,25.585732308155563,640.0,199,0.0
37303,7-53-47-6-63-30-26-1-31-11*6-21-24-30-26-1-59-17-50-0-23*14-44-61-17-20-10-16-26-30-21*47-6-35-58-33-22-38-19-66-48-29*42-62-26-16-55-52-64-58-45-36-54-18-32-39*7-47-6-56-28-8-55-17-61-44-14*14-2-50-13-22-45-41-12-4-7-46*9-1-26-8-56-51-35-34-41-27-67*18-39-48-3-69-23-50-43-17-9-68*32-39-48-3-69-23-50-43-20-55-10-16-26-49-42*4-25-57-35-51-64-52-20-17-60*42-15-49-26-8-51-41-36-54-18-39-65*21-63-6-35-34-45-36-38-3-29*11-68-9-59-17-20-33-22-19-54-5-37*37-65-5-67-27-25-4-7-40-46*,25.630354537761466,639.0,186,0.0
39926,62-24-63-6-35-51-56-28-8-26-16-9-68*18-39-48-3-69-23-50-43-17-9-68*46-7-47-6-56-8-55-17-44-61*7-53-47-6-63-24-30-26-1-31-11*65-37-67-27-41-35-51-8-26-16-1-59-9-11*67-27-41-57-35-58-33-22-13-50-2*7-4-12-25-41-45-36-38-3-29*42-62-26-16-55-52-64-58-45-36-54-18-32-39*23-0-50-43-20-55-16-26-49-15-42*37-65-5-67-27-12-4-53-40-46*4-25-57-35-51-64-52-20-17-60*14-44-61-17-55-10-16-26-30-21*21-63-6-35-34-45-36-38-19-66*14-2-50-13-22-45-41-12-40-7-46*1-59-17-20-33-22-19-54-5-37-18-69*,25.670839022516184,638.0,199,0.0
39741,62-24-63-6-35-51-56-28-8-26-16-9-68*18-39-48-3-69-23-50-43-17-9-68*46-7-47-6-56-8-55-17-44-61*7-53-47-6-63-24-30-26-1-31-11*65-37-67-27-41-35-51-8-26-16-1-59-9-11*67-27-41-35-58-33-22-13-50-2*7-4-12-25-41-45-36-38-3-29*42-62-26-16-55-52-64-58-45-36-54-18-32-39*23-0-50-43-20-55-16-26-49-15-42*37-65-5-67-27-12-4-53-40-46*4-25-57-35-51-64-52-20-17-60*14-44-61-17-55-10-16-26-30-21*21-63-6-35-34-45-36-38-19-66*14-2-50-13-22-45-41-12-40-7-46*1-59-17-20-33-22-19-54-5-37-18-69*,25.712979643541328,636.0,198,0.0
37848,62-24-63-6-35-51-56-28-8-26-16-9-68*18-39-48-3-69-23-50-43-17-9-68*46-7-47-6-56-8-55-17-44-61*7-53-47-6-63-24-30-26-1-31-11*65-37-67-27-41-35-51-8-26-16-1-59-9-11*67-27-41-35-58-33-22-13-50-2*7-4-12-25-41-45-36-38-3-29*42-62-26-16-55-52-64-58-45-36-54-18-32-39*23-0-50-43-20-55-16-26-49-15-42*37-65-5-67-27-25-4-7-40-46*4-25-57-35-51-64-52-20-17-60*14-44-61-17-55-10-16-26-30-21*21-63-6-35-34-45-36-38-19-66*14-2-50-13-22-45-41-12-40-7-46*1-59-17-20-33-22-19-54-5-37-18-69*,25.725865318222173,631.0,189,0.0
37697,62-24-63-6-35-51-56-28-8-26-16-9-68*18-39-48-3-69-23-50-43-17-9-68*46-7-47-6-56-8-55-17-44-61*7-53-47-6-63-24-30-26-1-31-11*65-37-67-27-41-35-51-8-26-16-1-59-9-11*67-27-41-35-58-33-22-13-50-2*7-4-12-25-41-45-36-38-3-29*42-62-26-16-55-52-64-58-45-36-54-18-32-39*23-0-50-43-20-55-16-26-49-15-42*37-65-5-67-27-25-4-7-40-46*4-25-57-35-51-64-52-20-17-60*14-44-61-17-55-10-16-26-30-21*21-63-6-35-34-45-36-38-19-66*14-2-50-13-22-45-41-12-4-7-46*1-59-17-20-33-22-19-54-5-37-18-69*,25.73410446637628,629.0,188,0.0
39851,62-24-63-6-35-51-56-28-8-26-16-9-68*18-39-48-3-69-23-50-43-17-9-68*46-7-47-6-56-8-55-17-61-44*7-53-47-6-63-24-30-26-1-31-11*18-65-37-67-27-41-35-51-8-26-16-1-59-9-11*67-27-41-35-58-33-22-13-50-2*7-4-12-25-41-45-36-38-19-66*42-62-26-16-55-52-64-58-45-36-54-18-32-39*23-0-50-43-20-55-16-26-49-15-42*18-37-65-5-67-27-25-4-7-40-46*4-25-57-35-51-64-52-20-17-60*14-2-50-13-22-45-41-12-4-7-46*21-63-6-35-34-45-36-38-3-29*14-44-61-17-55-10-16-26-30-21*1-59-17-20-33-22-19-54-5-37-18*,25.756942533628912,627.0,199,0.0
35890,62-24-63-6-35-51-56-28-8-26-16-9-68*18-39-48-3-69-23-50-43-17-9-68*46-7-47-6-56-8-55-17-44-61*7-53-47-6-63-24-30-26-1-31-11*65-37-67-27-41-35-51-8-26-16-1-59-11-9*67-27-41-35-58-33-22-13-50-2*7-40-12-25-41-45-36-38-19-66*42-62-26-16-55-52-64-58-45-36-54-18-32-39*23-0-50-43-20-55-16-26-49-15-42*37-65-5-67-27-25-4-7-40-46*4-25-57-35-51-64-52-20-17-60*14-44-61-17-55-10-16-26-30-21*21-63-6-35-34-45-36-38-3-29*14-2-50-13-22-45-41-12-4-7-46*1-59-17-20-33-22-19-54-5-37-18*,25.784307719464014,626.0,179,0.0
33532,62-24-63-6-35-51-56-28-8-26-16-9-68*18-39-48-3-69-23-50-43-17-9-68*46-7-47-6-56-8-55-17-44-61*7-53-47-6-63-24-30-26-1-31-11*65-37-67-27-41-35-51-8-26-16-1-59-9-11*67-27-41-35-58-33-22-13-50-2*7-40-12-25-41-45-36-38-19-66*42-62-26-16-55-52-64-58-45-36-54-18-32-39*23-0-50-43-20-55-16-26-49-15-42*37-65-5-67-27-25-4-7-40-46*4-25-57-35-51-64-52-20-17-60*14-44-61-17-55-10-16-26-30-21*21-63-6-35-34-45-36-38-3-29*14-2-50-13-22-45-41-12-4-7-46*1-59-17-20-33-22-19-54-5-37-18*,25.789021737437505,624.0,167,0.0
35935,62-24-63-6-35-51-56-28-8-26-16-9-68*18-39-48-3-69-23-50-43-17-9-68*46-7-47-6-56-8-55-17-61-44*7-53-47-6-63-24-30-26-1-31-11*65-37-67-27-41-35-51-8-26-16-1-59-9-11*67-27-41-35-58-33-22-13-50-2*7-4-12-25-41-45-36-38-19-66*42-62-26-16-55-52-64-58-45-36-54-18-32-39*23-0-50-43-20-55-16-26-49-15-42*18-37-65-5-67-27-25-4-7-40-46*4-25-57-35-51-64-52-20-17-60*14-44-61-17-55-10-16-26-30-21*21-63-6-35-34-45-36-38-3-29*14-2-50-13-22-45-41-12-4-7-46*1-59-17-20-33-22-19-54-5-37-18*,25.790241775128884,623.0,179,0.0
38701,62-24-63-6-35-51-56-28-8-26-16-9-68*18-39-48-3-69-23-50-43-17-9-68*46-7-47-6-56-8-55-17-61-44*7-53-47-6-63-24-30-26-1-31-11*65-37-67-27-41-35-51-8-26-16-1-59-9-11*67-27-41-35-58-33-22-13-50-2*7-4-12-25-41-45-36-38-19-66*42-62-26-16-55-52-64-58-45-36-54-18-32-39*23-0-50-43-20-55-16-26-49-15-42*37-65-5-67-27-25-4-7-40-46*4-25-57-35-51-64-52-20-17-60*44-14-61-17-55-10-16-26-30-21*21-63-6-35-34-45-36-38-3-29*14-2-50-13-22-45-41-12-4-7-46*1-59-17-20-33-22-19-54-5-37-18*,25.802327935748142,621.0,193,0.0
34839,62-24-63-6-35-51-56-28-8-26-16-9-68*18-39-48-3-69-23-50-43-17-9-68*46-40-47-6-56-8-55-17-61-44*7-53-47-6-63-24-30-26-1-31-11*65-37-67-27-41-35-51-8-26-16-1-59-9-11*67-27-41-35-58-33-22-13-50-2*7-4-12-25-41-45-36-38-19-66*42-62-26-16-55-52-64-58-45-36-54-18-32-39*23-0-50-43-20-55-16-26-49-15-42*37-65-5-67-27-25-4-7-40-46*4-25-57-35-51-64-52-20-17-60*14-44-61-17-55-10-16-26-30-21*21-63-6-35-34-45-36-38-3-29*14-2-50-13-22-36-41-12-4-7-46*1-59-17-20-33-22-19-54-5-37-18*,25.81959017116869,620.0,174,0.0
31951,62-24-63-6-35-51-56-28-8-26-16-9-68*18-39-48-3-69-23-50-43-17-9-68*46-7-47-6-56-8-55-17-61-44*7-53-47-6-63-24-30-26-1-31-11*65-37-67-27-41-35-51-8-26-16-1-59-9-11*67-27-41-35-58-33-22-13-50-2*7-4-12-25-41-45-36-38-19-66*42-62-26-16-55-52-64-58-45-36-54-18-32-39*23-0-50-43-20-55-16-26-49-15-42*37-65-5-67-27-25-4-7-40-46*4-25-57-35-51-64-52-20-17-60*14-44-61-17-55-10-16-26-30-21*21-63-6-35-34-45-36-38-3-29*14-2-50-13-22-45-41-12-4-7-46*1-59-17-20-33-22-19-54-5-37-18*,25.824247080994926,618.0,159,0.0
40137,63-21-6-56-8-55-16-1-31-11-49*3-0-50-43-17-20-10-16-26-30-24-21*14-2-50-13-22-45-41-25-12-4-7-40-53*66-48-3-23-50-43-20-10-16-26-62*7-4-25-34-51-8-26-1-9-68*1-16-10-28-8-56-6-47-53-46-40*27-41-34-58-64-52-55-17-60-44*14-44-61-17-10-16-26-30-63-21*29-3-66-19-36-45-34-35-6-63-24*11-9-59-17-20-52-64-35-41-27-67*37-65-5-67-27-25-4-7-40-46*44-60-61-17-20-33-22-19-54-5-37-65*10-55-20-33-22-38-19-54-18-32*48-39-18-54-36-45-34-57-35-51-56*23-0-69-38-36-45-58-64-52-8-26-49-15-42*,25.840808443699153,617.0,200,0.0
39309,63-21-6-56-8-10-16-1-31-11-49*3-0-50-43-17-20-10-16-26-30-24-21*14-2-50-13-22-45-41-25-12-4-7-40-53*66-48-3-23-50-43-20-10-16-26-62*7-4-25-34-51-8-26-1-9-68*1-16-10-28-8-56-6-47-53-46-40*27-41-34-58-64-52-55-17-60-44*14-44-61-17-10-16-26-30-63-21*29-3-66-19-36-45-34-35-6-63-24*11-9-59-17-20-52-64-35-41-27-67*37-65-5-67-27-25-4-7-40-46*44-60-61-17-20-33-22-19-54-5-37-65*10-55-20-33-22-38-19-54-18-32*48-39-18-54-36-45-34-57-35-51-56*23-0-69-38-36-45-58-64-52-8-26-49-15-42*,25.863641319302033,616.0,196,0.0
39804,62-24-63-6-35-51-56-28-8-26-16-9-68*18-39-48-3-69-23-50-43-17-9-68*46-7-47-6-56-8-55-17-61-44*7-53-47-6-63-24-30-26-16-1-31*65-37-67-27-41-35-51-8-26-1-59-9-11*67-27-41-35-58-33-22-13-50-2*7-4-12-25-41-45-36-38-19-66*42-62-26-16-55-52-64-58-45-36-54-18-32-39*23-0-50-43-20-55-16-26-49-15-42*37-65-5-67-27-25-4-7-40-46*4-25-57-35-51-64-52-20-17-60*14-2-50-13-22-45-41-12-4-7-46*21-63-6-35-34-45-36-38-3-29*14-44-61-17-55-10-16-26-30-21*1-59-17-20-33-22-19-54-5-37-18*,25.875260231443747,615.0,199,0.0
39950,63-21-6-56-8-10-16-1-31-11-49*0-50-43-20-55-10-16-26-30-24-21*14-2-50-13-22-45-41-25-12-4-7-40-53*66-48-3-23-50-43-17-10-16-26-62*7-4-25-34-51-8-26-1-9-68-59*1-16-10-28-8-56-6-47-53-46-40*12-27-41-34-35-64-52-20-17-60-44*14-44-61-17-10-16-26-30-21-63*29-3-66-19-36-45-34-35-6-63-24*11-68-9-59-17-20-52-64-58-41-27-67*37-65-5-67-27-25-4-7-40-46*44-60-61-17-20-33-22-19-54-5-37*10-55-20-33-22-38-19-54-18-32*48-39-18-54-36-45-34-57-35-51-56*23-0-69-38-36-45-58-64-52-8-26-49-15-42*,25.912167669520343,613.0,199,0.0
39329,63-21-6-56-8-10-16-1-31-11*0-69-38-36-45-58-64-52-8-26-49-15-42*14-2-50-13-22-45-41-12-4-40-47*48-3-23-50-43-20-10-16-26-62*7-4-25-34-51-8-26-1-68-9*1-59-10-28-8-56-6-47-53-46-40*27-41-34-35-64-52-20-17-60-44*14-44-61-17-10-16-26-30-21-63*29-3-66-19-36-45-34-35-6-63-24-62*11-9-59-17-20-52-64-58-41-27*37-65-5-67-27-25-4-7-40-46*44-60-61-17-43-33-22-19-54-5-37*10-55-20-33-22-38-19-54-18-32*48-39-18-54-36-45-34-57-35-51-56*23-0-50-17-55-10-16-26-30-24-21*,25.936724172840403,595.0,196,0.0
39634,63-21-6-56-8-10-16-1-31-11*0-69-38-36-45-58-64-52-8-26-49-15-42*14-2-50-13-22-45-41-25-12-4-40*48-3-23-50-43-20-10-16-26-62*7-4-25-34-51-8-26-1-9-68*1-59-10-28-8-56-6-47-53-46-40*27-41-34-35-64-52-20-17-60-44*14-44-61-17-10-16-26-30-21-63*29-3-66-19-36-45-34-35-6-63-24-62-15*11-9-59-17-20-52-64-58-41-27*37-65-5-67-27-25-4-7-40-46*44-60-61-17-20-33-22-19-54-5-37*10-55-20-33-22-38-19-54-18-32*48-39-18-54-36-45-34-57-35-51-56*23-0-50-17-10-16-26-30-24-21*,25.946427366224164,590.0,198,0.0
38361,63-21-6-56-8-10-16-1-31-11*0-69-38-36-45-58-64-52-8-26-49-15-42*14-2-50-13-22-45-41-25-12-4-40*48-3-23-50-43-20-10-16-26-62*7-4-25-34-51-8-26-1-68-9*1-59-10-28-8-56-6-47-53-46-40*27-41-34-35-64-52-20-17-60-44*14-44-61-17-10-16-26-30-21-63*29-3-66-19-36-45-34-35-6-63-24-62*11-9-59-17-20-52-64-58-41-27*37-65-5-67-27-25-4-7-40-46*44-60-61-17-20-33-22-19-54-5-37*10-55-20-33-22-38-19-54-18-32*48-39-18-54-36-45-34-57-35-51-56*23-0-50-17-55-10-16-26-30-24-21*,25.97726576574238,588.0,191,0.0
38503,63-21-6-56-8-10-16-1-31-11*0-69-38-36-45-58-64-52-8-26-49-15-42*14-2-50-13-22-45-41-25-12-4-40*48-3-23-50-43-20-10-16-26-62*7-4-25-34-51-8-26-1-9-68*1-59-10-28-8-56-6-47-53-46-40*27-41-34-35-64-52-20-17-60-44*14-44-61-17-10-16-26-30-21-63*29-3-66-19-36-45-34-35-6-63-24-62*11-9-59-17-20-52-64-58-41-27*37-65-5-67-27-25-4-7-40-46*44-60-61-17-20-33-22-19-54-5-37*10-55-20-33-22-38-19-54-18-32*48-39-18-54-36-45-34-57-35-51-56*23-0-50-17-10-16-26-30-24-21*,25.985343972754222,586.0,192,0.0
38669,63-21-6-56-8-10-16-1-31-11*0-69-38-36-45-58-64-52-8-26-49-15-42*14-2-50-13-22-45-41-12-4-40*48-3-23-50-43-20-10-16-26-62*7-4-25-34-51-8-26-1-68-9*1-59-10-28-8-56-6-47-53-46-40*27-41-34-35-64-52-20-17-60-44*14-44-61-17-10-16-26-30-21-63*29-3-66-19-36-45-34-35-6-63-24-62*11-9-59-17-20-52-64-58-41-27*37-65-5-67-27-25-4-7-40-46*44-60-61-17-20-33-22-19-54-5-37*10-55-20-33-22-38-19-54-18-32*48-39-18-54-36-45-34-57-35-51-56*23-0-50-17-10-16-26-30-24-21*,25.991625868952376,584.0,193,0.0
36649,63-21-6-56-8-10-16-1-31-11*0-69-38-36-45-58-64-52-8-26-49-15-42*14-2-50-13-22-45-41-25-12-4-40*48-3-23-50-43-20-10-16-26-62*7-4-25-34-51-8-26-1-9-68*1-59-10-28-8-56-6-47-53-46-40*27-41-34-35-64-52-20-17-60-44*14-44-61-17-10-16-26-30-21-63*29-3-66-19-36-45-34-35-6-63-24*11-9-59-17-20-52-64-58-41-27*37-65-5-67-27-25-4-7-40-46*44-61-17-20-33-22-19-54-5-37*10-55-20-33-22-38-19-54-18-32*48-39-18-54-36-45-34-57-35-51-56*23-0-50-43-17-55-10-16-26-30-24-21*,26.07221065638028,583.0,183,0.0
35666,63-21-6-56-8-10-16-1-31-11*0-50-43-17-55-10-16-26-30-24-21*14-2-50-13-22-45-41-25-4-40*48-3-23-50-43-20-10-16-26-62-42*7-4-25-34-51-8-26-1-9-68*1-16-10-28-8-56-6-47-53-46-40*12-41-34-35-64-52-20-17-60-44*14-44-61-17-10-16-26-30-21-63*29-3-66-19-36-45-34-35-6-63-24*11-9-59-17-20-52-64-58-41-27*37-65-5-67-27-25-4-7-40-46*44-60-61-17-20-33-22-19-54-5-37*10-55-20-33-22-38-19-54-18-32*48-39-18-54-36-45-34-57-35-51-56*23-0-69-38-36-45-58-64-52-8-26-49-15-42*,26.082199390500318,582.0,178,0.0
39128,63-21-6-56-8-10-16-1-31-11*0-50-43-20-55-16-26-30-24-21*14-2-50-13-22-45-41-12-4-7-40*48-3-23-50-43-17-10-16-26-62*7-4-25-34-51-8-26-1-9-68*16-10-28-8-56-6-47-53-46-40*27-41-34-35-64-52-20-17-61-60-44*14-44-61-17-10-16-26-30-21-63*29-3-66-19-36-45-34-35-6-63-24*11-9-59-17-20-33-22-19-18-32*37-65-5-67-27-25-4-7-40-46*37-5-54-19-38-22-33-20-55-10*44-60-17-20-52-64-58-41-27-67*48-39-18-54-36-45-34-57-35-51-56*0-69-38-36-45-58-64-52-8-26-49-15-42*,26.09103557837574,577.0,195,0.0
40174,63-21-6-56-8-10-16-1-31-11*0-50-43-17-10-55-16-26-30-24*14-2-50-13-22-45-41-12-4-7-46*48-3-23-50-43-20-10-16-26-62*7-40-4-25-34-51-8-26-1-9-68*16-10-28-8-56-6-47-53-46-40*27-41-58-64-52-20-17-59-9-11*14-44-61-17-10-16-26-30-21-63*29-3-66-19-36-45-34-35-6-63*67-27-41-34-35-64-52-20-17-60-44*37-65-5-67-27-25-4-7-40-46*37-5-54-19-22-33-20-17-61-44*10-55-20-33-22-38-19-54-18-32*48-39-18-54-36-45-34-57-35-51-56*0-69-38-36-45-58-64-52-8-26-49-15-42*,26.229595518567937,576.0,200,0.0
39783,63-21-6-56-8-10-16-1-31-11*0-50-43-17-10-55-16-26-30-24*14-2-50-13-22-45-41-12-4-7-40-46*48-3-23-50-43-20-10-16-26-62*7-4-25-34-51-8-26-1-9-68*16-10-28-8-56-6-47-53-46-40*27-41-58-64-52-20-17-59-9-11*14-44-61-17-10-16-26-30-21-63*29-3-66-19-36-45-34-35-6-63*67-27-41-34-35-64-52-20-17-60-44*37-65-5-67-27-25-4-7-40-46*37-5-54-19-22-33-20-17-61-44*10-55-20-33-22-38-19-54-18-32*48-39-18-54-36-45-34-57-35-51-56*0-69-38-36-45-58-64-52-8-26-49-15-42*,26.232352284585474,574.0,198,0.0
39400,63-21-6-56-8-10-16-1-31-11*0-50-43-17-10-55-16-26-30-24*14-2-50-13-22-45-41-12-4-7-40*48-3-23-50-43-20-10-16-26-62*7-4-25-34-51-8-26-1-9-68*16-10-28-8-56-6-47-53-46-40*27-41-58-64-52-20-17-59-9-11*14-44-61-17-10-16-26-30-21-63*29-3-66-19-36-45-34-35-6-63*27-41-34-35-64-52-20-17-60-44*37-65-5-67-27-25-4-7-53-46*37-5-54-19-22-33-20-17-60-44*10-55-20-33-22-38-19-54-18-32*48-39-18-54-36-45-34-57-35-51-56*0-69-38-36-45-58-64-52-8-26-49-15-42*,26.301681575354202,572.0,197,0.0
38549,63-21-6-56-8-10-16-1-31-11*0-50-43-17-10-55-16-26-30-24*14-2-50-13-22-45-41-12-4-7-40*48-3-23-50-43-20-10-16-26-62*7-4-25-34-51-8-26-1-9-68*16-10-28-8-56-6-47-53-46-40*27-41-58-64-52-20-17-59-9-11*14-44-61-17-10-16-26-30-21-63*29-3-66-19-36-45-34-35-6-63*27-41-34-35-64-52-20-17-60-44*37-65-5-67-27-25-4-7-40-46*37-5-54-19-22-33-20-17-60-44*10-55-20-33-22-38-19-54-18-32*48-39-18-54-36-45-34-57-35-51-56*0-69-38-36-45-58-64-52-8-26-49-15-42*,26.337519533582185,567.0,192,0.0
39193,63-6-35-34-45-36-38-69-3-29*63-21-30-26-16-10-52-55-20-43-50*62-24-63-6-35-58-45-36-19-66*27-41-34-58-64-52-20-17-61-60*53-4-25-41-45-22-13-50-2-14*24-30-26-16-10-55-17-61-44-14*0-50-43-20-55-16-26-49-15-42*22-33-43-20-10-16-26-62-42-15*18-39-48-3-23-50-17-59-1-31*40-7-47-6-56-28-8-55-20-13*37-5-54-19-22-33-20-17-9-68*48-39-18-54-36-45-34-57-51-56*4-12-25-34-51-8-26-1-9-68-11-49*55-10-20-33-22-38-19-54-18-32*37-65-5-67-27-25-4-7-40-46*,26.45667308700686,565.0,195,0.0
39456,63-6-35-34-45-36-38-69-3-29*63-21-30-26-16-10-55-20-43-50*62-24-63-6-35-58-45-36-38-19-66*27-41-34-58-64-52-20-17-61-60*7-53-4-25-41-45-22-13-50-2-14*24-30-26-16-10-55-17-61-44-14*0-50-43-20-55-16-26-49-15-42*22-33-20-55-10-16-26-62-42-15*18-39-48-3-23-50-43-17-9-68*40-7-47-6-56-28-8-55-20-13*37-5-54-19-22-33-20-17-59-1-31*48-39-18-54-36-45-34-57-51-56*4-12-25-34-51-8-26-1-9-68-11-49*55-10-20-33-22-38-19-54-18-32*37-65-5-67-27-25-4-7-40-46*,26.478150942024847,560.0,197,0.0
35875,63-6-35-34-45-36-38-3-69-29*63-21-30-26-16-10-55-20-43-50*62-24-63-6-35-58-45-36-38-19-66*27-41-34-58-64-52-20-17-61-60*53-4-25-41-45-22-13-50-2-14*24-30-26-16-10-55-17-61-44-14*0-50-43-20-55-16-26-49-15-42*22-33-20-55-10-16-26-62-42-15*18-39-48-3-23-50-43-17-59-1-31*40-7-47-6-56-28-8-55-20-13*37-5-54-19-22-33-20-17-9-68*48-39-18-54-36-45-34-57-51-56*4-12-25-34-51-8-26-1-9-68-11-49*55-10-20-33-22-38-19-54-18-32*37-65-5-67-27-25-4-7-40-46*,26.539687566518012,556.0,179,0.0
37357,63-6-35-58-45-36-38-69-3-29*63-21-30-26-16-10-55-20-43-50*62-24-30-26-16-10-55-17-61-44-14*27-41-34-58-64-52-20-17-61-60*53-4-25-41-45-22-13-50-2-14*24-63-6-35-34-45-36-38-19-66*0-50-43-20-55-16-26-49-15-42*22-33-43-20-10-16-26-62-42-15*18-39-48-3-23-50-17-59-1-31*40-7-47-6-56-28-8-55-20-13*37-5-54-19-22-33-20-17-9-68*48-39-18-54-36-45-34-57-51-56*4-12-25-34-51-8-26-1-9-68-11*55-10-20-33-22-38-19-54-18-32*37-65-5-67-27-25-4-7-40-46*,26.56825721509524,554.0,186,0.0
39881,63-6-35-34-45-36-38-69-3-29*63-21-30-26-16-10-55-20-43-50*62-24-30-26-16-10-55-17-61-44-14*27-41-34-58-64-52-20-17-61-60*53-4-25-41-45-22-13-50-2-14*24-63-6-35-58-45-36-38-19-66*0-50-43-20-55-16-26-49-15-42-62*22-33-20-55-10-16-26-62-42-15*18-39-48-3-23-50-17-59-1-31*40-7-47-6-56-28-8-55-20-13*37-5-54-19-22-33-20-17-9-68*48-39-18-54-36-45-34-57-51-56*4-12-25-34-51-8-26-1-68-9-11*55-10-20-33-22-38-19-54-18-32*37-65-5-67-27-25-4-7-40-46*,26.601592798143464,553.0,199,0.0
35693,63-6-35-34-45-36-38-69-3-29*63-21-30-26-16-10-55-20-43-50*62-24-30-26-16-10-55-17-61-44-14*27-41-34-58-64-52-20-17-61-60*53-4-25-41-45-22-13-50-2-14*24-63-6-35-58-45-36-38-19-66*0-50-43-20-55-16-26-49-15-42*22-33-20-55-10-16-26-62-42-15*18-39-48-3-23-50-17-59-1-31*40-7-47-6-56-28-8-55-20-13*37-5-54-19-22-33-20-17-9-68*48-39-18-54-36-45-34-57-51-56*4-12-25-34-51-8-26-1-68-9-11*55-10-20-33-22-38-19-54-18-32*37-65-5-67-27-25-4-7-40-46*,26.605304827715102,550.0,178,0.0
40015,63-6-35-34-45-36-38-69-3-29*63-21-30-26-16-10-55-20-43-50*62-24-30-26-16-55-17-61-44-14*27-41-34-58-64-52-20-17-61-60*53-4-25-41-45-22-13-50-2-14*24-63-6-35-58-45-36-38-19-66*0-50-43-20-55-16-26-49-15-42*22-33-20-55-10-16-26-62-42-15*18-39-48-3-23-50-17-59-1-31*40-7-47-6-56-28-8-55-20-13*37-5-54-19-22-33-20-17-9-68*48-39-18-54-36-45-34-57-51-56*4-12-25-34-51-8-26-1-68-9-11*55-10-20-33-22-38-19-54-18-32*37-65-5-67-27-25-4-7-40-46*,26.60604204197968,549.0,200,0.0
36702,63-6-35-34-45-36-38-69-3-29*63-21-30-26-16-10-55-20-43-50*62-24-30-26-16-10-55-17-61-44*27-41-34-58-64-52-20-17-61-60*53-4-25-41-45-22-13-50-2-14*24-63-6-35-58-45-36-38-19-66*0-50-43-20-55-16-26-49-15-42*22-33-20-55-10-16-26-62-42-15*18-39-48-3-23-50-43-17-9-68*7-47-6-56-28-8-55-20-43-13*31-1-59-17-20-33-22-19-54-5-37*48-39-18-54-36-45-34-57-51-56*4-12-25-34-51-8-26-1-68-9-11*10-55-20-33-22-38-19-54-18-32*18-65-5-67-27-25-4-7-40-46*,26.67617603845974,548.0,183,0.0
32992,63-6-35-34-45-36-54-18-39-48*63-21-30-26-16-10-55-20-43-50*62-24-30-26-16-10-55-17-61-44*27-41-34-58-64-52-20-17-61-60*53-4-25-41-45-22-13-50-2-14*24-63-6-35-58-45-36-38-19-66*0-50-43-20-55-16-26-49-15-42*22-33-20-55-10-16-26-62-42-15*18-39-48-3-23-50-43-17-9-68*7-47-6-56-28-8-55-20-43-13*31-1-59-17-20-33-22-19-54-5-37*56-51-57-34-45-36-38-69-3-29*4-12-25-34-51-8-26-1-9-11*10-55-20-33-22-38-19-54-18-32*18-65-5-67-27-25-4-7-40-46*,26.716997980448248,547.0,164,0.0
39887,63-6-35-58-45-36-38-69-3-29*63-21-30-26-16-10-55-20-43-50*62-24-30-26-16-10-55-20-33-22*27-41-34-58-64-52-20-17-61-60*53-4-25-34-51-8-26-1-9-68*24-63-6-35-34-45-36-38-19-66*0-50-43-20-55-16-26-49-15-42*7-47-6-56-28-8-55-17-61-44*18-39-48-3-23-50-43-17-9-11*13-43-20-55-10-16-26-62-15-42*31-1-59-17-20-33-22-38-54-5-37*48-39-18-54-36-45-34-57-51-56*14-2-50-13-22-45-41-25-12-4*10-55-20-33-22-38-19-54-18-32*37-65-5-67-27-25-4-7-40-46*,26.784370019261022,546.0,199,0.0
36470,63-6-35-34-41-36-54-18-39-48*63-21-30-26-16-10-55-17-61-44*62-24-30-26-16-10-55-20-43-50*27-41-34-58-64-52-20-17-61-60*53-4-25-34-51-8-26-1-9-68*24-63-6-35-58-45-36-38-19-66*0-50-43-20-55-16-26-49-15-42*22-33-20-55-10-16-26-62-42-15*18-39-48-3-23-50-43-17-59-68*7-47-6-56-28-8-55-20-13-43*31-11-9-17-20-33-22-19-54-5-37*56-51-57-34-45-36-38-69-3-29*14-2-50-13-22-45-41-25-12-4*10-55-20-33-22-38-19-54-18-32*37-65-5-67-27-25-4-7-40-46*,26.90907863791877,544.0,182,0.0
33374,63-6-35-34-41-36-54-18-39-48*63-21-30-26-16-10-55-17-61-44*62-24-30-26-16-10-55-20-43-50*27-41-34-58-64-52-20-17-61-60*53-4-25-34-51-8-26-1-9-68*24-63-6-35-58-45-36-38-19-66*0-50-43-20-55-16-26-49-15-42*22-33-20-55-10-16-26-62-42-15*18-39-48-3-23-50-43-17-59-68*7-47-6-56-28-8-55-20-43-13*31-11-9-17-20-33-22-19-54-5-37*56-51-57-34-45-36-38-69-3-29*14-2-50-13-22-45-41-25-12-4*10-55-20-33-22-38-19-54-18-32*37-65-5-67-27-25-4-7-40-46*,26.923142817092987,543.0,166,0.0
37943,22-33-20-55-10-16-26-49-15-42*21-63-6-35-58-45-36-38-19-66*27-41-58-51-64-52-20-17-61-60*21-63-6-35-34-45-36-38-69-29*14-44-61-17-10-16-26-30-24-21*31-1-59-17-43-13-22-19-54-5-37*48-39-18-54-36-45-34-57-35-51*23-50-43-20-55-10-16-26-49-15*10-55-20-33-22-38-19-54-18-32*53-4-12-41-45-22-33-50-2-14*0-2-23-69-3-66-19-38-22-33*7-4-25-34-51-8-26-1-9-68-11*46-40-53-47-6-56-28-8-26-62*37-65-5-67-27-25-4-7-40-46*49-26-8-28-56-51-34-41-27-67-37*,27.36681082147474,542.0,189,0.0
39124,22-33-20-55-10-16-26-49-15-42*21-63-6-35-58-45-36-38-19-66*27-41-35-51-64-52-20-17-61-60*21-63-6-35-34-45-36-38-69-29*14-44-61-17-10-16-26-30-24-21*31-1-59-17-43-13-22-19-54-5-37*48-39-18-54-36-45-34-57-51-35*23-50-43-20-55-10-16-26-49-15*10-55-20-33-22-38-19-54-18-32*53-4-12-41-45-22-33-50-2-14*0-2-23-69-3-66-19-38-22-33*7-4-25-34-51-8-26-1-9-68-11*46-40-53-47-6-56-28-8-26-62*37-65-5-67-27-25-4-7-40-46*49-26-8-28-56-51-34-41-27-67-37*,27.38637814938453,541.0,195,0.0
37769,22-33-20-55-10-16-26-49-15-42*21-63-6-35-58-45-36-38-19-66*27-41-35-51-64-52-20-17-61-60*21-63-6-35-34-45-36-38-69-29*14-44-61-17-10-16-26-30-24-21*31-1-59-17-43-13-22-19-54-5-37*48-39-18-54-36-45-34-57-35-51*23-50-43-20-55-10-16-26-49-15*10-55-20-33-22-38-19-54-18-32*53-4-12-41-45-22-33-50-2-14*0-2-23-69-3-66-19-38-22-33*7-4-25-34-51-8-26-1-9-68-11*46-40-53-47-6-56-28-8-26-62*37-65-5-67-27-25-4-7-40-46*49-26-8-28-56-51-34-41-27-67-37*,27.39109216735802,540.0,188,0.0
40189,22-33-20-55-10-16-26-49-42-15*21-63-6-35-58-45-36-38-19-66*27-41-35-51-64-52-20-17-61-60*21-63-6-35-34-45-36-38-69-29*14-44-61-17-10-16-26-30-24-21*31-1-59-17-43-13-22-19-54-5-37*48-39-18-54-36-45-34-57-35-51*23-50-43-20-55-10-16-26-49-15*10-55-20-33-22-38-19-54-18-32*53-4-12-41-45-22-33-50-2-14*0-2-23-69-3-66-19-38-22-33*7-4-25-34-51-8-26-1-9-68-11*46-40-53-47-6-56-28-8-26-62*37-65-5-67-27-25-4-7-40-46*49-26-8-28-56-51-34-41-27-67*,27.427859430891353,538.0,200,0.0
36859,22-33-20-55-10-16-26-49-15-42*21-63-6-35-58-45-36-38-19-66*27-41-35-51-64-52-20-17-61-60*21-63-6-35-34-45-36-38-69-29*14-44-61-17-10-16-26-30-24-21*31-1-59-17-43-13-22-19-54-5-37*48-39-18-54-36-45-34-57-35-51*23-50-43-20-55-10-16-26-49-15*10-55-20-33-22-38-19-54-18-32*53-4-12-41-45-22-33-50-2-14*0-2-23-69-3-66-19-38-22-33*7-4-25-34-51-8-26-1-9-68-11*46-40-53-47-6-56-28-8-26-62*37-65-5-67-27-25-4-7-40-46*49-26-8-28-56-51-34-41-27-67*,27.444846508875127,536.0,184,0.0
38406,22-33-20-55-10-16-26-30-24-21*21-63-6-35-58-45-36-38-19-66*27-41-35-51-64-52-20-17-61-60*21-63-6-35-34-45-36-38-69-29*14-44-61-17-10-16-26-49-15-42*31-9-59-17-43-33-22-19-54-5-37*48-39-18-54-36-45-34-57-35-51*23-50-43-20-55-10-16-26-49-15*10-55-20-13-22-38-19-54-18-32*4-25-34-51-8-26-1-68-9-11*23-2-50-13-22-45-41-12-4-7*14-2-0-69-3-66-19-38-22-33*46-40-53-47-6-56-28-8-26-62*37-65-5-67-27-25-4-7-40-46*49-26-8-28-56-51-34-41-27-67*,27.59503055285878,534.0,192,0.0
35815,22-33-20-55-10-16-26-30-24-21*21-63-6-35-58-45-36-38-19-66*27-41-35-51-64-52-20-17-61-60*21-63-6-35-34-45-36-38-69-29*14-44-61-17-10-16-26-49-15-42*31-9-59-17-43-33-22-19-54-5-37*48-39-18-54-36-45-34-57-35-51*23-50-43-20-55-10-16-26-49-15*10-55-20-33-22-38-19-54-18-32*4-25-34-51-8-26-1-68-9-11*23-2-50-13-22-45-41-12-4-7*14-2-0-69-3-66-19-38-22-33*46-40-53-47-6-56-28-8-26-62*37-65-5-67-27-25-4-7-40-46*49-26-8-28-56-51-34-41-27-67*,27.660107882481817,532.0,179,0.0
39006,22-33-20-55-10-16-26-30-63-21*37-65-5-67-27-25-4-7-40-46*14-2-50-13-22-45-41-25-12-4*31-11-68-59-17-43-33-22-19-54-5-37*53-4-25-34-51-8-26-1-11-9*22-33-20-10-55-16-26-49-15-42*7-47-6-56-28-8-55-17-61-44*29-48-39-18-54-36-45-34-57-51-56*10-55-20-33-22-38-19-54-18-32*27-41-35-51-64-52-20-17-61-60*50-43-20-55-10-16-26-49-15-42*23-50-0-69-3-66-19-38-22-33*62-24-30-26-16-10-55-20-43-13*21-63-6-35-58-45-36-38-19-66*37-65-5-67-27-25-4-7-40-46*,28.019899593493825,531.0,195,0.0
39072,22-33-20-55-10-16-26-30-63-21*37-65-5-67-27-25-4-7-40-46*14-2-50-13-22-45-41-25-12-4*31-11-68-59-17-43-33-22-19-54-5-37*53-4-25-34-51-8-26-1-11-9*22-33-20-55-10-16-26-49-15-42*7-47-6-56-28-8-55-17-61-44*29-48-39-18-54-36-45-34-57-51-56*10-55-20-33-22-38-19-54-18-32*27-41-35-51-64-52-20-17-61-60*50-43-20-55-10-16-26-49-15-42*23-50-0-69-3-66-19-38-22-33*62-24-30-26-16-10-55-20-43-13*21-63-6-35-58-45-36-38-19-66*37-5-65-67-27-25-4-7-40-46*,28.022588868064606,530.0,195,0.0
39760,22-33-20-55-10-16-26-49-15-42*37-65-5-67-27-25-4-7-40-46*14-2-50-13-22-45-41-25-12-4*31-11-68-59-17-43-33-22-19-54-5-37*53-4-25-34-51-8-26-1-11-9*22-33-20-55-8-28-56-6-47-7*44-61-17-55-10-16-26-49-15-42*29-48-39-18-54-36-45-34-57-51-56*10-55-20-33-22-38-19-54-18-32*27-41-35-51-64-52-20-17-61-60*50-43-20-55-10-16-26-30-63-21*23-50-0-69-3-66-19-38-22-33*62-24-30-26-16-10-55-20-43-13*21-63-6-35-58-45-36-38-19-66*37-65-5-67-27-25-4-7-40-46*,28.034810011577378,529.0,198,0.0
39646,22-33-20-55-10-16-26-30-21-63*5-65-37-67-27-25-4-7-40-46*14-2-50-33-22-45-41-25-4-53*31-11-9-59-17-20-52-64-51-35-41-27*68-9-1-26-8-51-34-25-12-4*22-33-20-55-10-16-26-49-15-42*7-53-47-6-56-28-8-55-17-44*29-48-39-18-54-36-45-34-57-51-56*10-55-20-33-22-38-19-54-18-32*60-61-17-43-13-22-19-54-5-37*50-43-20-55-10-16-26-30-24-62*23-2-0-69-3-66-19-38-22-33*13-43-20-55-10-16-26-49-15-42*21-63-6-35-58-45-36-38-19-66*37-65-5-67-27-25-4-7-40-46*,28.265085636262636,528.0,198,0.0
39406,22-33-20-55-10-16-26-30-24-63*37-65-5-67-27-25-4-7-40-46*14-2-50-13-22-45-41-25-12-4*31-11-59-17-43-33-22-19-54-5-37*53-4-25-34-51-8-26-1-9-68-11*22-33-20-55-10-16-26-49-15-42*7-47-6-56-28-8-55-17-61-44*29-48-39-18-54-36-45-34-57-51*10-55-20-33-22-38-19-54-18-32*27-41-35-51-64-52-20-17-61-60*50-43-20-55-10-16-26-49-15-42*0-2-23-69-3-66-19-38-22-33*62-21-30-26-16-10-55-20-43-13*21-63-6-35-58-45-36-38-19-66*65-37-5-67-27-25-4-7-40-46*,28.36211757010025,526.0,197,0.0
39509,22-33-20-55-10-16-26-30-24-63*37-65-5-67-27-25-4-7-40-46*14-2-50-13-22-45-41-25-12-4*31-11-59-17-43-33-22-19-54-5-37*53-4-25-34-51-8-26-1-9-68-11*22-33-20-55-10-16-26-49-15-42*7-47-6-56-28-8-55-17-61-44*29-48-39-18-54-36-45-34-57-51*10-55-20-33-22-38-19-54-18-32*27-41-35-51-64-52-20-17-61-60*50-43-20-55-10-16-26-30-24-62*0-2-23-69-3-66-19-38-22-33*13-43-20-55-10-16-26-49-15-42*21-63-6-35-58-45-36-38-19-66*65-37-5-67-27-25-4-40-7-46*,28.371914213179522,524.0,197,0.0
38160,22-33-20-55-10-16-26-30-24-63*37-65-5-67-27-25-4-7-40-46*14-2-50-13-22-45-41-25-12-4*31-11-59-17-43-33-22-19-54-5-37*53-4-25-34-51-8-26-1-9-68-11*22-33-20-55-10-16-26-49-15-42*7-47-6-56-28-8-55-17-61-44*29-48-39-18-54-36-45-34-57-51*10-55-20-33-22-38-19-54-18-32*27-41-35-51-64-52-20-17-61-60*50-43-20-55-10-16-26-30-24-62*0-2-23-69-3-66-19-38-22-33*13-43-20-55-10-16-26-49-15-42*21-63-6-35-58-45-36-38-19-66*65-37-5-67-27-25-4-7-40-46*,28.39952859820265,522.0,190,0.0
