,R_x,f_1,f_2,Generation,Rank
39575,5-32-18-38-36-45-34-57-51-8-26-1-31-11*42-24-63-6-35-34-45-36-54-18-39-48-66*53-4-25-41-45-22-13-50-2-14-44-17-10-28*7-47-6-56-8-10-55-20-43-17-61*29-3-38-36-45-58-35-6-21-24-62*62-15-49-26-8-51-35-34-41-25-27-67-65-37*11-1-26-8-28-56-6-47-53-46-40-4-25-57-58-33-13-43*12-27-41-58-64-52-20-17-61-44*3-66-19-38-22-33-20-55-16-26-49-15-42-30-24*0-50-17-10-16-26-30-63-6-56*31-1-16-10-20-33-22-19-18-65-5*49-11-9-59-17-43-50-23-69-3-48*11-68-9-16-26-8-52-64-58-45-36-54-18*2-0-3-19-36-41-12-4-7-40-46*67-37-5-54-38-22-33-20-17-61-60-44-14*,24.89647850397421,743.0,197,0.0
39286,5-32-18-38-36-45-34-57-51-8-26-1-31-11*42-24-63-6-35-34-45-36-54-18-39-48-66*53-4-25-41-45-22-13-50-2-14-44-17-10-28*7-47-6-56-8-10-55-20-43-17-61*29-3-38-36-45-58-35-6-21-24-62*62-15-49-26-8-51-35-41-25-27-67-65-37*11-1-26-8-28-56-6-47-53-46-40-4-25-57-58-33-13-43*12-27-41-58-64-52-20-17-61-44*3-66-19-38-22-33-20-55-16-26-49-15-42-30-24*0-50-17-10-16-26-30-63-6-56*31-1-16-10-20-33-22-19-18-65-5*49-11-9-59-17-43-50-23-69-3-48*11-68-9-16-26-8-52-64-58-45-36-54-18*0-3-19-36-41-12-4-7-40-46*67-37-5-54-38-22-33-20-17-61-60-44-14*,24.920811766354994,738.0,196,0.0
39488,37-65-32-18-54-36-45-22-13-50-2-14-44-17-10-28*42-24-21-6-35-34-45-36-54-18-39-48-66*53-4-25-41-34-51-8-26-1-31*47-53-7-4-12-41-45-36-38-69-0*69-29-3-19-38-22-33-20-55-16-26-49-15-42-30-24*62-42-15-49-26-8-52-64-58-45-36-38-18-37*11-1-26-8-28-56-6-47-53-7-40-4-25-34-58-33-13-43*12-27-41-58-64-52-20-17-61-44*3-66-19-36-45-58-35-6-63-24-62*0-50-43-17-10-16-26-30-63-6*31-1-16-10-20-33-22-19-54-65-37*66-48-3-69-23-50-43-17-61-60-44*11-68-9-16-26-8-56-51-35-57-25-27-67-65-5*46-40-7-47-6-56-8-10-55-20-17-61*49-11-9-59-17-20-33-22-38-54-5-37-67*,25.070964660440147,736.0,197,0.0
39176,37-65-32-18-54-36-45-22-13-50-2-14-44-17-10-28*42-24-21-6-35-34-45-36-54-18-39-48-66*53-4-25-41-34-51-8-26-1-31*47-53-7-4-12-41-45-36-38-69-0*69-29-3-19-38-22-33-20-55-16-26-49-15-42-30-24*62-42-15-49-26-8-52-64-58-45-36-38-18-37*11-1-26-8-28-56-6-47-53-7-40-4-25-34-58-33-13-43*12-27-41-58-64-52-20-17-61-44*3-66-19-36-45-58-35-6-63-24-62*0-50-43-17-10-16-26-30-63-6*31-1-16-10-20-33-22-19-54-65-37*66-48-3-69-23-50-43-17-61-60-44*68-9-16-26-8-56-51-35-57-25-27-67-65-5*46-40-7-47-6-56-8-10-55-20-17-61*49-11-9-59-17-20-33-22-38-54-5-37-67*,25.077937046055126,733.0,195,0.0
39945,37-65-32-18-54-36-45-22-13-50-2-14-44-17-10-28*42-24-21-6-35-34-45-36-54-18-39-48*53-4-25-41-34-51-56-8-26-1-31*47-53-7-4-12-41-45-36-38-69-0*3-29-69-19-38-22-33-20-55-16-26-49-15-42-30-24*62-42-15-49-26-8-51-35-57-25-27-67-65-5*11-1-26-8-28-56-6-47-53-7-40-4-25-34-58-33-13-43*12-27-41-58-64-52-20-17-61-44*3-66-19-36-45-58-35-6-63-24-62*0-50-43-17-10-16-26-30-63-6*31-1-16-10-20-33-22-19-54-65-37*66-48-3-69-23-50-43-17-61-60-44*68-9-16-26-8-52-64-58-45-36-38-18-37*46-40-7-47-6-56-8-10-55-20-17-61*49-11-9-59-17-20-33-22-38-54-5-37-67*,25.082713363825622,728.0,199,0.0
40007,37-5-65-32-18-54-36-45-58-64-52-8-26-16-9-68*30-24-63-6-56-8-10-55-20-17-61-60*53-4-12-41-34-51-8-26-1-31*7-47-6-35-57-34-45-36-54-5*29-3-38-22-13-20-10-16-26-49-15-62-30-24*62-42-15-49-26-8-51-35-57-25-27-67-37-65*68-11-1-26-8-28-56-6-47-53-7-40-4-25-41-34-58-33-13-43*12-27-41-58-64-52-20-17-61-44*3-66-19-36-45-58-35-6-63-24-62*0-50-17-10-16-26-30-21-6-56*31-1-16-10-20-33-22-19-54-18-39-48*66-48-3-69-23-50-43-17-61-60-44-14*38-36-45-22-33-50-2-14-44-17-10-28*0-69-38-36-41-12-4-7-46-40*42-49-11-9-59-17-20-33-22-38-54-5-37-67*,25.126977369598738,726.0,200,0.0
37255,37-5-65-32-18-54-36-45-58-64-52-8-26-16-9-68*30-24-63-6-56-8-10-55-20-17-61-60*53-4-12-41-34-51-8-26-1-31*7-47-6-35-57-34-45-36-54-5*29-3-38-22-13-20-10-16-26-49-15-62-30-24*62-42-15-49-26-8-51-35-57-25-27-67-37-65*68-11-1-26-8-28-56-6-47-53-7-40-4-25-41-34-58-33-13-43*12-27-41-58-64-52-20-17-61-44*3-66-19-36-45-58-35-6-63-24-62*0-50-17-10-16-26-30-21-6-56*31-1-16-10-20-33-22-19-54-18-39-48*66-48-3-69-23-50-43-17-61-60-44-14*38-36-45-22-33-50-2-14-44-17-10-28*0-69-38-36-41-12-4-7-40-46*42-49-11-9-59-17-20-33-22-38-54-5-37-67*,25.13083995701314,725.0,186,0.0
38932,37-5-65-32-18-54-36-45-58-64-52-8-26-16-9-68*24-63-6-56-8-10-55-20-17-61-60*53-4-12-41-34-51-8-26-1-31*7-47-6-35-57-34-45-36-54-5*29-3-38-22-13-20-10-16-26-49-15-62-30-24*62-42-15-49-26-8-51-35-57-25-27-67-37-65*68-11-1-26-8-28-56-6-47-53-7-40-4-25-34-58-33-13-43*12-27-41-58-64-52-20-17-61-44*3-66-19-36-45-58-35-6-63-24-62*0-50-17-10-16-26-30-21-6-56*31-1-16-10-20-33-22-19-54-18-39-48*66-48-3-69-23-50-43-17-61-60-44-14*38-36-22-33-50-2-14-44-17-10-28*0-69-38-36-45-41-12-4-7-40-46*42-49-11-9-59-17-20-33-22-38-54-5-37-67*,25.137760426130612,718.0,194,0.0
39379,37-5-65-32-18-54-36-45-58-64-52-8-26-16-9-68*63-6-56-8-10-55-20-17-61-60*53-4-12-41-34-51-8-26-1-31*7-47-6-35-57-34-45-36-54-5*29-3-38-22-13-20-10-16-26-49-15-62-30-24*62-42-15-49-26-8-51-35-57-25-27-67-37-65*68-11-1-26-8-28-56-6-47-53-7-40-4-25-41-34-58-33-13-43*12-27-41-58-64-52-20-17-61-44*3-66-19-36-45-58-35-6-63-24-62*0-50-17-10-16-26-30-21-6-56*31-1-16-10-20-33-22-19-54-18-39-48*66-48-3-69-23-50-43-17-61-60-44-14*38-36-22-33-50-2-14-44-17-10-28*0-69-38-36-45-41-12-4-7-40-46*42-49-11-9-59-17-20-33-22-38-54-5-37-67*,25.161429157343328,716.0,196,0.0
36769,37-5-32-18-54-36-45-22-13-50-2-14-44-17-10-28*63-30-24-21-6-35-57-34-45-36-54-65-5*53-4-25-41-34-51-8-26-1-31*7-53-47-6-56-8-10-55-20-17-61-60*29-3-38-22-33-20-10-16-26-49-15-62-24*62-42-15-49-26-8-51-35-41-27-67-37-65*11-1-26-8-28-56-6-47-7-40-4-25-57-58-33-13-43*12-27-41-58-64-52-20-17-61-44*3-66-19-36-45-58-35-6-63-24-62*0-69-38-36-41-12-4-7-40-46*31-1-16-10-20-33-22-19-54-18-39-48*66-48-3-69-23-50-43-17-61-60-44-14*68-9-16-26-8-52-64-58-45-36-38*0-50-17-10-16-26-30-21-6-56*49-11-9-59-17-20-33-22-38-54-5-37-67*,25.196685650799253,715.0,183,0.0
39032,37-5-32-18-54-36-45-22-13-50-2-14-44-17-10-28*21-24-30-63-6-35-57-34-45-36-54-65-5*53-4-25-41-34-51-8-26-1-31*7-47-6-56-8-10-55-20-17-61-60*29-3-38-22-33-20-10-16-26-49-15-62-24*62-42-15-49-26-8-51-35-41-27-67-37-65*11-1-26-8-28-56-6-47-53-7-40-4-25-57-58-33-13-43*27-12-41-58-64-52-20-17-61-44*3-66-19-36-45-58-35-6-63-24-62*0-69-38-36-41-12-4-7-40-46*31-1-16-10-20-33-22-19-54-18-39-48*66-48-3-69-23-50-43-17-61-60-44-14*68-9-16-26-8-52-64-58-45-36-38*0-50-17-10-16-26-30-21-6-56*49-11-9-59-17-20-33-22-38-54-5-37-67*,25.224767284299933,712.0,195,0.0
33769,37-5-32-18-54-36-45-22-13-50-2-14-44-17-10-28*24-30-63-6-35-57-34-45-36-54-65-5*53-4-25-41-34-51-8-26-1-31*7-47-6-56-8-10-55-20-17-61-60*29-3-38-22-33-20-10-16-26-49-15-62-24*62-42-15-49-26-8-51-35-41-27-67-37-65*11-1-26-8-28-56-6-47-53-7-40-4-25-57-58-33-13-43*12-27-41-58-64-52-20-17-61-44*3-66-19-36-45-58-35-6-63-24-62*0-69-38-36-41-12-4-7-40-46*31-1-16-10-20-33-22-19-54-18-39-48*66-48-3-69-23-50-43-17-61-60-44-14*68-9-16-26-8-52-64-58-45-36-38*0-50-17-10-16-26-30-21-6-56*49-11-9-59-17-20-33-22-38-54-5-37-67*,25.244459211803736,710.0,168,0.0
33629,37-5-32-18-54-36-45-22-13-50-2-14-44-17-10-28*24-63-6-35-57-34-45-36-54-65-5*53-4-25-41-34-51-8-26-1-31*7-47-6-56-8-10-55-20-17-61-60*29-3-38-22-33-20-10-16-26-49-15-62-30-24*62-42-15-49-26-8-51-35-41-27-67-37-65*11-1-26-8-28-56-6-47-53-7-40-4-25-57-58-33-13-43*12-27-41-58-64-52-20-17-61-44*3-66-19-36-45-58-35-6-21-24-62*0-69-38-36-41-12-4-7-40-46*31-1-16-10-20-33-22-19-54-18-39-48*66-48-3-69-23-50-43-17-61-60-44-14*68-9-16-26-8-52-64-58-45-36-38*0-50-17-10-16-26-30-63-6-56*49-11-9-59-17-20-33-22-38-54-5-37-67*,25.26216792910283,709.0,168,0.0
39060,37-5-32-18-54-36-45-22-13-50-2-14-44-17-10-28*24-63-6-35-57-34-45-36-54-65-5*53-4-25-41-34-51-8-26-1-31*7-47-6-56-8-10-55-20-17-61-60*29-3-38-22-33-20-10-16-26-49-15-62-30-24*62-42-15-49-26-8-51-35-41-27-67-37-65*11-1-26-8-28-56-6-47-53-7-40-4-25-57-58-33-13-43*12-27-41-58-64-52-20-17-61-60-44*3-66-19-36-45-58-35-6-21-24-62*0-69-38-36-41-12-4-7-40-46*31-1-16-10-20-33-22-19-18-39-48*48-3-69-23-50-43-17-61-60-44-14*68-9-16-26-8-52-64-58-45-36-38*0-50-17-10-16-26-30-63-6-56*49-11-9-59-17-20-33-22-38-54-5-37-67*,25.293328210905578,705.0,195,0.0
36030,37-5-32-18-54-36-45-22-13-50-2-14-44-17-10-28*24-63-6-35-57-34-45-36-54-65-5*53-4-12-41-34-51-8-26-1-31*47-6-56-8-10-55-20-17-61-60*29-3-38-22-33-20-10-16-26-49-15-62-30-24*62-42-15-49-26-8-51-35-41-27-67-37-65*11-1-26-8-28-56-6-47-53-7-40-4-25-57-58-33-13-43*12-27-41-58-64-52-20-17-61-44*3-66-19-36-45-58-35-6-21-24-62*0-69-38-36-41-25-4-7-40-46*31-1-16-10-20-33-22-19-54-18-39-48*66-48-3-69-23-50-43-17-61-60-44-14*68-9-16-26-8-52-64-58-45-36-38*0-50-17-10-16-26-30-63-6-56*49-11-9-59-17-20-33-22-38-54-5-37-67*,25.32076088818744,702.0,180,0.0
39721,37-65-67-27-25-57-35-51-8-26-62-30-24*42-24-21-6-35-57-34-45-36-54-32-5-37*53-4-12-41-34-51-8-26-1-31*7-47-6-56-8-10-55-20-17-61*29-3-19-38-22-33-20-10-16-26-49-15-42-62*28-10-17-44-14-2-50-13-22-36-54-18*11-1-26-8-28-56-6-47-53-46-40-7-4-25-34-58-33-13*27-25-41-58-64-52-20-17-61-44*3-66-38-36-45-58-35-6-63-21-24*0-50-43-20-10-16-26-30-63-6-56-28*1-16-10-20-33-22-19-54-18-39-48*48-3-69-23-50-17-61-60-44-14*17-9-68-1-26-8-52-64-58-45-36-54-5-65*0-3-38-36-41-12-4-7-40-46*11-9-59-17-20-33-22-19-54-5-37-67*,25.330308332078683,699.0,198,0.0
32862,37-65-67-27-25-57-35-51-8-26-62-30-24*42-24-21-6-35-57-34-45-36-54-32-5-37*53-4-12-41-34-51-8-26-1-31*7-47-6-56-8-10-55-20-17-61*29-3-19-38-22-33-20-10-16-26-49-15-42-62*28-10-17-44-14-2-50-13-22-36-54-18*11-1-26-8-28-56-6-47-53-46-40-7-4-25-34-58-33-13*27-25-41-58-64-52-20-17-61-44*3-66-38-36-45-58-35-6-63-24*0-50-43-20-10-16-26-30-63-6-56-28*1-16-10-20-33-22-19-54-18-39-48*48-3-69-23-50-17-61-60-44-14*17-9-68-1-26-8-52-64-58-45-36-54-5-65*0-3-38-36-41-12-4-7-40-46*11-9-59-17-20-33-22-19-54-5-37-67*,25.340213999802717,697.0,164,0.0
39252,48-29-3-23-50-43-17-61-60-44*1-31-11-9-17-20-33-22-19-54-18-39-48*0-69-3-66-38-36-41-12-4-7-53-40-46*14-2-50-13-33-58-34-25-4-40-46*37-32-18-54-36-45-34-35-6-63-30*62-24-42-15-49-26-8-51-35-34-41-25-27-67-65-39*58-35-51-64-52-55-10-17-44-14-60*49-1-59-17-20-52-10-55-16-26-30-21-63*65-37-5-54-36-45-58-64-52-8-26-62*31-11-1-26-30-24-63-6-47-53*9-68-1-26-8-56-51-41-27-67*28-10-59-17-20-13-22-38-54-5-67-27-25-12*29-69-0-50-43-20-10-16-26-30*3-66-19-22-45-41-34-57-35-51-56*46-7-47-6-56-8-28-10-55-20-43-13-33-50*,25.34160017028611,690.0,196,0.0
39019,48-29-3-23-50-43-17-61-60-44*31-11-9-17-20-33-22-19-54-18-39-48*0-23-69-3-66-38-36-41-12-4-7-53-40-46*14-2-50-13-33-58-34-25-4-40-46*37-32-18-54-36-45-34-35-6-63-30*62-24-42-15-49-26-8-51-35-34-41-25-27-67-65-39*58-35-51-64-52-55-10-17-44-14-60*49-1-59-17-20-52-10-16-26-30-21-63*65-37-5-54-36-45-58-64-52-8-26-62*31-11-1-26-30-24-63-6-47-53*9-68-1-26-8-28-56-51-41-27-67-18*28-10-59-17-20-13-22-38-54-5-67-27*29-69-0-50-43-20-10-16-26-30*3-66-19-22-45-41-34-57-35-51-56*46-7-47-6-56-8-10-55-20-43-33-50*,25.35071670724806,683.0,195,0.0
38837,48-29-3-23-50-43-17-61-60-44*31-11-9-17-20-33-22-19-54-18-39-48*0-23-69-3-66-38-36-41-12-4-7-53-40-46*14-2-50-13-33-58-34-25-4-40-46*37-32-18-54-36-45-34-35-6-63-30*62-24-42-15-49-26-8-51-35-34-41-25-27-67-65-39*58-35-51-64-52-55-10-17-44-14-60*49-1-59-17-20-52-10-16-26-30-21-63*65-37-5-54-36-45-58-64-52-8-26-62*31-11-1-26-30-24-63-6-47-53*9-68-1-26-8-28-56-51-41-27-67*28-10-59-17-20-13-22-38-54-5-67-27*29-69-0-50-43-20-10-16-26-30*3-66-19-22-45-41-34-57-35-51-56*46-7-47-6-56-8-10-55-20-43-33-50*,25.355197100982778,676.0,194,0.0
39823,48-29-3-23-50-43-17-59-1-49*31-11-9-17-20-33-22-19-54-18-39-48*0-69-3-66-38-36-41-12-4-7-53-40-46*14-2-50-13-33-58-34-25-4-40-46*37-32-18-54-36-45-34-35-6-63-30*62-24-42-15-49-26-8-51-35-34-41-25-27-67-65-39*58-35-51-64-52-55-10-17-44-14-60*63-21-30-26-16-10-52-20-17-61-60-44*65-37-5-54-36-45-58-64-52-8-26-62*31-11-1-26-30-24-63-6-47-53*9-68-1-26-8-56-51-41-27-67*28-10-59-17-20-13-22-38-54-5-67-27*29-69-0-50-43-20-10-16-26-30-62*3-66-19-22-45-34-57-35-51-56*46-7-47-6-56-8-28-10-55-20-43-33*,25.380267577628143,670.0,199,0.0
40052,48-29-3-23-50-43-17-59-1-49*31-11-68-9-17-20-33-22-19-54-18-39-48*0-69-3-66-38-36-41-12-4-7-53-40-46*14-2-50-13-33-58-34-25-4-40-46*37-32-18-54-36-45-34-35-6-63-30*62-24-42-15-49-26-8-51-35-34-41-25-27-67-65-39*58-35-51-64-52-55-10-17-44-14-60*63-21-30-26-16-10-52-20-17-61-60-44*65-37-5-54-36-45-58-64-52-8-26-62*31-11-1-26-30-24-63-6-47-53*9-68-1-26-8-56-51-41-27-67*28-10-59-17-20-13-22-38-54-5-67-27*29-69-0-50-43-20-10-16-26-30*3-66-19-22-45-34-57-35-51-56*46-7-47-6-56-8-28-10-55-20-43-33*,25.385106195195647,666.0,200,0.0
38345,48-29-3-23-50-43-17-59-1-49*31-11-9-17-20-33-22-19-54-18-39-48*0-69-3-66-38-36-41-12-4-7-53-40-46*14-2-50-13-33-58-34-25-4-40-46*37-32-18-54-36-45-34-35-6-63-30*62-24-42-15-49-26-8-51-35-34-41-25-27-67-65-39*58-35-51-64-52-55-10-17-44-14-60*63-21-30-26-16-10-52-20-17-61-60-44*65-37-5-54-36-45-58-64-52-8-26-62*31-11-1-26-30-24-63-6-47-53*9-68-1-26-8-56-51-41-27-67*28-10-59-17-20-13-22-38-54-5-67-27*29-69-0-50-43-20-10-16-26-30*3-66-19-22-45-34-57-35-51-56*46-7-47-6-56-8-28-10-55-20-43-33*,25.4134526028336,665.0,191,0.0
39973,48-29-3-23-50-43-17-59-1-49*31-11-9-17-20-33-22-19-54-18-39*0-69-3-66-38-36-41-12-4-7-53-40-46*14-2-50-13-33-58-34-25-4-40-46*37-32-18-54-36-45-34-35-6-63-30*62-24-42-15-49-26-8-51-35-34-41-25-27-67-65-39-48*58-35-51-64-52-55-10-17-44-14-60*63-21-30-26-16-10-52-20-17-61-60*65-37-5-54-36-45-58-64-52-8-26-62*31-11-1-26-30-24-63-6-47-53*9-68-1-26-8-56-51-41-27-67*28-10-59-17-20-13-22-38-54-5-67-27*29-69-0-50-43-20-10-16-26-30*3-66-19-22-45-34-57-35-51-56*46-7-47-6-56-8-28-10-55-20-43-33*,25.426457685458708,662.0,199,0.0
33213,48-29-3-23-50-43-17-61-60-44*31-11-9-17-20-33-22-19-54-18-39-48*0-69-3-66-38-36-41-12-4-7-53-40-46*14-2-50-13-33-58-34-25-4-40-46*37-32-18-54-36-45-34-35-6-63-30*62-24-42-15-49-26-8-51-35-34-41-25-27-67-65-39*58-35-51-64-52-55-10-17-44-14-60*49-1-59-17-20-55-10-16-26-30-21-63*65-37-5-54-36-45-58-64-52-8-26-62*11-31-1-26-30-24-63-6-47-53*9-68-1-26-8-56-51-41-27-67*28-10-59-17-20-33-22-38-54-5-67-27*29-69-0-50-43-20-10-16-26-30*3-66-19-22-45-41-34-57-35-51-56*46-7-47-6-56-8-28-10-55-20-13-50*,25.505142329077913,661.0,166,0.0
33717,48-29-3-23-50-43-17-61-60-44*31-11-9-17-20-33-22-19-54-18-39-48*0-69-3-66-38-36-41-12-4-7-53-40-46*14-2-50-13-33-58-34-25-4-40-46*37-32-18-54-36-45-34-35-6-63-30*62-24-42-15-49-26-8-51-35-34-41-25-27-67-65-39*58-35-51-64-52-55-10-17-44-14-60*49-1-59-17-20-10-16-26-30-21-63*65-37-5-54-36-45-58-64-52-8-26-62*11-31-1-26-30-24-63-6-47-53*9-68-1-26-8-56-51-41-27-67*28-10-59-17-20-33-22-38-54-5-67-27*29-69-0-50-43-20-10-16-26-30*3-66-19-22-45-41-34-57-35-51-56*46-7-47-6-56-8-28-10-55-20-13-50*,25.523100245565033,660.0,168,0.0
37229,48-29-3-23-50-43-17-61-60-44*31-11-9-17-20-33-22-19-54-18-39-48*0-69-3-66-38-36-41-12-4-7-53-40-46*14-2-50-13-33-58-34-25-4-40-46*37-32-54-36-45-34-35-6-63-30*62-24-42-15-49-26-8-51-35-34-41-25-27-67-65-39*58-35-51-64-52-55-10-17-44-14-60*49-1-59-17-20-10-16-26-30-21-63*65-37-5-54-36-45-58-64-52-8-26-62*11-31-1-26-30-24-63-6-47-53*9-68-1-26-8-56-51-41-27-67*28-10-59-17-20-33-22-38-54-5-67-27*29-69-0-50-43-20-10-16-26-30*3-66-19-22-45-41-34-57-35-51-56*46-7-47-6-56-28-8-10-55-20-13-50*,25.534713966056994,659.0,186,0.0
34647,48-3-69-23-50-43-17-59-1-49*31-11-9-17-20-33-22-19-54-18-39-48-29*0-3-66-19-36-41-12-4-7-53-40-46*14-2-50-13-33-58-34-25-4-40-46*37-32-18-54-36-45-34-35-6-63-24*62-42-15-49-26-8-51-35-34-25-27-67-65-39*58-41-35-64-52-55-10-17-61-14-60*63-30-26-16-55-8-10-17-61-60-44*65-37-5-54-36-45-58-64-52-8-26-62*31-11-1-26-30-21-63-6-47-7-46*9-68-1-26-8-28-56-51-41-27-67*10-59-17-20-33-22-38-54-5-67-27*29-69-0-50-43-20-10-16-26-30-24*3-66-38-22-45-41-34-57-35-51-56*50-43-20-55-10-28-56-6-47-53*,25.54667552708224,657.0,173,0.0
38777,48-29-3-23-50-43-17-61-60-44*31-11-9-17-20-33-22-19-54-18-39-48*0-69-3-66-38-36-41-12-4-7-53-40-46*14-2-50-13-33-58-34-25-4-40-46*37-32-54-36-45-34-35-6-63-30*62-24-42-15-49-26-8-51-35-34-41-25-27-67-65-39*58-35-51-64-52-55-10-17-44-14-60*49-1-59-17-20-10-16-26-30-21-63*65-37-5-54-36-45-58-64-52-8-26-62*11-31-1-26-30-24-63-6-47-53*9-68-1-26-8-56-51-41-27-67*28-10-59-17-20-33-22-38-54-5-67-27*29-69-0-50-43-20-10-16-26-30*3-66-19-22-45-41-34-57-35-51*46-7-47-6-56-28-8-10-55-20-13-50*,25.550849613481677,655.0,193,0.0
39674,48-29-3-23-50-43-17-61-60-44*31-11-9-17-20-33-22-19-54-18-39-48*0-69-3-66-38-36-41-12-4-7-53-40-46*14-2-50-13-33-58-34-25-4-40-46*37-32-18-54-36-45-34-35-6-63-30*62-24-42-15-49-26-8-51-35-34-41-25-27-67-65-39*58-35-51-64-52-55-10-17-44-14-60*49-1-59-17-20-10-16-26-30-21-63*65-37-5-54-36-45-58-64-52-8-26-62*11-31-1-26-30-24-63-6-47-53*9-68-1-26-8-56-51-41-27-67*28-10-20-33-22-38-54-5-67-27*29-69-0-50-43-20-10-16-26-30*3-66-19-22-45-41-34-57-35-51-56*46-7-47-6-56-8-28-10-55-20-13-50*,25.58972987846348,651.0,198,0.0
39852,48-29-3-23-50-43-17-61-60-44*31-11-9-17-20-33-22-19-54-18-39-48*0-69-3-66-38-36-41-12-4-7-53-40-46*14-2-50-13-33-58-34-25-4-40-46*37-32-18-54-36-45-34-35-6-63-30*62-24-42-15-49-26-8-51-35-34-41-25-27-67-65-39*58-35-51-64-52-55-10-17-44-14-60*49-1-59-17-20-10-16-26-30-21*65-37-5-54-36-45-58-64-52-8-26-62*11-31-1-26-30-24-63-6-47-53*9-68-1-26-8-56-51-41-27-67*28-10-20-33-22-38-54-5-67-27*29-69-0-50-43-20-10-16-26-30*3-66-19-22-45-41-34-57-35-51-56*46-7-47-6-56-8-28-10-55-20-13-50*,25.660694538903627,648.0,199,0.0
38168,5-18-54-36-41-58-64-52-55-16*20-10-55-52-64-35-58-33-13-43*30-21-63-6-35-34-45-36-38-19-66-48-39*32-18-69-3-19-36-45-34-51-8-26-62*46-40-7-53-47-6-56-8-28-10-59-9*63-24-30-26-16-10-17-61-14-60*2-50-13-22-45-41-12-4-53-7*7-4-12-25-57-35-51-8-26-1-68-9*2-0-3-38-36-41-25-4-40-46*18-65-54-36-45-58-64-52-8-26-49-15-42*65-37-5-54-19-22-33-43-61-60-44-17*29-3-69-23-50-43-17-59-1-31*66-3-0-50-43-20-55-10-16-26-1-11*54-32-65-5-67-27-25-4-7-46-40*67-65-54-38-22-33-20-17-59-68-9-11*,25.67979461833587,642.0,190,0.0
39897,5-18-54-36-41-58-64-52-55-16*20-10-55-52-64-35-58-33-13-43*30-21-63-6-35-34-45-36-38-19-66-48-39*32-18-69-3-19-36-45-58-64-52-8-26-49-15-42*46-40-53-47-6-56-8-28-10-59-9*63-24-30-26-16-10-17-61-14-60*2-50-13-22-45-41-12-4-53-7*7-4-12-25-57-35-51-8-26-1-68-9*2-0-3-38-36-41-25-4-7-40-46*18-65-54-36-45-34-51-8-26-62*65-37-5-54-19-22-33-43-61-60-44-17*29-3-69-23-50-43-17-59-1-31*66-3-0-50-43-20-55-16-26-1-11*54-32-65-5-67-27-25-4-7-46-40*67-65-54-38-22-33-20-17-59-68-9-11*,25.69938790449441,641.0,199,0.0
35683,5-18-54-36-41-58-64-52-55-16*20-10-55-52-64-35-58-33-13-43*30-21-63-6-35-34-45-36-38-19-66-48-39*32-18-69-3-19-36-45-34-51-8-26-62*46-40-53-47-6-56-8-28-10-59-9*63-24-30-26-16-10-17-61-14-60*2-50-13-22-45-41-12-4-53-7*7-4-12-25-57-35-51-8-26-1-68-9*0-3-38-36-41-25-4-7-40-46*18-65-54-36-45-58-64-52-8-26-49-15-42*65-37-5-54-19-22-33-43-61-60-44-17*29-3-69-23-50-43-17-59-1-31*66-3-0-50-43-20-55-10-16-26-1-11*54-32-65-5-67-27-25-4-7-46-40*67-65-54-38-22-33-20-17-59-68-9-11*,25.72701267281704,638.0,178,0.0
39168,5-18-54-36-41-58-64-52-55-16*20-10-55-52-64-35-58-33-13-43*30-21-63-6-35-34-45-36-38-19-66-48-39*32-18-69-3-19-36-45-34-51-8-26-62*46-40-53-47-6-56-8-28-10-59-9*63-24-30-26-16-10-17-61-14-60*2-50-13-22-45-41-12-4-53-7*7-4-12-25-57-35-51-8-26-1-68-9*0-3-38-36-41-25-4-7-40-46*18-54-36-45-58-64-52-8-26-49-15-42*65-37-5-54-19-22-33-43-61-60-44-17*29-3-69-23-50-43-17-59-1-31-9*66-3-0-50-43-20-55-10-16-26-1-11*54-32-65-5-67-27-25-4-7-46-40*67-65-54-38-22-33-20-17-59-68-9-11*,25.73498185518412,636.0,195,0.0
32460,5-18-54-36-41-58-64-52-55-16*20-10-55-52-64-35-58-33-13-43*21-63-6-35-34-45-36-38-19-66-3-48-39*32-18-69-19-36-45-34-51-56-8-26-62*46-40-53-47-6-56-8-28-10-59-9*63-24-30-26-16-10-17-61-14-60*2-50-13-22-45-41-12-4-53-7*7-4-12-25-57-35-51-8-26-1-68-9*0-3-38-36-41-25-4-7-40-46*18-65-54-36-45-58-64-52-8-26-49-15-42*65-37-5-54-19-22-33-43-61-60-44-17*29-3-69-23-50-43-17-59-1-31*66-3-0-50-43-20-55-10-16-26-1-11*54-32-65-5-67-27-25-4-7-46-40*67-65-54-38-22-33-20-17-59-9-68-11*,25.74272779661193,635.0,162,0.0
37482,5-18-54-36-41-58-64-52-55-16*20-10-55-52-64-35-58-33-13-43*30-21-63-6-35-34-45-36-38-19-66-48-39*32-18-69-3-19-36-45-34-51-8-26-62*46-40-53-47-6-56-8-28-10-59-9*63-24-30-26-16-10-17-61-14-60*2-50-13-22-45-41-12-4-53-7*7-4-12-25-57-35-51-8-26-1-68-9*0-3-38-36-41-25-4-7-40-46*18-54-36-45-58-64-52-8-26-49-15-42*65-37-5-54-19-22-33-43-61-60-44-17*29-3-69-23-50-43-17-59-1-31*66-3-0-50-43-20-55-10-16-26-1-11*54-32-65-5-67-27-25-4-7-46-40*67-65-54-38-22-33-20-17-59-68-9-11*,25.746730558569595,631.0,187,0.0
38929,5-18-54-36-41-58-64-52-55-16*20-10-55-52-64-35-58-33-13-43*21-63-6-35-34-45-36-38-19-66-3-48-39*32-18-69-19-36-45-34-51-8-26-62*46-40-53-47-6-56-8-28-10-59-9*63-24-30-26-16-10-17-61-14-60*2-50-13-22-45-41-12-4-53-7*7-4-12-25-57-35-51-8-26-1-68-9*0-69-3-38-36-41-25-4-7-40-46*65-54-36-45-58-64-52-8-26-49-15-42*65-37-5-54-19-22-33-43-61-60-44-17*29-3-69-23-50-43-17-59-1-31*66-3-0-50-43-20-55-10-16-26-1-11*54-32-65-5-67-27-25-4-7-46-40*67-65-54-38-22-33-20-17-59-9-68-11*,25.7620874585317,630.0,194,0.0
38864,5-54-36-41-58-64-52-10-16-1*20-10-55-52-64-35-58-33-13-43*21-63-6-35-34-45-36-38-19-66-3-48-39*32-18-19-36-41-34-51-8-26-62*46-40-53-47-6-56-8-28-10-59*63-24-30-26-8-55-17-61-60-14*2-50-13-22-45-41-12-4-53-7*4-12-25-57-35-51-8-26-1-68-9*69-3-38-36-41-25-4-7-40-46*18-54-36-45-58-64-52-8-26-49-15-42*39-18-65-37-5-54-19-22-33-43-61-60-44*29-3-69-23-50-43-17-59-1-31*66-3-0-50-43-20-55-10-16-26-1*54-32-65-5-67-27-25-4-7-46*67-65-54-38-22-33-20-17-59-9-68-11-49*,25.774703167425514,605.0,194,0.0
39745,5-54-36-41-58-64-52-10-16-1*20-10-55-52-64-35-58-33-13-43*21-63-6-35-34-45-36-38-19-66-3-48-39*32-18-19-36-41-34-51-8-26-62*46-40-53-47-6-56-8-28-10-59*63-24-30-26-8-55-17-61-60-14*2-50-13-22-45-41-12-4-53-7*4-12-25-57-35-51-8-26-1-68-9*69-3-38-36-41-25-4-7-40-46*18-54-36-45-58-64-52-8-26-49-15-42*39-32-65-37-5-54-19-22-33-43-61-44-60*29-3-69-23-50-43-17-59-1-31*66-3-0-50-43-20-55-10-16-26-1*54-18-65-5-67-27-25-4-7-46*67-65-54-38-22-33-20-17-59-9-68-11-49*,25.82915838165894,602.0,198,0.0
37753,5-54-36-41-58-64-52-10-16-1*20-10-55-52-64-35-58-33-13-43*21-63-6-35-34-45-36-38-19-66-3-48-39*32-18-19-36-41-34-51-8-26-62*46-40-53-47-6-56-8-28-10-59*63-24-30-26-8-55-17-61-60-14*2-50-13-22-45-41-12-4-53-7*4-12-25-57-35-51-8-26-1-68-9*69-3-38-36-41-25-4-7-40-46*18-54-36-45-58-64-52-8-26-49-15-42*39-32-65-37-5-54-19-22-33-43-61-60-44*29-3-69-23-50-43-17-59-1-31*66-3-0-50-43-20-55-10-16-26-1*54-18-65-5-67-27-25-4-7-46*67-65-54-38-22-33-20-17-59-9-68-11-49*,25.833623200444404,601.0,188,0.0
39209,5-54-36-41-58-64-52-10-16-1*20-10-55-52-64-35-58-33-13-43*21-63-6-35-34-45-36-38-19-66-3-48-39*32-18-19-36-41-34-51-8-26-62*46-40-53-47-6-56-8-28-10-59*63-24-30-26-8-55-17-61-60-14*2-50-13-22-45-41-12-4-7-53*4-12-25-57-35-51-8-26-1-68-9*69-3-38-36-41-25-4-7-40-46*18-54-36-45-58-64-52-8-26-49-15-42*39-32-65-37-5-54-19-22-33-43-61-60-44*29-3-69-23-50-43-17-59-1-31*66-3-0-50-43-20-55-10-16-26-1*54-18-65-5-67-27-25-4-7-46*67-65-54-38-22-33-20-17-59-9-68-11-49*,25.863620552703033,600.0,196,0.0
35982,5-54-36-41-58-64-52-10-16-1*20-10-55-52-64-35-58-33-13-43*21-63-6-35-34-45-36-38-19-66-3-48-39*32-18-19-36-41-34-51-8-26-62*46-40-53-47-6-56-8-28-10-59*63-24-30-26-8-55-17-61-60-14*2-50-13-22-45-41-12-4-53-7*4-12-25-57-35-51-8-26-1-68-9*69-3-38-36-41-25-4-7-40-46*18-54-36-45-58-64-52-8-26-49-15-42*32-65-37-5-54-19-22-33-43-61-60-44*29-3-69-23-50-43-17-59-1-31*66-3-0-50-43-20-55-10-16-26-1*54-18-65-5-67-27-25-4-7-46*67-65-54-38-22-33-20-17-59-9-68-11-49*,25.909987176625116,598.0,179,0.0
38872,5-54-36-41-58-64-52-10-16-1*20-10-55-52-64-35-58-33-13-43*21-63-6-35-34-45-36-38-19-66-3-48-39*32-18-54-36-41-34-51-8-26-62*46-40-53-47-6-56-8-28-10-59*63-24-30-26-8-55-17-61-60-14*2-50-13-22-45-41-12-4-53-7*4-12-25-57-35-51-8-26-1-68-9*69-3-38-36-41-25-4-7-40-46*18-54-36-45-58-64-52-8-26-49-15-42*32-65-37-5-54-19-22-33-43-61-60-44*29-3-69-23-50-43-17-59-1-31*66-3-0-50-43-20-55-10-16-26-1*54-18-65-5-67-27-25-4-7-46*67-65-54-38-22-33-20-17-59-9-68-11-49*,25.928007392909244,596.0,194,0.0
38257,5-54-36-41-58-64-52-10-16-1*20-10-55-52-64-35-58-33-13-43*21-63-6-35-34-45-36-38-19-66-3-48-39*32-18-19-36-45-34-51-8-26-62*46-40-53-47-6-56-8-28-10-59*63-24-30-26-8-55-17-61-60-44-14*2-50-13-22-45-41-12-4-53-7*4-12-25-57-35-51-8-26-1-68-9*3-69-38-36-41-25-4-7-40-46*18-54-36-45-58-64-52-8-26-49-15-42*65-5-54-19-22-33-43-61-60-44*29-3-69-23-50-43-17-59-1-31*66-3-0-50-43-20-55-10-16-26-1*54-18-65-5-67-27-25-4-7-46*67-37-65-54-38-22-33-20-17-59-9-68-11-49*,25.957838612375856,593.0,191,0.0
39287,37-5-54-36-41-58-64-52-10-16-1*20-10-55-52-64-35-58-33-13-43*21-63-6-35-34-45-36-38-19-66-3-48-39*32-18-19-36-45-34-51-8-26-62*46-40-53-47-6-56-8-28-10-59*63-24-30-26-8-55-17-61-60-14*2-50-13-22-45-41-12-4-53-7*4-12-25-57-35-51-8-26-1-68-9*3-69-38-36-41-25-4-7-40-46*18-54-36-45-58-64-52-8-26-49-15-42*65-5-54-19-22-33-43-61-60-44*29-3-69-23-50-43-17-59-1-31*66-3-0-50-43-20-55-10-16-26*54-18-65-5-67-27-25-4-7-46*67-37-65-54-38-22-33-20-17-59-9-68-11-49*,25.963694793294465,591.0,196,0.0
39240,5-54-36-41-58-64-52-10-16-1*20-10-55-52-64-35-58-33-13-43*21-63-6-35-34-45-36-38-19-66-3-48-39*32-18-54-36-45-34-51-8-26-62*46-40-53-47-6-56-8-28-10-59*63-24-30-26-8-55-17-61-60-14*2-50-13-22-45-41-12-4-53-7*4-12-25-57-35-51-8-26-1-68-9*3-69-38-36-41-25-4-7-40-46*18-19-36-45-58-64-52-8-26-49-15-42*65-5-54-19-22-33-43-61-60-44*29-3-69-23-50-43-17-59-1-31*66-3-0-50-43-20-55-10-16-26*54-18-65-5-67-27-25-4-7-46*67-37-65-54-38-22-33-20-17-59-9-68-11-49*,25.980837620770753,589.0,196,0.0
38877,60-61-43-13-22-19-54-18-39-32*32-65-37-5-54-19-22-33-43-61-60-44*63-21-24-30-26-16-10-17-61-44-14*21-63-6-35-34-45-36-38-19-66-3-48*0-3-66-19-36-41-12-4-40-46*18-54-36-45-58-64-52-8-26-49-15-42-62*48-29-69-3-23-50-43-17-59-68-11-31*46-40-53-47-6-56-8-28-10-59*4-25-57-35-51-8-26-16-9-68-11*20-10-55-52-64-35-58-33-13-43*65-37-5-54-36-45-34-51-56-28*66-3-0-50-43-20-55-10-16-26-1-31*4-12-25-41-45-22-13-50-2-14*5-54-36-41-58-64-52-10-16-1*32-65-5-67-27-25-4-7-40-46*,26.234008420855897,584.0,194,0.0
36313,39-48-3-69-23-50-43-17-59-9-68*63-21-24-30-26-16-10-17-61-44-14*31-11-68-9-59-17-20-33-22-38*21-63-6-35-34-45-36-38-19-66-3-29-48*4-12-25-41-45-22-13-50-2-14*27-25-12-41-45-36-54-5-37-67*14-2-50-43-20-10-16-26-49-62*46-40-53-47-6-56-8-28-10-59*48-39-18-65-5-67-27-25-4-53-46-40-7*4-25-57-35-51-8-26-1-68-9*37-65-5-54-19-22-33-43-61-60*31-1-16-10-55-20-33-22-19-66-48-29-69*0-69-19-36-41-12-4-7-40-46*39-32-54-36-45-34-57-35-51-56*18-54-36-45-58-64-52-8-26-49-15-42*,26.307574097821064,582.0,181,0.0
37504,60-61-43-13-22-19-54-18-39-32*32-37-5-54-19-22-33-43-61-60-44*63-21-24-30-26-16-10-17-61-44-14*21-63-6-35-34-45-36-38-19-66-3-48-39*0-3-66-19-36-41-12-4-40-46*18-54-36-45-58-64-52-8-26-49-15-42-62*48-29-69-3-23-50-43-17-59-68*46-40-53-47-6-56-8-28-10-59*4-25-57-35-51-8-26-16-9-68-11*20-10-55-52-64-35-58-33-13-43*65-37-5-54-36-45-34-51-56-28*66-3-0-50-43-20-55-10-16-26-1-31*4-12-25-41-45-22-13-50-2-14*5-54-36-41-58-64-52-10-16-1*32-65-5-67-27-25-4-7-40-46*,26.33891089571533,581.0,187,0.0
39757,60-61-43-13-22-19-54-18-39-32*32-37-5-54-36-45-34-51-56-28*21-24-30-26-16-10-17-61-44-14*21-63-6-35-34-45-36-38-19-66-3-48-39*0-3-66-19-36-41-12-4-40-46*18-54-36-45-58-64-52-8-26-49-15-42-62*48-29-69-3-23-50-43-17-59-68*46-40-53-47-6-56-8-28-10-59*4-25-57-35-51-8-26-16-9-68-11*20-10-55-52-64-35-58-33-13-43*65-37-5-54-19-22-33-43-61-60-44*66-3-0-50-43-20-55-10-16-26-1-31*4-12-25-41-45-22-13-50-2-14*5-54-36-41-58-64-52-10-16-1*32-65-5-67-27-25-4-7-40-46*,26.364059247106955,578.0,198,0.0
37243,32-65-5-54-36-45-41-12-25-27*63-21-24-30-26-16-10-17-61-44-14*31-11-68-9-59-17-20-33-22-38-66-69*21-63-6-35-34-45-36-38-19-66-3-29-48*4-25-12-41-45-22-13-50-2-14*37-65-5-67-27-25-4-53-46-40*14-2-50-43-20-10-16-26-49-62*46-40-53-47-6-56-8-28-10-59*68-9-59-17-43-50-23-69-3-48-39-32*4-25-57-35-51-8-26-1-68-9*60-61-43-13-22-19-54-5-37-67*31-1-16-10-55-20-33-22-19-29-69*0-3-66-19-36-41-12-4-7-40-46*39-18-54-36-45-34-57-35-51-56*18-54-36-45-58-64-52-8-26-49-15-42*,26.393895658223315,577.0,186,0.0
34822,32-65-5-54-36-45-41-12-25-27*63-21-24-30-26-16-10-17-61-44-14*31-11-68-9-59-17-20-33-22-38-69*21-63-6-35-34-45-36-38-19-66-3-29-48*4-25-12-41-45-22-13-50-2-14*37-65-5-67-27-25-4-53-46-40*14-2-50-43-20-10-16-26-49-62*46-40-53-47-6-56-8-28-10-59*68-9-59-17-43-50-23-69-3-48-39-32*4-25-57-35-51-8-26-1-68-9*60-61-43-13-22-19-54-5-37-67*31-1-16-10-55-20-33-22-19-66-29-69*0-3-66-19-36-41-12-4-7-40-46*39-18-54-36-45-34-57-35-51-56*18-54-36-45-58-64-52-8-26-49-15-42*,26.397472704901435,576.0,174,0.0
34753,32-65-5-54-36-45-41-12-25-27*63-21-24-30-26-16-10-17-61-44-14*31-11-68-9-59-17-20-33-22-38*21-63-6-35-34-45-36-38-19-66-3-29-48*4-25-12-41-45-22-13-50-2-14*37-65-5-67-27-25-4-53-46-40*14-2-50-43-20-10-16-26-49-62*46-40-53-47-6-56-8-28-10-59*68-9-59-17-43-50-23-69-3-48-39-32*4-25-57-35-51-8-26-1-68-9*60-61-43-13-22-19-54-5-37-67*31-1-16-10-55-20-33-22-19-66-29-69*0-3-66-19-36-41-12-4-7-40-46*39-18-54-36-45-34-57-35-51-56*18-54-36-45-58-64-52-8-26-49-15-42*,26.44036092349066,571.0,173,0.0
39964,32-65-5-54-36-45-41-12-25-27*63-21-24-30-26-16-10-17-61-44-14*31-11-68-9-59-17-20-33-22-38*21-63-6-35-34-45-36-38-19-66-3-0*4-25-12-41-45-22-13-50-2-14*37-65-5-67-27-25-4-53-46-40*14-2-50-43-20-10-16-26-49-62*46-40-53-47-6-56-8-28-10-59*68-9-59-17-43-50-23-69-3-48-39-32*4-25-57-35-51-8-26-1-68-9*60-61-43-13-22-19-54-5-37-67*31-1-16-10-55-20-33-22-19-66-69*46-40-7-4-12-41-36-19-66-3-29-48*39-18-54-36-45-34-57-35-51-56*18-54-36-45-58-64-52-8-26-49-15-42*,26.458100790688256,567.0,199,0.0
34700,32-65-5-67-27-25-4-53-46-40*63-21-24-30-26-16-10-17-61-44-14*31-11-68-9-59-17-20-33-22-38*63-6-35-34-45-36-38-19-66-3-29-48*4-25-12-41-45-22-13-50-2-14*27-12-25-41-45-36-54-5-65-37*14-2-50-43-20-10-16-26-49-15-42*46-40-53-47-6-56-8-28-10-59*68-59-17-43-50-23-69-3-48-39*4-25-57-35-51-8-26-1-68-9*60-61-43-13-22-19-54-5-37-67*31-1-16-10-55-20-33-22-19-66-29-69*0-3-66-19-36-41-12-4-7-40-46*39-18-54-36-45-34-57-35-51-56*18-54-36-45-58-64-52-8-26-49-62*,26.66723601758931,565.0,173,0.0
34158,32-65-5-67-27-25-4-53-46-40*63-21-24-30-26-16-10-17-61-44-14*31-11-68-9-59-17-20-33-22-38*63-6-35-34-45-36-38-19-66-3-29-48*4-25-12-41-45-22-13-50-2-14*27-25-12-41-45-36-54-5-65-37*14-2-50-43-20-10-16-26-49-15-42*46-40-53-47-6-56-8-28-10-59*68-59-17-43-50-23-69-3-48-39*4-25-57-35-51-8-26-1-68-9*60-61-43-13-22-19-54-5-37-67*31-1-16-10-55-20-33-22-19-66-29-69*0-3-66-19-36-41-12-4-7-40-46*39-18-54-36-45-34-57-35-51-56*18-54-36-45-58-64-52-8-26-30-62*,26.680355316508926,564.0,170,0.0
37699,32-65-5-67-27-25-4-7-46-40*63-21-24-30-26-16-10-17-61-44-14*31-11-68-9-59-17-20-33-22-38*21-63-6-35-34-45-36-38-19-66-3-29-48*53-4-12-25-41-45-22-13-50-2-14*27-25-12-41-45-36-54-5-37-67*2-50-43-20-10-16-26-49-15-62*46-40-7-47-6-56-8-28-10-59*68-9-59-17-43-50-23-69-3-48-39*4-12-25-57-35-51-8-26-1-68-9*37-65-5-54-19-22-13-43-61-60*1-16-10-55-20-33-22-19-69-29-66*0-3-66-19-36-41-12-4-7-40*39-18-54-36-45-34-57-35-51-56*18-54-36-45-58-64-52-8-26-49-42*,26.74913948405385,561.0,188,0.0
35246,32-65-5-67-27-25-4-7-46-40*63-21-24-30-26-16-10-17-61-44-14*31-11-68-9-59-17-20-33-22-38*21-63-6-35-34-45-36-38-19-66-3-29-48*53-4-12-25-41-45-22-13-50-2-14*27-25-12-41-45-36-54-5-37-67*2-50-43-20-10-16-26-49-15-62*46-40-7-47-6-56-8-28-10-59*68-9-59-17-43-50-23-69-3-48-39*4-12-25-57-35-51-8-26-1-68-9*37-65-5-54-19-22-13-43-61-60*1-16-10-55-20-33-22-19-66-29-69*0-3-66-19-36-41-12-4-7-40-46*39-18-54-36-45-34-57-35-51-56*18-54-36-45-58-64-52-8-26-49-42*,26.75500085662221,560.0,176,0.0
37669,39-32-65-5-67-27-25-4-7-46-40*63-21-24-30-26-16-10-17-61-44-14*31-11-68-9-59-17-20-33-22-38*21-63-6-35-34-45-36-38-19-66-3-29-48*4-12-25-41-45-22-13-50-2-14*27-25-12-41-45-36-54-5-37-67*2-50-43-20-10-16-26-49-15-62*46-40-53-47-6-56-8-28-10-59*68-9-59-17-43-50-23-69-3-48-39*4-12-25-57-35-51-8-26-1-68-9*37-65-5-54-19-22-13-43-61-60*1-16-10-55-20-33-22-19-66-3-0*56-51-35-57-34-45-36-19-29-69*39-18-54-36-41-12-4-7-40-46*18-54-36-45-58-64-52-8-26-49-42*,26.757731664390995,558.0,188,0.0
33139,32-65-5-67-27-25-4-7-46-40*63-21-24-30-26-16-10-17-61-44-14*31-11-68-9-59-17-20-33-22-38*21-63-6-35-34-45-36-38-19-66-3-29-48*4-12-25-41-45-22-13-50-2-14*27-25-12-41-45-36-54-5-37-67*2-50-43-20-10-16-26-49-15-62*46-40-53-47-6-56-8-28-10-59*68-9-59-17-43-50-23-69-3-48-39*4-12-25-57-35-51-8-26-1-68-9*37-65-5-54-19-22-13-43-61-60*1-16-10-55-20-33-22-19-66-29-69*0-3-66-19-36-41-12-4-7-40-46*39-18-54-36-45-34-57-35-51-56*18-54-36-45-58-64-52-8-26-49-42*,26.820706375865058,556.0,165,0.0
39870,32-65-5-67-27-25-4-7-46-40*63-21-24-30-26-16-10-17-61-44-14*31-11-68-9-59-17-20-33-22-38*21-63-6-35-34-45-36-38-19-66-3-29-48*4-12-25-41-45-22-13-50-2-14*27-25-12-41-45-36-54-5-37-67*2-50-43-20-10-16-26-49-15-62*46-40-53-47-6-56-8-28-10-59*68-9-59-17-43-50-23-69-3-48-39*4-12-25-57-51-8-26-1-68-9*37-65-5-54-19-22-13-43-61-60*1-16-10-55-20-33-22-19-66-29-69*0-3-66-19-36-41-12-4-7-40-46*39-18-54-36-45-34-57-35-51-56*18-54-36-45-58-64-52-8-26-49-42*,26.844842355555325,555.0,199,0.0
39764,32-65-5-67-27-25-4-7-46-40*63-21-24-30-26-16-10-17-61-44-14*31-11-68-9-59-17-20-33-22-38*21-63-6-35-34-45-36-38-19-66-3-29-48*4-12-25-41-45-22-13-50-2-14*27-25-12-41-45-36-54-5-37-67*2-50-43-20-10-16-26-49-15-62*46-40-53-47-6-56-8-28-10-59*68-9-59-17-43-50-23-69-29-48-39*4-12-25-57-35-51-8-26-1-68-9*37-65-5-54-19-22-13-43-61-60*1-16-10-55-20-33-22-19-66-3-69*0-3-66-19-36-41-12-4-7-40-46*39-18-54-36-45-34-57-35-51-56*18-54-36-45-58-64-52-8-26-49-42*,26.861222010518283,553.0,198,0.0
39266,0-69-3-66-19-36-41-12-4-7-40-46*39-48-29-3-23-50-43-17-9-68*65-5-54-36-45-41-34-51-56-28*32-5-67-27-25-4-53-40-7-46*27-25-12-41-45-36-54-18-32-39*4-25-57-35-51-8-26-16-9-68*9-68-11-1-26-8-56-6-47-53*4-25-12-41-45-22-13-50-2-14*0-50-43-20-10-16-26-30-24-21-63*31-11-9-59-17-20-33-22-38-36*14-44-61-17-10-16-26-49-42-62*60-61-43-33-22-19-54-5-37-67*46-40-7-47-6-56-8-28-10-59*18-54-36-45-58-64-52-8-26-49-15*15-49-26-16-10-55-52-64-58-45*,27.084488908040306,551.0,196,0.0
39900,0-3-66-19-36-41-12-4-7-46*48-29-3-69-23-50-43-17-9-68*65-37-5-54-36-45-34-51-56-28*32-65-5-67-27-25-4-53-40-46*27-25-12-41-45-36-54-18-39-32*4-12-25-41-45-22-13-50-2-14*9-68-11-1-26-8-56-6-47-53*4-25-57-35-51-8-26-16-9-68*0-2-50-43-20-10-16-26-30-24-21-63-6*31-11-9-68-59-17-20-33-22-38*14-44-61-17-10-8-26-49-15-42-62*67-37-5-54-19-22-33-43-61-60*46-40-7-47-6-56-8-28-10-59*18-54-36-45-58-64-52-8-26-49*15-49-26-16-10-55-52-64-58-45*,27.183088720102585,550.0,199,0.0
39232,0-3-66-19-36-41-12-4-7-46*48-29-3-69-23-50-43-17-9-68*65-37-5-54-36-45-34-51-56-28*32-65-5-67-27-25-4-53-40-46*27-12-25-41-45-36-54-18-32-39*4-12-25-41-45-22-13-50-2-14*9-68-11-1-26-8-56-6-47-53*4-25-57-35-51-8-26-16-9-68*0-2-50-43-20-10-16-26-30-24-21-63-6*31-11-9-68-59-17-20-33-22-38*14-44-61-17-10-16-26-49-42-62*67-37-5-54-19-22-33-43-61-60*46-40-7-47-6-56-8-28-10-59*18-54-36-45-58-64-52-8-26-49*15-49-26-16-10-55-52-64-58-45*,27.21313798885872,546.0,196,0.0
35645,0-3-66-19-36-41-12-4-7-46*48-29-3-69-23-50-43-17-9-68*65-37-5-54-36-45-34-51-56-28*32-65-5-67-27-25-4-53-40-46*27-25-12-41-45-36-54-18-39-32*4-12-25-41-45-22-13-50-2-14*9-68-11-1-26-8-56-6-47-53*4-25-57-35-51-8-26-16-9-68*0-2-50-43-20-10-16-26-30-24-21-63*31-11-9-68-59-17-20-33-22-38*14-44-61-17-10-16-26-49-15-62*67-37-5-54-19-22-33-43-61-60*46-40-7-47-6-56-8-28-10-59*18-54-36-45-58-64-52-8-26-49-42*15-49-26-16-10-55-52-64-58-45*,27.359651536468743,545.0,178,0.0
37579,0-3-66-19-36-41-12-4-7-46*48-29-3-69-23-50-43-17-9-68*65-37-5-54-36-45-34-51-56-28*32-65-5-67-27-25-4-53-40-46*27-25-12-41-45-36-54-18-32-39*4-12-25-41-45-22-13-50-2-14*9-68-11-1-26-8-56-6-47-53*4-25-57-35-51-8-26-16-9-68*0-2-50-43-20-10-16-26-30-24-21-63*31-11-9-68-59-17-20-33-22-38*14-44-61-17-10-16-26-49-42-62*67-37-5-54-19-22-33-43-61-60*46-40-7-47-6-56-8-28-10-59*18-54-36-45-58-64-52-8-26-49*15-49-26-16-10-55-52-64-58-45*,27.432277524829065,540.0,187,0.0
40178,0-3-66-19-36-41-12-4-40-46*48-29-69-3-23-50-43-17-59-68*65-37-5-54-36-45-34-51-56-28*32-65-37-67-27-25-4-7-40-46*27-25-12-41-45-36-54-65-5-67*4-12-25-41-45-22-13-50-2-14*9-68-11-1-26-8-56-6-47-53*4-25-57-35-51-8-26-16-9-68*0-2-50-43-20-10-16-26-49-15-42*31-11-9-68-59-17-20-33-22-38*63-21-24-30-26-16-10-17-61-44-14*60-61-43-13-22-19-54-18-39-32*46-40-7-47-6-56-8-28-10-59*18-54-36-45-58-64-52-8-26-49*45-58-64-52-55-10-16-26-49-62*,27.641288152136106,538.0,200,0.0
39144,0-3-66-19-36-41-12-4-40-46*48-29-69-3-23-50-43-17-59-68*37-65-5-54-36-45-34-51-56-28*32-65-5-67-27-25-4-7-40-46*27-25-12-41-45-36-54-5-37-67*4-12-25-41-45-22-13-50-2-14*9-68-11-1-26-8-56-6-47-53*4-25-57-35-51-8-26-16-9-68*0-2-50-43-20-10-16-26-49-42-62*31-11-9-68-59-17-20-33-22-38*63-21-24-30-26-16-10-17-61-44-14*60-61-43-13-22-19-54-18-39-32*46-40-7-47-6-56-8-28-10-59*18-54-36-45-58-64-52-8-26-49*15-49-26-16-10-55-52-64-58-45*,27.717948052352597,537.0,195,0.0
39215,0-3-66-19-36-41-12-4-40-46*48-29-69-3-23-50-43-17-59-68*65-37-5-54-36-45-34-51-56-28*32-37-5-67-27-25-4-7-40-46*27-25-12-41-45-36-54-5-65-67*4-12-25-41-45-22-13-50-2-14*9-68-11-1-26-8-56-6-47-53*4-25-57-35-51-8-26-16-9-68*0-50-43-20-10-16-26-49-42-62*31-11-68-9-59-17-20-33-22-38*63-21-24-30-26-16-10-17-61-44-14*60-61-43-13-22-19-54-18-39-32*46-40-7-47-6-56-8-28-10-59*18-54-36-45-58-64-52-8-26-49*15-49-26-16-10-55-52-64-58-45*,27.765155723534267,536.0,196,0.0
35650,0-3-66-19-36-41-12-4-40-46*48-29-69-3-23-50-43-17-59-68*65-37-5-54-36-45-34-51-56-28*32-65-5-67-27-25-4-7-40-46*27-25-12-41-45-36-54-5-37-67*4-12-25-41-45-22-13-50-2-14*9-68-11-1-26-8-56-6-47-53*4-25-57-35-51-8-26-16-9-68*0-50-43-20-10-16-26-49-42-62*31-11-68-9-59-17-20-33-22-38*63-21-24-30-26-16-10-17-61-44-14*60-61-43-13-22-19-54-18-39-32*46-40-7-47-6-56-8-28-10-59*18-54-36-45-58-64-52-8-26-49*15-49-26-16-10-55-52-64-58-45*,27.768602978968627,534.0,178,0.0
38226,0-3-66-19-36-41-12-4-40-46*48-29-69-3-23-50-43-17-59-68*37-65-5-54-36-45-34-51-56-28*32-65-5-67-27-25-4-7-40-46*27-25-12-41-45-36-54-5-37-67*4-12-25-41-45-22-13-50-2-14*9-68-11-1-26-8-56-6-47-53*4-25-57-35-51-8-26-16-9-68*2-50-43-20-10-16-26-30-24-21-63*31-11-9-68-59-17-20-33-22-38*14-44-61-17-10-16-26-49-42-62*60-61-43-13-22-19-54-18-39-32*46-40-7-47-6-56-28-8-10-59*18-54-36-45-58-64-52-8-26-49*15-49-26-16-10-55-52-64-58-45*,27.897065160396018,533.0,191,0.0
35638,0-3-66-19-36-41-12-4-40-46*48-29-69-3-23-50-43-17-59-68*65-37-5-54-36-45-34-51-56-28*32-65-5-67-27-25-4-7-40-46*27-25-12-41-45-22-13-43-61-60*4-12-25-41-45-36-54-18-39-32*9-68-11-1-26-8-56-6-47-53*4-25-57-35-51-8-26-16-9-68*2-50-43-20-10-16-26-49-42-62*31-11-9-68-59-17-20-33-22-38*63-21-24-30-26-16-10-17-44-14*14-2-50-13-22-19-54-5-37-67*46-40-7-47-6-56-8-28-10-59*18-54-36-45-58-64-52-8-26-49*15-49-26-16-10-55-52-64-58-45*,28.130118317697814,532.0,178,0.0
38499,20-55-10-52-64-58-33-13-50-43*48-29-3-69-23-50-43-17-9-68*63-21-24-30-26-16-10-17-61-44*65-37-5-54-38-22-13-43-61-60*23-0-50-43-20-17-59-9-11-31*14-2-50-43-20-10-16-26-30-62*3-66-38-36-41-12-4-7-40-46*27-25-12-41-45-36-19-66-29-69*39-18-54-36-45-34-57-35-51-56*38-22-33-20-55-16-26-49-42-62*1-16-10-20-33-22-19-18-32-39*68-9-11-1-26-8-56-6-47-53*15-49-26-16-10-55-52-64-58-45*32-65-5-67-27-25-4-53-7-46*46-40-53-47-6-56-8-28-10-59*,28.596089649407894,530.0,192,0.0
39467,20-55-8-52-64-58-33-13-43-50*48-29-3-69-23-50-43-17-9-68*63-21-24-30-26-16-10-17-61-44*65-37-5-54-38-22-13-43-61-60*23-0-50-43-20-17-59-9-11-31*14-2-50-43-20-10-16-26-49-15*3-66-38-36-41-12-4-7-40-46*27-25-12-41-45-36-38-18-32-39*39-18-54-36-45-34-57-35-51-56*38-22-33-20-55-16-26-49-42-62*1-16-10-20-33-22-19-66-29-69*68-9-11-1-26-8-56-6-47-53*45-58-64-52-55-10-16-26-30-62*32-65-5-67-27-25-4-7-40-46*46-40-53-47-6-56-28-8-10-59*,28.907168110810574,527.0,197,0.0
37252,20-55-10-52-64-58-33-13-43-50*48-29-3-69-23-50-43-17-9-68*63-21-24-30-26-16-10-17-61-44*65-37-5-54-38-22-13-43-61-60*23-0-50-43-20-17-59-9-11-31*14-2-50-43-20-10-16-26-49-15*3-66-38-36-41-12-4-7-40-46*27-25-12-41-45-36-38-18-32-39*39-18-54-36-45-34-57-35-51-56*38-22-33-20-55-16-26-49-42-62*1-16-10-20-33-22-19-66-29-69*68-9-11-1-26-8-56-6-47-53*45-58-64-52-55-10-16-26-30-62*32-65-5-67-27-25-4-7-40-46*46-40-53-47-6-56-28-8-10-59*,29.047732027806475,525.0,186,0.0
35686,20-55-10-52-64-58-33-13-43-50*48-29-69-3-23-50-43-17-9-68*63-21-24-30-26-16-10-17-61-44*65-37-5-54-38-22-13-43-61-60*23-0-50-43-20-17-59-9-11-31*14-2-50-43-20-10-16-26-49-15*3-66-38-36-41-12-4-7-40-46*27-25-12-41-45-36-54-18-32-39*39-18-54-36-45-34-57-35-51-56*38-22-33-20-55-16-26-49-42-62*1-16-10-20-33-22-19-66-29-69*68-9-11-1-26-8-56-6-47-53*45-58-64-52-55-10-16-26-30-62*32-65-5-67-27-25-4-7-40-46*46-40-53-47-6-56-28-8-10-59*,29.20922348494681,524.0,178,0.0
39699,20-55-10-52-64-58-33-13-43-50*48-29-69-3-23-50-43-17-9-68*63-21-24-30-26-16-10-17-61-44*65-37-5-54-38-22-13-43-61-60*23-0-50-43-20-17-59-9-11-31*14-2-50-43-20-10-16-26-49-15*3-66-38-36-41-12-4-7-40-46*27-25-12-41-45-36-54-18-32-39*39-18-54-36-45-34-57-35-51-56*38-22-33-20-55-16-26-49-42-62*1-16-10-20-33-22-19-66-69-29*11-9-68-1-26-8-56-6-47-53*45-58-64-52-55-10-16-26-30-62*32-65-5-67-27-25-4-7-40-46*46-40-53-47-6-56-28-8-10-59*,29.228261264582045,523.0,198,0.0
