3_3_Mumford1_GA_Mutations RESULTS EVALUATION:
\
HV:0.7345 | BM:0.7758

\
	Operator	Passenger
\
f1_ATT	31.9478		23.8918
\
f2_TRT	536		1084
\
d_0	21.4265		45.1928
\
d_1	48.5108		51.7483
\
d_2	26.1446		3.0589
\
d_un	3.9181		0.0000

\
Best Operator Route set:
\
[[55, 8, 56, 51, 35, 34, 45, 36, 54, 18, 39],
[29, 48, 66, 19, 38, 36, 45, 34, 35, 51, 56],
[31, 11, 68, 9, 59, 17, 20, 33, 22, 38],
[2, 50, 13, 22, 45, 41, 25, 12, 4, 7],
[27, 41, 34, 58, 64, 52, 20, 17, 61, 44, 60, 14],
[32, 39, 18, 54, 36, 45, 34, 57, 35, 51, 56],
[69, 3, 66, 38, 36, 41, 12, 4, 7, 40, 46],
[39, 18, 54, 36, 45, 34, 57, 35, 51, 56],
[37, 65, 5, 67, 27, 25, 4, 7, 40, 46],
[6, 56, 8, 26, 49, 15, 62, 24, 21, 63],
[32, 39, 18, 54, 36, 45, 34, 57, 35, 51, 56],
[23, 0, 50, 43, 20, 10, 16, 26, 30, 24, 62, 42],
[39, 18, 54, 36, 45, 34, 57, 35, 51, 56],
[55, 8, 56, 51, 35, 34, 45, 36, 54, 18, 39],
[40, 53, 47, 6, 56, 28, 8, 26, 16, 1, 59]]

\
Best Passenger Route set:
\
[[29, 69, 0, 50, 43, 17, 10, 16, 26, 30, 24, 21, 6, 35, 57, 41, 27, 67, 37, 32, 39, 65],
[60, 14, 44, 61, 17, 10, 28, 8, 56, 6, 47, 53, 4],
[19, 18, 32, 39, 48, 3, 69, 23, 50, 43, 17, 59, 1, 49, 15, 42, 62, 21, 6, 56, 51, 41],
[53, 46, 40, 7, 47, 6, 56, 8, 26, 1, 9, 68, 11, 15],
[6, 63, 24, 21, 62, 15, 49, 26, 8, 51, 35, 41, 45, 36, 54, 18, 37, 5, 65],
[1, 26, 30, 21, 63, 6, 35, 34, 41, 45, 36, 38, 69, 3, 66, 18, 67, 27, 25],
[2, 0, 69, 18, 37, 65, 5, 54, 19, 22, 33, 43, 61, 60, 14, 44, 17, 59],
[7, 53, 46, 40, 4, 12, 41, 58, 64, 52, 20, 17, 61, 60, 44, 14],
[14, 2, 0, 23, 69, 66, 19, 36, 41, 25, 4, 7, 46, 40, 12, 27, 67, 37, 65],
[23, 29, 3, 69, 66, 18, 39, 32, 65, 5, 54, 36, 45, 58, 64, 52, 8, 26, 49, 15, 42, 30, 62],
[59, 9, 17, 60, 44, 14, 2, 50, 13, 33, 22, 45, 41, 12, 4, 53, 47],
[29, 66, 38, 22, 33, 58, 64, 52, 10, 55, 20, 13, 50, 43, 61],
[23, 2, 0, 69, 29, 48, 66, 38, 36, 45, 34, 51, 8, 26, 49, 11, 31, 1, 68],
[1, 11, 68, 59, 10, 55, 52, 64, 51, 35, 41, 27, 67, 5, 65],
[59, 9, 31, 1, 16, 10, 55, 20, 33, 22, 38, 19, 66, 48, 39, 32, 54]]

\
Best Operator Route set string:
\
55-8-56-51-35-34-45-36-54-18-39*29-48-66-19-38-36-45-34-35-51-56*31-11-68-9-59-17-20-33-22-38*2-50-13-22-45-41-25-12-4-7*27-41-34-58-64-52-20-17-61-44-60-14*32-39-18-54-36-45-34-57-35-51-56*69-3-66-38-36-41-12-4-7-40-46*39-18-54-36-45-34-57-35-51-56*37-65-5-67-27-25-4-7-40-46*6-56-8-26-49-15-62-24-21-63*32-39-18-54-36-45-34-57-35-51-56*23-0-50-43-20-10-16-26-30-24-62-42*39-18-54-36-45-34-57-35-51-56*55-8-56-51-35-34-45-36-54-18-39*40-53-47-6-56-28-8-26-16-1-59*

\
Best Passenger Route set sting:
\
29-69-0-50-43-17-10-16-26-30-24-21-6-35-57-41-27-67-37-32-39-65*60-14-44-61-17-10-28-8-56-6-47-53-4*19-18-32-39-48-3-69-23-50-43-17-59-1-49-15-42-62-21-6-56-51-41*53-46-40-7-47-6-56-8-26-1-9-68-11-15*6-63-24-21-62-15-49-26-8-51-35-41-45-36-54-18-37-5-65*1-26-30-21-63-6-35-34-41-45-36-38-69-3-66-18-67-27-25*2-0-69-18-37-65-5-54-19-22-33-43-61-60-14-44-17-59*7-53-46-40-4-12-41-58-64-52-20-17-61-60-44-14*14-2-0-23-69-66-19-36-41-25-4-7-46-40-12-27-67-37-65*23-29-3-69-66-18-39-32-65-5-54-36-45-58-64-52-8-26-49-15-42-30-62*59-9-17-60-44-14-2-50-13-33-22-45-41-12-4-53-47*29-66-38-22-33-58-64-52-10-55-20-13-50-43-61*23-2-0-69-29-48-66-38-36-45-34-51-8-26-49-11-31-1-68*1-11-68-59-10-55-52-64-51-35-41-27-67-5-65*59-9-31-1-16-10-55-20-33-22-38-19-66-48-39-32-54*