33_3_Mumford1__ALL_param RESULTS EVALUATION:
\
HV:0.7640 | BM:0.7758

\
	Operator	Passenger
\
f1_ATT	30.1160		22.8040
\
f2_TRT	521		1795
\
d_0	21.2255		55.4048
\
d_1	51.6917		42.9822
\
d_2	24.3260		1.6130
\
d_un	2.7568		0.0000

\
Best Operator Route set:
\
[[25, 27, 67, 5, 54, 19, 69, 3, 29, 48],
[41, 35, 6, 63, 24, 62, 42, 15, 49, 26],
[35, 51, 64, 52, 20, 55, 10, 16, 1, 31],
[64, 51, 35, 34, 25, 12, 40, 46, 53, 47],
[8, 28, 56, 51, 35, 58, 45, 36, 19, 29],
[5, 37, 65, 19, 66, 69, 0, 50, 43, 61],
[21, 24, 30, 26, 1, 16, 10, 20, 43, 50],
[59, 9, 68, 1, 49, 26, 16, 55, 10, 8],
[5, 65, 18, 54, 66, 19, 22, 33, 20, 13],
[28, 56, 8, 26, 16, 1, 11, 9, 59, 10],
[27, 41, 57, 35, 51, 64, 52, 20, 17, 50],
[50, 23, 3, 66, 18, 37, 5, 65, 32, 39],
[40, 7, 4, 25, 41, 58, 64, 52, 55, 10],
[45, 34, 41, 58, 33, 22, 38, 19, 54, 18],
[57, 34, 35, 58, 33, 50, 2, 14, 44, 60]]

\
Best Passenger Route set:
\
[[47, 53, 46, 40, 7, 4, 25, 41, 45, 22, 13, 50, 43, 61, 44, 17, 55, 10, 28, 8, 56, 6, 63, 30, 21, 24, 42, 15, 11, 31],
[25, 57, 34, 35, 64, 52, 20, 33, 50, 23, 3, 69, 18, 32, 65, 5, 54, 19, 22, 13, 43, 17, 9, 68, 11, 31],
[35, 57, 25, 4, 53, 47, 6, 21, 62, 24, 30, 26, 16, 55, 20, 43, 50, 2, 0, 69, 18, 65, 54, 66, 3, 38, 36, 41, 12, 27],
[44, 61, 43, 33, 58, 57, 25, 27, 67, 18, 37, 65, 39, 48, 3, 69, 23, 50, 17, 10, 55, 8, 56, 6, 47, 7, 40, 12],
[24, 62, 42, 15, 11, 68, 9, 16, 26, 8, 51, 58, 45, 36, 54, 18, 39, 48, 3, 0, 2, 14, 61, 17, 59, 10, 55, 20, 13],
[53, 7, 40, 12, 41, 58, 33, 43, 61, 60, 17, 20, 13, 22, 36, 45],
[43, 13, 33, 58, 51, 56, 28, 8, 26, 30, 21, 63, 6, 35, 34, 45, 36, 38, 69, 23, 0, 50, 17, 55, 10, 16, 1, 11, 49, 62],
[4, 12, 25, 27, 67, 65, 37, 5, 54, 38, 66, 69, 23, 2, 14, 44, 61, 17, 59, 1, 49, 15, 62, 24, 63, 6, 35, 34, 57, 41],
[60, 14, 2, 0, 69, 3, 29, 48, 66, 19, 36, 41, 35, 6, 63, 24, 62, 42, 15, 11, 59, 10, 55, 52, 64, 51, 57, 34, 25, 12],
[0, 69, 3, 66, 19, 22, 13, 20, 52, 64, 51, 41, 27, 67, 5, 32, 39, 48, 29, 23, 50, 43, 33, 58, 34, 25, 12, 4, 53, 40],
[4, 7, 46, 40, 12, 25, 57, 35, 58, 33, 50, 2, 14, 61, 43, 13, 22, 45, 34, 51, 8, 10, 55, 52],
[39, 65, 67, 27, 25, 57, 34, 35, 51, 56, 28, 8, 26, 62, 49, 1, 11, 9, 68, 59, 10, 52, 64, 58, 41, 12, 4, 7, 40, 46],
[54, 32, 37, 65, 67, 27, 41, 58, 33, 20, 55, 8, 28, 10, 52, 64, 51, 35, 57, 34, 45, 36, 19, 29, 23, 50, 13, 22, 38, 69],
[48, 29, 69, 38, 66, 19, 18, 65, 37, 67, 27, 25, 34, 51, 56, 8, 26, 1, 31, 11, 9, 17, 60, 44, 14, 2, 0, 23, 3],
[63, 30, 24, 42, 15, 49, 26, 16, 10, 20, 33, 22, 38, 18, 32, 65, 54, 36, 45, 41, 57, 58, 64, 35, 6, 21, 62]]

\
Best Operator Route set string:
\
25-27-67-5-54-19-69-3-29-48*41-35-6-63-24-62-42-15-49-26*35-51-64-52-20-55-10-16-1-31*64-51-35-34-25-12-40-46-53-47*8-28-56-51-35-58-45-36-19-29*5-37-65-19-66-69-0-50-43-61*21-24-30-26-1-16-10-20-43-50*59-9-68-1-49-26-16-55-10-8*5-65-18-54-66-19-22-33-20-13*28-56-8-26-16-1-11-9-59-10*27-41-57-35-51-64-52-20-17-50*50-23-3-66-18-37-5-65-32-39*40-7-4-25-41-58-64-52-55-10*45-34-41-58-33-22-38-19-54-18*57-34-35-58-33-50-2-14-44-60*

\
Best Passenger Route set sting:
\
47-53-46-40-7-4-25-41-45-22-13-50-43-61-44-17-55-10-28-8-56-6-63-30-21-24-42-15-11-31*25-57-34-35-64-52-20-33-50-23-3-69-18-32-65-5-54-19-22-13-43-17-9-68-11-31*35-57-25-4-53-47-6-21-62-24-30-26-16-55-20-43-50-2-0-69-18-65-54-66-3-38-36-41-12-27*44-61-43-33-58-57-25-27-67-18-37-65-39-48-3-69-23-50-17-10-55-8-56-6-47-7-40-12*24-62-42-15-11-68-9-16-26-8-51-58-45-36-54-18-39-48-3-0-2-14-61-17-59-10-55-20-13*53-7-40-12-41-58-33-43-61-60-17-20-13-22-36-45*43-13-33-58-51-56-28-8-26-30-21-63-6-35-34-45-36-38-69-23-0-50-17-55-10-16-1-11-49-62*4-12-25-27-67-65-37-5-54-38-66-69-23-2-14-44-61-17-59-1-49-15-62-24-63-6-35-34-57-41*60-14-2-0-69-3-29-48-66-19-36-41-35-6-63-24-62-42-15-11-59-10-55-52-64-51-57-34-25-12*0-69-3-66-19-22-13-20-52-64-51-41-27-67-5-32-39-48-29-23-50-43-33-58-34-25-12-4-53-40*4-7-46-40-12-25-57-35-58-33-50-2-14-61-43-13-22-45-34-51-8-10-55-52*39-65-67-27-25-57-34-35-51-56-28-8-26-62-49-1-11-9-68-59-10-52-64-58-41-12-4-7-40-46*54-32-37-65-67-27-41-58-33-20-55-8-28-10-52-64-51-35-57-34-45-36-19-29-23-50-13-22-38-69*48-29-69-38-66-19-18-65-37-67-27-25-34-51-56-8-26-1-31-11-9-17-60-44-14-2-0-23-3*63-30-24-42-15-49-26-16-10-20-33-22-38-18-32-65-54-36-45-41-57-58-64-35-6-21-62*