3_3_Mumford1_GA_Mutations RESULTS EVALUATION:
\
HV:0.7162 | BM:0.7758

\
	Operator	Passenger
\
f1_ATT	32.7744		25.2733
\
f2_TRT	505		697
\
d_0	19.7786		33.1622
\
d_1	41.8862		57.8090
\
d_2	32.1067		8.7043
\
d_un	6.2284		0.3245

\
Best Operator Route set:
\
[[12, 41, 34, 57, 35, 51, 8, 26, 49, 15],
[29, 48, 66, 19, 36, 45, 34, 35, 51, 56],
[28, 8, 51, 34, 45, 36, 54, 18, 39, 48],
[37, 65, 5, 67, 27, 25, 4, 7, 40, 46],
[52, 64, 58, 45, 36, 19, 66, 3, 69, 0],
[12, 41, 34, 57, 35, 51, 8, 26, 49, 15],
[1, 16, 26, 30, 63, 6, 47, 53, 7, 40, 46],
[14, 44, 60, 61, 17, 10, 16, 26, 30, 24],
[32, 65, 5, 67, 27, 25, 4, 7, 40, 46],
[6, 56, 8, 26, 49, 15, 42, 62, 24, 63, 21],
[37, 65, 5, 67, 27, 25, 4, 7, 40, 46],
[31, 11, 68, 9, 59, 17, 20, 33, 22, 38],
[2, 50, 13, 22, 45, 41, 12, 25, 4, 53],
[26, 16, 10, 55, 20, 43, 50, 23, 69, 29],
[37, 65, 5, 67, 27, 25, 4, 7, 40, 46]]

\
Best Passenger Route set:
\
[[38, 19, 36, 45, 58, 64, 52, 10, 16, 26, 49, 15, 62],
[21, 63, 6, 35, 34, 45, 36, 38, 69, 48],
[39, 18, 54, 36, 45, 34, 57, 35, 51, 56],
[29, 66, 38, 3, 69, 23, 50, 43, 17, 59, 1, 49],
[4, 25, 57, 34, 35, 51, 8, 26, 1, 9, 68],
[31, 11, 1, 26, 8, 28, 56, 51, 35, 41, 27, 67],
[42, 15, 11, 68, 9, 17, 20, 33, 22, 19, 18, 65, 37],
[60, 17, 9, 59, 10, 28, 8, 56, 6, 47, 7, 40, 46],
[21, 63, 24, 30, 26, 16, 10, 55, 20, 43, 50, 0, 69, 66, 19, 18, 32, 5],
[48, 66, 38, 36, 45, 34, 35, 51, 8, 26, 62, 42],
[14, 2, 50, 13, 22, 45, 41, 12, 4, 7, 40, 46, 53],
[14, 2, 50, 13, 33, 58, 35, 34, 25, 4, 40, 46],
[44, 61, 43, 33, 22, 38, 54, 5, 37, 67],
[12, 25, 41, 35, 64, 52, 20, 17, 44, 61],
[7, 4, 53, 47, 6, 56, 28, 8, 55, 17, 61, 14, 44]]

\
Best Operator Route set string:
\
12-41-34-57-35-51-8-26-49-15*29-48-66-19-36-45-34-35-51-56*28-8-51-34-45-36-54-18-39-48*37-65-5-67-27-25-4-7-40-46*52-64-58-45-36-19-66-3-69-0*12-41-34-57-35-51-8-26-49-15*1-16-26-30-63-6-47-53-7-40-46*14-44-60-61-17-10-16-26-30-24*32-65-5-67-27-25-4-7-40-46*6-56-8-26-49-15-42-62-24-63-21*37-65-5-67-27-25-4-7-40-46*31-11-68-9-59-17-20-33-22-38*2-50-13-22-45-41-12-25-4-53*26-16-10-55-20-43-50-23-69-29*37-65-5-67-27-25-4-7-40-46*

\
Best Passenger Route set sting:
\
38-19-36-45-58-64-52-10-16-26-49-15-62*21-63-6-35-34-45-36-38-69-48*39-18-54-36-45-34-57-35-51-56*29-66-38-3-69-23-50-43-17-59-1-49*4-25-57-34-35-51-8-26-1-9-68*31-11-1-26-8-28-56-51-35-41-27-67*42-15-11-68-9-17-20-33-22-19-18-65-37*60-17-9-59-10-28-8-56-6-47-7-40-46*21-63-24-30-26-16-10-55-20-43-50-0-69-66-19-18-32-5*48-66-38-36-45-34-35-51-8-26-62-42*14-2-50-13-22-45-41-12-4-7-40-46-53*14-2-50-13-33-58-35-34-25-4-40-46*44-61-43-33-22-38-54-5-37-67*12-25-41-35-64-52-20-17-44-61*7-4-53-47-6-56-28-8-55-17-61-14-44*