4_2_Mumford0_GA_Update_mut_ratio RESULTS EVALUATION:
\
HV:0.8099 | BM:0.8087

\
	Operator	Passenger
\
f1_ATT	26.9945		15.5066
\
f2_TRT	97		453
\
d_0	23.7053		71.4607
\
d_1	34.6300		28.5393
\
d_2	25.0555		0.0000
\
d_un	16.6092		0.0000

\
Best Operator Route set:
\
[[15, 10, 2, 27, 7, 20, 14, 11, 17, 19, 12, 8, 26],
[3, 23, 14],
[25, 28, 7],
[4, 20],
[4, 24],
[5, 21],
[18, 0, 22, 17],
[13, 6],
[5, 6, 16, 7],
[1, 3],
[9, 1],
[29, 2]]

\
Best Passenger Route set:
\
[[10, 6, 13, 18, 0, 22, 17, 11, 3, 1, 9, 23],
[24, 3, 9, 1, 23, 14, 11, 25, 28, 16, 10, 15, 21],
[9, 23, 14, 11, 17, 22, 18, 0, 26],
[21, 10, 7, 20, 4, 24, 14, 11, 17, 19, 12, 8, 26],
[20, 4, 1, 3, 9, 23, 14, 7, 27, 29, 2, 15, 6, 13, 0],
[25, 22, 17, 12, 19, 0, 28, 16, 2],
[11, 17, 22],
[5, 6, 13, 18, 12, 19, 17, 28, 25, 7, 4, 23],
[8, 19, 22, 18, 13, 6, 5, 21, 2, 7, 24, 1, 3],
[13, 0, 25, 7, 20],
[26, 8, 19, 17, 28, 16, 27, 29, 2, 21],
[9, 3, 1, 23, 14, 20, 7, 16, 6, 5, 21]]

\
Best Operator Route set string:
\
15-10-2-27-7-20-14-11-17-19-12-8-26*3-23-14*25-28-7*4-20*4-24*5-21*18-0-22-17*13-6*5-6-16-7*1-3*9-1*29-2*

\
Best Passenger Route set sting:
\
10-6-13-18-0-22-17-11-3-1-9-23*24-3-9-1-23-14-11-25-28-16-10-15-21*9-23-14-11-17-22-18-0-26*21-10-7-20-4-24-14-11-17-19-12-8-26*20-4-1-3-9-23-14-7-27-29-2-15-6-13-0*25-22-17-12-19-0-28-16-2*11-17-22*5-6-13-18-12-19-17-28-25-7-4-23*8-19-22-18-13-6-5-21-2-7-24-1-3*13-0-25-7-20*26-8-19-17-28-16-27-29-2-21*9-3-1-23-14-20-7-16-6-5-21*