23_2_Mumford0_SA_Mutations RESULTS EVALUATION:
\
HV:0.7980 | BM:0.8087

\
	Operator	Passenger
\
f1_ATT	33.8896		15.7396
\
f2_TRT	98		629
\
d_0	14.6189		67.7987
\
d_1	29.2378		31.0966
\
d_2	27.3848		1.1047
\
d_un	28.7585		0.0000

\
Best Operator Route set:
\
[[6, 15, 10],
[13, 18, 0, 22, 17],
[17, 12, 19],
[4, 24],
[22, 25, 28],
[2, 27, 7, 20, 24, 1],
[9, 1, 23, 14, 11, 17],
[5, 21, 10, 2, 29],
[0, 26],
[16, 27],
[3, 1],
[12, 8]]

\
Best Passenger Route set:
\
[[17, 18, 0, 28, 25, 11, 3, 4, 24, 20, 14, 23, 1, 9],
[10, 6, 13, 18, 0, 26, 8, 12, 19, 22, 17, 11, 3, 9, 1],
[26, 0, 18, 22, 19, 12, 17, 28, 7, 16, 27, 2, 10, 15],
[9, 1, 24, 20, 7, 25, 0, 18, 13, 6, 5, 21, 10],
[9, 1, 4, 3, 23, 14, 7, 27, 2, 29, 15, 21, 6, 10],
[6, 13, 18, 0, 22, 17, 11, 14, 20, 7, 27, 10, 15, 29, 2],
[11, 3, 1, 23, 14, 20, 24, 4, 7, 25, 0, 12, 8, 19],
[27, 10, 15, 5, 6, 16, 7, 14, 9, 1, 23, 3, 4],
[5, 6, 2, 15, 21, 10, 29, 27, 16, 28, 17, 12, 8],
[21, 6, 16, 28, 25, 22, 19, 18, 0, 17, 11, 14, 1],
[0, 19, 22, 18, 13, 6, 5, 15, 27, 29, 2, 21],
[8, 19, 18, 0, 13, 6, 21, 10, 27, 16, 28, 7, 2, 29, 15]]

\
Best Operator Route set string:
\
6-15-10*13-18-0-22-17*17-12-19*4-24*22-25-28*2-27-7-20-24-1*9-1-23-14-11-17*5-21-10-2-29*0-26*16-27*3-1*12-8*

\
Best Passenger Route set sting:
\
17-18-0-28-25-11-3-4-24-20-14-23-1-9*10-6-13-18-0-26-8-12-19-22-17-11-3-9-1*26-0-18-22-19-12-17-28-7-16-27-2-10-15*9-1-24-20-7-25-0-18-13-6-5-21-10*9-1-4-3-23-14-7-27-2-29-15-21-6-10*6-13-18-0-22-17-11-14-20-7-27-10-15-29-2*11-3-1-23-14-20-24-4-7-25-0-12-8-19*27-10-15-5-6-16-7-14-9-1-23-3-4*5-6-2-15-21-10-29-27-16-28-17-12-8*21-6-16-28-25-22-19-18-0-17-11-14-1*0-19-22-18-13-6-5-15-27-29-2-21*8-19-18-0-13-6-21-10-27-16-28-7-2-29-15*