33_2_Mumford0__ALL_param RESULTS EVALUATION:
\
HV:0.8002 | BM:0.8087

\
	Operator	Passenger
\
f1_ATT	29.6772		15.6187
\
f2_TRT	98		538
\
d_0	15.2473		66.1065
\
d_1	24.1203		33.0547
\
d_2	21.6098		0.8388
\
d_un	39.0227		0.0000

\
Best Operator Route set:
\
[[27, 16],
[20, 7, 14, 23, 9, 3],
[0, 25],
[20, 24],
[28, 25],
[8, 12, 22, 18],
[19, 22, 17],
[26, 0, 18],
[29, 2, 10, 15, 6, 13],
[24, 4],
[5, 21, 10, 27, 7, 25, 11],
[1, 3]]

\
Best Passenger Route set:
\
[[2, 27, 15, 21, 5, 6, 16, 7, 14, 23, 1, 3, 9],
[5, 21, 15, 10, 29, 2, 16, 27],
[3, 1, 23, 14, 7, 2, 29, 27, 15, 6, 13, 0, 12, 8, 19],
[27, 7, 20, 14, 11, 25, 28, 16, 10, 15],
[18, 12, 19, 17, 11, 3, 1, 24, 20, 7, 27, 10, 15, 21],
[5, 21, 2, 10, 6, 13, 18, 19, 12, 8, 26],
[15, 5, 6, 13, 18, 22, 17, 11, 14, 24, 4],
[8, 12, 0, 28, 7, 4, 23, 3, 1, 14, 20, 24],
[25, 22, 17, 28, 7, 27, 15, 21, 6],
[16, 10, 15, 6, 13, 18, 0, 26, 8, 12, 17, 22, 25, 7, 4],
[23, 14, 9, 3, 11, 17, 18, 0, 25, 7, 24, 4, 1],
[14, 24, 23, 9, 3, 4, 7, 16, 10, 21]]

\
Best Operator Route set string:
\
27-16*20-7-14-23-9-3*0-25*20-24*28-25*8-12-22-18*19-22-17*26-0-18*29-2-10-15-6-13*24-4*5-21-10-27-7-25-11*1-3*

\
Best Passenger Route set sting:
\
2-27-15-21-5-6-16-7-14-23-1-3-9*5-21-15-10-29-2-16-27*3-1-23-14-7-2-29-27-15-6-13-0-12-8-19*27-7-20-14-11-25-28-16-10-15*18-12-19-17-11-3-1-24-20-7-27-10-15-21*5-21-2-10-6-13-18-19-12-8-26*15-5-6-13-18-22-17-11-14-24-4*8-12-0-28-7-4-23-3-1-14-20-24*25-22-17-28-7-27-15-21-6*16-10-15-6-13-18-0-26-8-12-17-22-25-7-4*23-14-9-3-11-17-18-0-25-7-24-4-1*14-24-23-9-3-4-7-16-10-21*