22_3_Mumford1_SA_Mut_update RESULTS EVALUATION:
\
HV:0.7362 | BM:0.7758

\
	Operator	Passenger
\
f1_ATT	27.1627		23.4226
\
f2_TRT	548		1505
\
d_0	23.5966		49.6233
\
d_1	56.5423		48.2756
\
d_2	18.7377		2.0824
\
d_un	1.1235		0.0187

\
Best Operator Route set:
\
[[31, 1, 26, 30, 24, 63, 6, 35, 58, 33],
[66, 19, 22, 45, 41, 12, 25, 4, 7, 40, 46],
[3, 69, 0, 2, 14, 44, 60, 61, 17, 20],
[67, 37, 65, 5, 54, 36, 22, 13, 20, 17],
[56, 28, 10, 55, 17, 50, 23, 69, 48, 39],
[35, 64, 51, 41, 27, 67, 37, 65, 32, 39],
[66, 38, 22, 33, 20, 55, 16, 26, 30, 21],
[49, 11, 68, 9, 59, 17, 43, 13, 33, 22],
[48, 3, 69, 38, 36, 45, 34, 57, 51, 56],
[12, 25, 34, 51, 8, 26, 49, 15, 42, 62],
[37, 5, 65, 39, 32, 54, 66, 19, 29, 3],
[52, 8, 28, 56, 6, 47, 53, 40, 46, 7],
[1, 59, 68, 9, 16, 26, 8, 51, 35, 34],
[18, 54, 36, 45, 58, 64, 52, 20, 43, 50, 2],
[21, 24, 62, 42, 15, 11, 68, 59, 10, 8]]

\
Best Passenger Route set:
\
[[53, 46, 7, 4, 12, 25, 41, 36, 38, 66, 3, 69, 0, 2, 23, 29, 19, 22, 33, 58],
[60, 61, 43, 20, 52, 64, 58, 33, 22, 38, 66, 48, 39, 18, 54, 5, 65, 37, 67, 27, 25, 57, 51, 8, 26, 16, 1, 11, 59, 10],
[65, 19, 22, 33, 50, 0, 69, 18, 32, 54, 36, 45, 58, 64, 52, 10, 8, 51, 34, 25, 4, 7, 46, 40, 47, 6, 56, 28],
[29, 69, 38, 22, 33, 58, 35, 6, 63, 24, 42, 15, 49, 26, 8, 51, 34, 45, 36, 19, 66, 48, 39, 65],
[35, 41, 25, 4, 53, 47, 6, 63, 21, 24, 30, 26, 1, 59, 17, 50, 2, 0, 3, 29, 19, 69],
[31, 11, 68, 59, 17, 55, 10, 16, 26, 30, 21, 6, 47, 7, 46, 40],
[6, 63, 30, 42, 15, 11, 9, 59, 10, 20, 33, 22, 19, 54, 18, 37, 65, 32, 39, 48, 3, 23, 2, 14, 44],
[22, 36, 45, 34, 57, 35, 51, 64, 52, 20, 13, 33, 58, 41, 12, 25, 4, 53, 7],
[0, 23, 2, 14, 44, 61, 43, 33, 22, 45, 41, 12, 25, 34, 35, 6, 21, 24],
[39, 48, 29, 66, 19, 22, 33, 20, 55, 8, 56, 51, 34, 57, 25, 27, 12, 40, 53, 47],
[63, 21, 30, 15, 49, 9, 17, 50, 23, 69, 3, 66, 54, 5, 67, 27, 41, 58, 51, 8, 28, 10, 59, 68, 11, 1, 16, 26, 62, 42],
[43, 61, 14, 44, 17, 9, 31, 1, 26, 8, 51, 57, 34, 45, 36, 38, 18, 39, 32, 5, 67, 27, 25, 4, 7, 40, 47, 6, 63, 24],
[63, 24, 30, 62, 21, 6, 35, 58, 41, 27, 67, 5, 18, 66, 69, 23, 2, 14, 60, 17, 55, 16, 9],
[62, 26, 16, 10, 55, 52, 64, 35, 57, 41, 45, 36, 22, 13, 50, 43, 17, 9, 68, 11, 49, 1, 31],
[69, 48, 29, 3, 0, 2, 14, 44, 60, 61, 17, 20, 52, 8, 56, 6, 47, 53, 40, 46]]

\
Best Operator Route set string:
\
31-1-26-30-24-63-6-35-58-33*66-19-22-45-41-12-25-4-7-40-46*3-69-0-2-14-44-60-61-17-20*67-37-65-5-54-36-22-13-20-17*56-28-10-55-17-50-23-69-48-39*35-64-51-41-27-67-37-65-32-39*66-38-22-33-20-55-16-26-30-21*49-11-68-9-59-17-43-13-33-22*48-3-69-38-36-45-34-57-51-56*12-25-34-51-8-26-49-15-42-62*37-5-65-39-32-54-66-19-29-3*52-8-28-56-6-47-53-40-46-7*1-59-68-9-16-26-8-51-35-34*18-54-36-45-58-64-52-20-43-50-2*21-24-62-42-15-11-68-59-10-8*

\
Best Passenger Route set sting:
\
53-46-7-4-12-25-41-36-38-66-3-69-0-2-23-29-19-22-33-58*60-61-43-20-52-64-58-33-22-38-66-48-39-18-54-5-65-37-67-27-25-57-51-8-26-16-1-11-59-10*65-19-22-33-50-0-69-18-32-54-36-45-58-64-52-10-8-51-34-25-4-7-46-40-47-6-56-28*29-69-38-22-33-58-35-6-63-24-42-15-49-26-8-51-34-45-36-19-66-48-39-65*35-41-25-4-53-47-6-63-21-24-30-26-1-59-17-50-2-0-3-29-19-69*31-11-68-59-17-55-10-16-26-30-21-6-47-7-46-40*6-63-30-42-15-11-9-59-10-20-33-22-19-54-18-37-65-32-39-48-3-23-2-14-44*22-36-45-34-57-35-51-64-52-20-13-33-58-41-12-25-4-53-7*0-23-2-14-44-61-43-33-22-45-41-12-25-34-35-6-21-24*39-48-29-66-19-22-33-20-55-8-56-51-34-57-25-27-12-40-53-47*63-21-30-15-49-9-17-50-23-69-3-66-54-5-67-27-41-58-51-8-28-10-59-68-11-1-16-26-62-42*43-61-14-44-17-9-31-1-26-8-51-57-34-45-36-38-18-39-32-5-67-27-25-4-7-40-47-6-63-24*63-24-30-62-21-6-35-58-41-27-67-5-18-66-69-23-2-14-60-17-55-16-9*62-26-16-10-55-52-64-35-57-41-45-36-22-13-50-43-17-9-68-11-49-1-31*69-48-29-3-0-2-14-44-60-61-17-20-52-8-56-6-47-53-40-46*