8_4_Mumford2_GA_Crossover_prob RESULTS EVALUATION:
\
HV:0.6549 | BM:0.6490

\
	Operator	Passenger
\
f1_ATT	33.1301		26.1748
\
f2_TRT	1781		4770
\
d_0	17.0560		47.1895
\
d_1	51.6877		51.4831
\
d_2	27.7704		1.3274
\
d_un	3.4858		0.0000

\
Best Operator Route set:
\
[[21, 28, 59, 27, 101, 55, 80, 58, 74, 60],
[47, 62, 8, 35, 34, 3, 19, 33, 99, 69],
[39, 78, 65, 56, 87, 80, 38, 63, 45, 55],
[23, 9, 92, 64, 11, 73, 106, 57, 40, 37],
[75, 50, 95, 27, 105, 83, 15, 34, 93, 100],
[61, 1, 0, 87, 38, 53, 8, 90, 49, 52, 89],
[23, 9, 92, 64, 11, 73, 106, 57, 40, 37],
[30, 43, 26, 82, 23, 19, 22, 85, 6, 81],
[75, 17, 65, 39, 55, 45, 63, 53, 90, 91],
[55, 45, 63, 53, 8, 90, 91, 52, 89, 109],
[30, 43, 26, 82, 23, 19, 22, 85, 6, 81],
[71, 88, 31, 33, 82, 44, 72, 48, 107, 4],
[48, 72, 92, 18, 93, 34, 15, 2, 45, 55],
[23, 9, 18, 98, 67, 93, 100, 52, 7, 25],
[39, 78, 65, 56, 87, 80, 38, 63, 45, 55],
[30, 43, 26, 82, 23, 19, 22, 85, 6, 81],
[23, 9, 18, 98, 67, 100, 52, 7, 25, 84],
[8, 90, 49, 52, 89, 73, 96, 42, 5, 77],
[27, 105, 94, 85, 22, 19, 82, 26, 30, 29],
[46, 28, 86, 6, 3, 18, 67, 92, 64, 109],
[24, 19, 23, 82, 44, 72, 108, 36, 107, 77],
[39, 78, 65, 56, 87, 80, 38, 63, 45, 55],
[71, 88, 31, 33, 82, 44, 72, 48, 107, 77],
[13, 32, 27, 105, 94, 83, 15, 35, 91, 49],
[39, 78, 65, 56, 87, 80, 38, 63, 45, 55],
[64, 11, 89, 52, 49, 91, 90, 53, 38, 80],
[21, 28, 86, 51, 31, 33, 82, 26, 43, 30],
[67, 93, 34, 15, 2, 45, 55, 39, 65, 78],
[9, 18, 98, 67, 100, 52, 10, 70, 41, 16],
[39, 78, 65, 56, 87, 80, 38, 63, 45, 55],
[55, 45, 63, 53, 8, 90, 91, 52, 89, 109],
[13, 32, 59, 27, 105, 94, 83, 15, 34, 18, 98],
[79, 64, 89, 52, 49, 91, 90, 53, 38, 80],
[39, 78, 65, 56, 87, 80, 38, 63, 45, 55],
[30, 43, 26, 82, 23, 19, 22, 85, 6, 81],
[30, 43, 26, 82, 23, 19, 22, 85, 6, 81],
[30, 43, 26, 82, 23, 19, 22, 85, 6, 81],
[13, 32, 27, 105, 94, 83, 15, 35, 91, 49],
[30, 43, 26, 82, 23, 19, 22, 85, 6, 81],
[75, 50, 95, 27, 105, 83, 15, 34, 93, 100],
[30, 43, 26, 82, 23, 19, 22, 85, 6, 81],
[39, 78, 65, 56, 87, 80, 38, 63, 45, 55],
[52, 100, 18, 66, 3, 54, 6, 86, 51, 102],
[33, 19, 22, 54, 15, 2, 63, 38, 80, 97],
[30, 43, 26, 82, 23, 19, 22, 85, 6, 81],
[30, 43, 26, 82, 23, 19, 22, 85, 6, 81],
[39, 78, 65, 56, 87, 80, 38, 63, 45, 55],
[75, 17, 65, 39, 55, 45, 63, 53, 90, 91],
[76, 14, 33, 19, 22, 54, 15, 2, 63, 38, 80],
[30, 43, 26, 82, 23, 19, 22, 85, 6, 81],
[81, 6, 85, 22, 19, 23, 82, 26, 43, 30],
[21, 59, 27, 101, 55, 45, 63, 38, 74, 60],
[13, 32, 27, 94, 83, 15, 35, 91, 49, 8],
[65, 39, 55, 45, 63, 12, 103, 70, 84, 104],
[55, 45, 63, 53, 8, 90, 91, 52, 89, 109],
[20, 32, 68, 95, 17, 39, 55, 38, 53, 62]]

\
Best Passenger Route set:
\
[[37, 40, 57, 106, 73, 96, 64, 79, 72, 44, 82, 33, 31],
[39, 55, 87, 97, 1, 0, 56, 65, 17, 95, 59, 28, 86, 51, 88, 71, 31, 102, 19, 82, 44, 48],
[31, 88, 102, 14, 76, 69, 99, 33, 19, 22, 54, 15, 2, 45, 38, 80, 97, 87, 39],
[107, 77, 4, 108, 36, 64, 11, 89, 52, 49, 90, 53, 38, 80, 97, 58, 74, 16, 47, 60, 12, 63],
[41, 16, 12, 62, 8, 35, 15, 54, 85, 24, 31, 23],
[58, 97, 1, 61, 0, 80, 38, 63, 8, 90, 49, 52, 89, 106, 11, 96, 64, 79, 48, 92, 9, 23],
[19, 22, 66, 3, 9, 92, 64, 79, 73, 89, 52, 49, 91, 90, 8, 63, 38, 87, 55, 45, 80, 58],
[70, 103, 16, 47, 60, 74, 38, 55, 101, 27, 21, 86, 51, 88, 71, 31, 22, 54, 85, 19, 33],
[65, 78, 17, 56, 39, 87, 80, 58, 38, 63, 53, 90, 49, 91, 52, 89, 109, 11, 106, 57, 37, 84],
[68, 17, 39, 78, 0, 56, 65, 61, 1, 87, 55, 101, 94, 81, 85, 19, 23, 33, 31, 51, 86, 46],
[62, 12, 47, 60, 16, 103, 7, 52, 100, 67, 98, 18, 9, 23, 33, 76, 14, 102, 31, 19, 24],
[43, 69, 99, 76, 31, 71, 86, 6, 85, 54, 34, 35, 8, 62, 103, 70, 104, 7, 84, 25, 10, 52],
[59, 32, 13, 21, 28, 86, 6, 85, 66, 18, 92, 64, 11, 73, 89, 52, 91, 35, 15, 2, 94, 105],
[13, 32, 95, 59, 27, 105, 83, 15, 34, 18, 92, 72, 36, 108, 79, 73, 106, 57, 40, 10, 37, 25],
[78, 39, 65, 17, 32, 59, 68, 75, 20, 95, 27, 105, 94, 85, 19, 33, 99, 69, 76, 31, 102],
[104, 25, 7, 70, 84, 37, 40, 10, 52, 100, 18, 9, 23, 33, 31, 88, 102, 76, 99, 69, 30, 43],
[32, 68, 75, 50, 17, 78, 0, 56, 65, 39, 55, 45, 2, 83, 15, 34, 93, 98, 3, 81, 94, 105],
[29, 30, 43, 26, 82, 19, 22, 85, 94, 27, 95, 78, 65, 17, 50, 32, 20, 68, 13, 21, 59, 28],
[32, 59, 27, 21, 28, 13, 68, 95, 17, 39, 55, 63, 53, 90, 91, 52, 89, 42, 11, 109, 64, 96],
[73, 11, 96, 64, 92, 72, 43, 29, 30, 69, 99, 33, 19, 9, 18, 100, 52, 7, 25, 70, 104],
[30, 43, 69, 14, 33, 19, 22, 54, 15, 2, 45, 63, 38, 80, 97, 0, 39, 17],
[5, 108, 36, 79, 48, 72, 26, 30, 44, 92, 18, 98, 67, 93, 35, 8, 53, 12, 103, 70, 84, 25],
[75, 20, 50, 95, 78, 39, 17, 27, 105, 83, 15, 34, 18, 92, 72, 48, 107, 77, 4, 108, 36, 64],
[51, 46, 21, 32, 59, 27, 105, 83, 15, 35, 49, 91, 52, 89, 106, 42, 96, 11, 5, 77, 4],
[105, 27, 32, 21, 28, 46, 86, 6, 85, 54, 15, 35, 91, 49, 7, 84, 104, 25, 40, 10, 52, 89],
[90, 49, 91, 100, 52, 89, 11, 64, 92, 18, 15, 83, 105, 27, 59, 32, 13, 21, 28, 46],
[57, 37, 40, 7, 103, 62, 53, 45, 55, 39, 17, 95, 50, 20, 68, 59, 27, 94, 85, 54, 6, 81],
[79, 48, 44, 82, 99, 76, 14, 33, 19, 3, 34, 35, 8, 62, 12, 60, 47, 74, 16, 41, 70, 84],
[41, 74, 38, 80, 97, 1, 0, 87, 45, 2, 15, 18, 92, 44, 30, 43, 26],
[13, 50, 65, 56, 61, 1, 0, 87, 55, 101, 94, 105, 81, 6, 24, 22, 19, 31, 14, 76, 99, 33],
[26, 72, 44, 92, 18, 67, 98, 93, 35, 8, 12, 60, 41, 103, 47],
[78, 39, 65, 17, 20, 68, 50, 95, 27, 105, 83, 34, 18, 92, 64, 96, 89, 11, 73, 42, 5, 108],
[29, 30, 43, 72, 79, 64, 11, 89, 52, 10, 70, 7, 49, 90, 91, 8, 35, 15, 83, 3, 66, 18],
[31, 88, 51, 46, 21, 32, 17, 78, 65, 39, 55, 45, 63, 53, 62, 103, 70, 84, 7, 40, 104, 37],
[75, 20, 50, 68, 21, 28, 86, 51, 102, 76, 99, 33, 82, 44, 48],
[24, 86, 51, 71, 88, 31, 19, 9, 18, 100, 52, 7, 84, 104, 40, 57, 42, 5, 36, 72, 79, 48],
[42, 57, 10, 7, 40, 25, 70, 103, 12, 63, 55, 39, 65, 17, 75, 50, 95, 27, 59, 21, 28, 86],
[1, 61, 56, 87, 38, 53, 8, 90, 49, 91, 100, 93, 3, 54, 85, 22, 24, 6, 66, 18, 67, 98],
[66, 93, 67, 98, 18, 92, 64, 96, 42, 5, 77, 107, 108, 36, 72, 44, 82, 33, 31, 102, 14, 76],
[79, 73, 89, 52, 10, 7, 104, 84, 70, 103, 62, 8, 35, 15, 34, 3, 19, 33, 99, 69, 14, 76],
[20, 68, 50, 95, 27, 59, 28, 21, 46, 86, 6, 85, 54, 3, 93, 100, 52, 10, 104, 41, 60, 58],
[78, 0, 87, 97, 80, 38, 55, 101, 94, 105, 81, 6, 22, 19, 33, 99, 69, 76, 14, 31, 23],
[65, 17, 20, 50, 32, 21, 28, 86, 51, 102, 31, 33, 82, 44, 72, 48, 107, 77, 4, 108, 5],
[59, 28, 13, 68, 75, 20, 95, 17, 65, 39, 55, 63, 12, 103, 7, 37, 57, 42, 5, 36, 108],
[28, 59, 95, 68, 32, 20, 17, 39, 55, 63, 8, 90, 91, 49, 52, 89, 11, 73, 96, 42, 5, 107],
[31, 19, 23, 82, 44, 26, 29, 30, 43, 72, 48, 79, 64, 11, 89, 52, 7, 84, 25, 37, 40, 10],
[76, 69, 99, 14, 33, 31, 51, 86, 71, 88, 102, 19, 3, 34, 15, 2, 45, 38, 80, 55, 101],
[2, 94, 6, 24, 31, 51, 71, 88, 102, 19, 9, 18, 67, 100, 52, 7, 84, 104, 25, 70, 103, 16],
[61, 65, 50, 13, 28, 21, 27, 101, 55, 63, 12, 103, 70, 25, 104, 41, 74, 38, 58],
[10, 7, 41, 70, 16, 74, 58, 97, 0, 1, 87, 45, 2, 83, 15, 18, 92, 44, 26, 29, 30, 43],
[79, 108, 107, 4, 36, 64, 92, 18, 34, 15, 83, 94, 27, 95, 50, 65, 78, 39, 56, 87, 0, 97],
[88, 51, 102, 31, 14, 69, 43, 30, 44, 92, 67, 18, 93, 35, 8, 62, 12, 74, 47, 16, 70],
[46, 86, 28, 21, 27, 101, 55, 80, 58, 60, 47, 41, 70, 103, 12, 38, 87, 45, 53, 8],
[88, 31, 51, 86, 28, 21, 27, 94, 83, 15, 18, 92, 64, 11, 73, 42, 5, 107, 36, 72, 48, 44],
[5, 42, 89, 52, 49, 90, 62, 12, 74, 58, 80, 87, 56, 61, 0, 1],
[33, 102, 24, 6, 86, 21, 13, 32, 27, 94, 105, 83, 15, 34, 18, 67, 98, 93, 3, 85, 22]]

\
Best Operator Route set string:
\
21-28-59-27-101-55-80-58-74-60*47-62-8-35-34-3-19-33-99-69*39-78-65-56-87-80-38-63-45-55*23-9-92-64-11-73-106-57-40-37*75-50-95-27-105-83-15-34-93-100*61-1-0-87-38-53-8-90-49-52-89*23-9-92-64-11-73-106-57-40-37*30-43-26-82-23-19-22-85-6-81*75-17-65-39-55-45-63-53-90-91*55-45-63-53-8-90-91-52-89-109*30-43-26-82-23-19-22-85-6-81*71-88-31-33-82-44-72-48-107-4*48-72-92-18-93-34-15-2-45-55*23-9-18-98-67-93-100-52-7-25*39-78-65-56-87-80-38-63-45-55*30-43-26-82-23-19-22-85-6-81*23-9-18-98-67-100-52-7-25-84*8-90-49-52-89-73-96-42-5-77*27-105-94-85-22-19-82-26-30-29*46-28-86-6-3-18-67-92-64-109*24-19-23-82-44-72-108-36-107-77*39-78-65-56-87-80-38-63-45-55*71-88-31-33-82-44-72-48-107-77*13-32-27-105-94-83-15-35-91-49*39-78-65-56-87-80-38-63-45-55*64-11-89-52-49-91-90-53-38-80*21-28-86-51-31-33-82-26-43-30*67-93-34-15-2-45-55-39-65-78*9-18-98-67-100-52-10-70-41-16*39-78-65-56-87-80-38-63-45-55*55-45-63-53-8-90-91-52-89-109*13-32-59-27-105-94-83-15-34-18-98*79-64-89-52-49-91-90-53-38-80*39-78-65-56-87-80-38-63-45-55*30-43-26-82-23-19-22-85-6-81*30-43-26-82-23-19-22-85-6-81*30-43-26-82-23-19-22-85-6-81*13-32-27-105-94-83-15-35-91-49*30-43-26-82-23-19-22-85-6-81*75-50-95-27-105-83-15-34-93-100*30-43-26-82-23-19-22-85-6-81*39-78-65-56-87-80-38-63-45-55*52-100-18-66-3-54-6-86-51-102*33-19-22-54-15-2-63-38-80-97*30-43-26-82-23-19-22-85-6-81*30-43-26-82-23-19-22-85-6-81*39-78-65-56-87-80-38-63-45-55*75-17-65-39-55-45-63-53-90-91*76-14-33-19-22-54-15-2-63-38-80*30-43-26-82-23-19-22-85-6-81*81-6-85-22-19-23-82-26-43-30*21-59-27-101-55-45-63-38-74-60*13-32-27-94-83-15-35-91-49-8*65-39-55-45-63-12-103-70-84-104*55-45-63-53-8-90-91-52-89-109*20-32-68-95-17-39-55-38-53-62*

\
Best Passenger Route set sting:
\
37-40-57-106-73-96-64-79-72-44-82-33-31*39-55-87-97-1-0-56-65-17-95-59-28-86-51-88-71-31-102-19-82-44-48*31-88-102-14-76-69-99-33-19-22-54-15-2-45-38-80-97-87-39*107-77-4-108-36-64-11-89-52-49-90-53-38-80-97-58-74-16-47-60-12-63*41-16-12-62-8-35-15-54-85-24-31-23*58-97-1-61-0-80-38-63-8-90-49-52-89-106-11-96-64-79-48-92-9-23*19-22-66-3-9-92-64-79-73-89-52-49-91-90-8-63-38-87-55-45-80-58*70-103-16-47-60-74-38-55-101-27-21-86-51-88-71-31-22-54-85-19-33*65-78-17-56-39-87-80-58-38-63-53-90-49-91-52-89-109-11-106-57-37-84*68-17-39-78-0-56-65-61-1-87-55-101-94-81-85-19-23-33-31-51-86-46*62-12-47-60-16-103-7-52-100-67-98-18-9-23-33-76-14-102-31-19-24*43-69-99-76-31-71-86-6-85-54-34-35-8-62-103-70-104-7-84-25-10-52*59-32-13-21-28-86-6-85-66-18-92-64-11-73-89-52-91-35-15-2-94-105*13-32-95-59-27-105-83-15-34-18-92-72-36-108-79-73-106-57-40-10-37-25*78-39-65-17-32-59-68-75-20-95-27-105-94-85-19-33-99-69-76-31-102*104-25-7-70-84-37-40-10-52-100-18-9-23-33-31-88-102-76-99-69-30-43*32-68-75-50-17-78-0-56-65-39-55-45-2-83-15-34-93-98-3-81-94-105*29-30-43-26-82-19-22-85-94-27-95-78-65-17-50-32-20-68-13-21-59-28*32-59-27-21-28-13-68-95-17-39-55-63-53-90-91-52-89-42-11-109-64-96*73-11-96-64-92-72-43-29-30-69-99-33-19-9-18-100-52-7-25-70-104*30-43-69-14-33-19-22-54-15-2-45-63-38-80-97-0-39-17*5-108-36-79-48-72-26-30-44-92-18-98-67-93-35-8-53-12-103-70-84-25*75-20-50-95-78-39-17-27-105-83-15-34-18-92-72-48-107-77-4-108-36-64*51-46-21-32-59-27-105-83-15-35-49-91-52-89-106-42-96-11-5-77-4*105-27-32-21-28-46-86-6-85-54-15-35-91-49-7-84-104-25-40-10-52-89*90-49-91-100-52-89-11-64-92-18-15-83-105-27-59-32-13-21-28-46*57-37-40-7-103-62-53-45-55-39-17-95-50-20-68-59-27-94-85-54-6-81*79-48-44-82-99-76-14-33-19-3-34-35-8-62-12-60-47-74-16-41-70-84*41-74-38-80-97-1-0-87-45-2-15-18-92-44-30-43-26*13-50-65-56-61-1-0-87-55-101-94-105-81-6-24-22-19-31-14-76-99-33*26-72-44-92-18-67-98-93-35-8-12-60-41-103-47*78-39-65-17-20-68-50-95-27-105-83-34-18-92-64-96-89-11-73-42-5-108*29-30-43-72-79-64-11-89-52-10-70-7-49-90-91-8-35-15-83-3-66-18*31-88-51-46-21-32-17-78-65-39-55-45-63-53-62-103-70-84-7-40-104-37*75-20-50-68-21-28-86-51-102-76-99-33-82-44-48*24-86-51-71-88-31-19-9-18-100-52-7-84-104-40-57-42-5-36-72-79-48*42-57-10-7-40-25-70-103-12-63-55-39-65-17-75-50-95-27-59-21-28-86*1-61-56-87-38-53-8-90-49-91-100-93-3-54-85-22-24-6-66-18-67-98*66-93-67-98-18-92-64-96-42-5-77-107-108-36-72-44-82-33-31-102-14-76*79-73-89-52-10-7-104-84-70-103-62-8-35-15-34-3-19-33-99-69-14-76*20-68-50-95-27-59-28-21-46-86-6-85-54-3-93-100-52-10-104-41-60-58*78-0-87-97-80-38-55-101-94-105-81-6-22-19-33-99-69-76-14-31-23*65-17-20-50-32-21-28-86-51-102-31-33-82-44-72-48-107-77-4-108-5*59-28-13-68-75-20-95-17-65-39-55-63-12-103-7-37-57-42-5-36-108*28-59-95-68-32-20-17-39-55-63-8-90-91-49-52-89-11-73-96-42-5-107*31-19-23-82-44-26-29-30-43-72-48-79-64-11-89-52-7-84-25-37-40-10*76-69-99-14-33-31-51-86-71-88-102-19-3-34-15-2-45-38-80-55-101*2-94-6-24-31-51-71-88-102-19-9-18-67-100-52-7-84-104-25-70-103-16*61-65-50-13-28-21-27-101-55-63-12-103-70-25-104-41-74-38-58*10-7-41-70-16-74-58-97-0-1-87-45-2-83-15-18-92-44-26-29-30-43*79-108-107-4-36-64-92-18-34-15-83-94-27-95-50-65-78-39-56-87-0-97*88-51-102-31-14-69-43-30-44-92-67-18-93-35-8-62-12-74-47-16-70*46-86-28-21-27-101-55-80-58-60-47-41-70-103-12-38-87-45-53-8*88-31-51-86-28-21-27-94-83-15-18-92-64-11-73-42-5-107-36-72-48-44*5-42-89-52-49-90-62-12-74-58-80-87-56-61-0-1*33-102-24-6-86-21-13-32-27-94-105-83-15-34-18-67-98-93-3-85-22*