33_3_Mumford1__ALL_param RESULTS EVALUATION:
\
HV:0.7554 | BM:0.7758

\
	Operator	Passenger
\
f1_ATT	26.7162		23.0892
\
f2_TRT	533		1588
\
d_0	24.2180		48.9256
\
d_1	59.2912		48.3893
\
d_2	15.9768		2.6197
\
d_un	0.5140		0.0654

\
Best Operator Route set:
\
[[53, 7, 4, 12, 41, 45, 22, 13, 43, 17],
[61, 17, 50, 23, 69, 66, 54, 18, 5, 67],
[14, 2, 50, 33, 58, 34, 25, 4, 40, 46],
[0, 50, 43, 20, 10, 16, 26, 49, 15, 42],
[23, 69, 3, 66, 19, 36, 45, 58, 64, 52],
[65, 37, 5, 54, 36, 41, 34, 35, 51, 56],
[48, 29, 69, 38, 36, 45, 34, 35, 6, 21],
[51, 8, 26, 1, 31, 11, 68, 9, 59, 17],
[68, 9, 16, 26, 8, 56, 6, 47, 53, 4],
[44, 60, 17, 20, 52, 64, 51, 35, 57, 34],
[33, 20, 55, 10, 16, 26, 30, 24, 21, 63],
[9, 68, 59, 10, 52, 64, 58, 41, 25, 27],
[18, 39, 32, 54, 19, 38, 22, 33, 13, 43],
[28, 8, 52, 55, 10, 16, 1, 11, 9, 68],
[65, 54, 36, 45, 58, 51, 8, 26, 62, 42]]

\
Best Passenger Route set:
\
[[40, 53, 4, 25, 57, 58, 35, 6, 21, 24, 30, 26, 16, 55, 20, 43, 50, 0, 69, 3, 66, 29, 19, 18, 54, 65, 37, 32, 39, 48],
[14, 44, 17, 59, 1, 49, 62, 24, 63, 6, 35, 41, 36, 19, 66, 3, 23, 0, 2],
[39, 18, 54, 36, 22, 33, 58, 51, 56, 28, 8, 26, 16, 9, 68, 59, 10, 55, 20, 13],
[27, 25, 57, 35, 64, 52, 20, 55, 8, 56, 51, 34, 58, 41, 12, 4, 7, 46, 53, 40],
[34, 45, 36, 19, 66, 3, 48, 29, 69, 23, 50, 17, 9, 11, 15, 30, 26, 16, 10, 52, 64, 58, 41, 27, 67, 37, 65, 18, 38, 22],
[46, 40, 12, 27, 67, 5, 18, 54, 38, 66, 69, 23, 2, 14, 60, 61, 17, 20, 52, 64, 51, 57, 41, 34, 35, 6, 21, 30, 63],
[7, 47, 40, 12, 27, 67, 37, 65, 5, 54, 66, 48, 39, 32, 18, 19, 22, 13, 20, 10, 17, 50, 23, 3, 38],
[60, 14, 2, 0, 50, 13, 33, 22, 19, 66, 38, 36, 41, 51, 8, 28, 10, 55, 52, 64, 35, 34, 25, 12, 27, 67],
[53, 46, 40, 4, 25, 34, 58, 33, 13, 43, 61, 60, 44],
[46, 40, 12, 25, 57, 34, 35, 51, 56, 8, 10, 17, 44, 14, 2, 50, 33, 58, 45, 41, 27, 67, 65, 32, 39, 48, 29, 3, 0],
[21, 30, 63, 24, 62, 26, 16, 1, 31, 9, 59, 10, 8, 56, 6, 47, 40, 46, 7, 4, 25, 27, 67, 5, 18, 19, 3, 69, 66, 38],
[31, 11, 9, 17, 43, 33, 22, 19, 54, 5, 65, 32, 39, 48, 29, 69, 38, 36, 41, 25, 4, 53, 47, 40, 7],
[64, 58, 33, 43, 61, 60, 44, 14, 2, 0, 69, 18, 19, 36, 41, 51, 8, 26, 49, 15, 42, 24, 21, 30, 62],
[27, 25, 34, 51, 8, 26, 1, 11, 68, 9, 59, 10, 55, 52, 64, 58, 45, 36, 38, 18, 5, 37, 67],
[28, 10, 59, 1, 26, 8, 56, 51, 41, 27, 67, 37, 5, 32, 39, 48, 66, 38, 22, 33, 20, 17, 9, 11, 49, 42, 62, 30, 15]]

\
Best Operator Route set string:
\
53-7-4-12-41-45-22-13-43-17*61-17-50-23-69-66-54-18-5-67*14-2-50-33-58-34-25-4-40-46*0-50-43-20-10-16-26-49-15-42*23-69-3-66-19-36-45-58-64-52*65-37-5-54-36-41-34-35-51-56*48-29-69-38-36-45-34-35-6-21*51-8-26-1-31-11-68-9-59-17*68-9-16-26-8-56-6-47-53-4*44-60-17-20-52-64-51-35-57-34*33-20-55-10-16-26-30-24-21-63*9-68-59-10-52-64-58-41-25-27*18-39-32-54-19-38-22-33-13-43*28-8-52-55-10-16-1-11-9-68*65-54-36-45-58-51-8-26-62-42*

\
Best Passenger Route set sting:
\
40-53-4-25-57-58-35-6-21-24-30-26-16-55-20-43-50-0-69-3-66-29-19-18-54-65-37-32-39-48*14-44-17-59-1-49-62-24-63-6-35-41-36-19-66-3-23-0-2*39-18-54-36-22-33-58-51-56-28-8-26-16-9-68-59-10-55-20-13*27-25-57-35-64-52-20-55-8-56-51-34-58-41-12-4-7-46-53-40*34-45-36-19-66-3-48-29-69-23-50-17-9-11-15-30-26-16-10-52-64-58-41-27-67-37-65-18-38-22*46-40-12-27-67-5-18-54-38-66-69-23-2-14-60-61-17-20-52-64-51-57-41-34-35-6-21-30-63*7-47-40-12-27-67-37-65-5-54-66-48-39-32-18-19-22-13-20-10-17-50-23-3-38*60-14-2-0-50-13-33-22-19-66-38-36-41-51-8-28-10-55-52-64-35-34-25-12-27-67*53-46-40-4-25-34-58-33-13-43-61-60-44*46-40-12-25-57-34-35-51-56-8-10-17-44-14-2-50-33-58-45-41-27-67-65-32-39-48-29-3-0*21-30-63-24-62-26-16-1-31-9-59-10-8-56-6-47-40-46-7-4-25-27-67-5-18-19-3-69-66-38*31-11-9-17-43-33-22-19-54-5-65-32-39-48-29-69-38-36-41-25-4-53-47-40-7*64-58-33-43-61-60-44-14-2-0-69-18-19-36-41-51-8-26-49-15-42-24-21-30-62*27-25-34-51-8-26-1-11-68-9-59-10-55-52-64-58-45-36-38-18-5-37-67*28-10-59-1-26-8-56-51-41-27-67-37-5-32-39-48-66-38-22-33-20-17-9-11-49-42-62-30-15*