33_3_Mumford1__ALL_param RESULTS EVALUATION:
\
HV:0.7597 | BM:0.7758

\
	Operator	Passenger
\
f1_ATT	26.2611		22.9461
\
f2_TRT	531		1582
\
d_0	25.8809		50.3917
\
d_1	56.3055		48.0357
\
d_2	17.4377		1.5726
\
d_un	0.3759		0.0000

\
Best Operator Route set:
\
[[28, 8, 55, 20, 33, 22, 19, 66, 3, 69],
[8, 52, 64, 58, 45, 36, 54, 18, 32, 39],
[60, 61, 17, 20, 52, 64, 51, 57, 34, 41],
[44, 17, 10, 8, 56, 6, 47, 7, 40, 46],
[10, 16, 26, 30, 24, 63, 6, 47, 53, 4],
[14, 2, 50, 13, 33, 58, 34, 35, 51, 56],
[37, 65, 18, 54, 38, 22, 13, 43, 17, 59],
[21, 24, 62, 42, 15, 49, 1, 16, 10, 55],
[0, 2, 50, 43, 20, 10, 28, 56, 6, 63],
[12, 25, 34, 51, 8, 26, 49, 11, 9, 68],
[20, 17, 9, 68, 11, 31, 1, 26, 16, 55],
[3, 66, 38, 36, 41, 25, 4, 7, 40, 46],
[39, 48, 29, 69, 23, 50, 17, 59, 1, 26],
[48, 66, 19, 36, 45, 34, 35, 6, 63, 21],
[3, 66, 19, 54, 5, 37, 67, 27, 25, 12]]

\
Best Passenger Route set:
\
[[31, 9, 68, 11, 49, 62, 24, 21, 6, 56, 8, 52, 20, 13, 50, 23, 69, 19, 54, 18, 39, 48, 3, 38, 22, 33],
[34, 57, 51, 8, 26, 16, 9, 68, 59, 10, 52, 64, 58, 45, 41, 12, 40, 46, 7],
[62, 21, 63, 24, 42, 15, 49, 26, 8, 51, 41, 27, 67, 37, 65, 54, 36, 45, 34, 57],
[29, 3, 0, 50, 43, 20, 55, 52, 64, 35, 41, 27, 67, 65, 39, 48, 66, 19, 36, 45, 34, 51, 8, 26, 1, 31, 11],
[67, 65, 54, 36, 41, 58, 33, 50, 2, 14, 44, 17, 9, 11, 15, 42, 24, 63, 6, 35, 34, 25, 57, 51, 64, 52],
[11, 49, 26, 16, 10, 17, 55, 8, 56, 6, 47, 53, 4, 12, 41, 36, 38, 3, 69, 18, 54, 65],
[5, 65, 39, 48, 69, 0, 2, 23, 3, 66, 19, 22, 33, 58, 34, 25, 4, 7, 40, 47, 6, 56, 28, 10, 52, 55, 16, 1, 26, 30],
[22, 38, 54, 18, 66, 29, 23, 0, 69, 19, 65, 37, 67, 27, 25, 4, 40, 46, 53, 7, 47, 6],
[13, 22, 36, 19, 18, 67, 5, 54, 66, 3, 23, 50, 43, 61, 60, 17, 20, 52, 64, 35, 51, 56, 28, 8, 26, 49, 11, 59, 9, 68],
[14, 44, 60, 61, 17, 59, 1, 49, 15, 42, 62, 26, 16, 10, 20, 33, 22, 19, 18, 32, 65, 37, 5, 54, 38, 69, 23, 0],
[46, 40, 4, 25, 57, 35, 64, 52, 10, 17, 43, 33, 58, 51, 34, 41, 45, 22, 13, 20, 55, 8, 28],
[37, 65, 5, 18, 32, 39, 48, 69, 38, 22, 33, 58, 57, 25, 4, 7, 40, 12, 41, 35, 51, 64, 52, 8, 10, 16, 1, 68, 9, 49],
[63, 30, 15, 62, 26, 8, 52, 64, 58, 45, 22, 13, 43, 61, 60, 44, 14, 2, 23],
[58, 34, 45, 36, 38, 3, 29, 48, 66, 18, 65, 19, 69, 0, 50, 17, 59, 1, 26, 30, 24, 21, 63, 6, 47, 53, 46, 40],
[30, 24, 21, 6, 35, 58, 45, 36, 54, 32, 39, 48, 29, 69, 23, 50, 17, 9, 68, 11, 15, 42, 62]]

\
Best Operator Route set string:
\
28-8-55-20-33-22-19-66-3-69*8-52-64-58-45-36-54-18-32-39*60-61-17-20-52-64-51-57-34-41*44-17-10-8-56-6-47-7-40-46*10-16-26-30-24-63-6-47-53-4*14-2-50-13-33-58-34-35-51-56*37-65-18-54-38-22-13-43-17-59*21-24-62-42-15-49-1-16-10-55*0-2-50-43-20-10-28-56-6-63*12-25-34-51-8-26-49-11-9-68*20-17-9-68-11-31-1-26-16-55*3-66-38-36-41-25-4-7-40-46*39-48-29-69-23-50-17-59-1-26*48-66-19-36-45-34-35-6-63-21*3-66-19-54-5-37-67-27-25-12*

\
Best Passenger Route set sting:
\
31-9-68-11-49-62-24-21-6-56-8-52-20-13-50-23-69-19-54-18-39-48-3-38-22-33*34-57-51-8-26-16-9-68-59-10-52-64-58-45-41-12-40-46-7*62-21-63-24-42-15-49-26-8-51-41-27-67-37-65-54-36-45-34-57*29-3-0-50-43-20-55-52-64-35-41-27-67-65-39-48-66-19-36-45-34-51-8-26-1-31-11*67-65-54-36-41-58-33-50-2-14-44-17-9-11-15-42-24-63-6-35-34-25-57-51-64-52*11-49-26-16-10-17-55-8-56-6-47-53-4-12-41-36-38-3-69-18-54-65*5-65-39-48-69-0-2-23-3-66-19-22-33-58-34-25-4-7-40-47-6-56-28-10-52-55-16-1-26-30*22-38-54-18-66-29-23-0-69-19-65-37-67-27-25-4-40-46-53-7-47-6*13-22-36-19-18-67-5-54-66-3-23-50-43-61-60-17-20-52-64-35-51-56-28-8-26-49-11-59-9-68*14-44-60-61-17-59-1-49-15-42-62-26-16-10-20-33-22-19-18-32-65-37-5-54-38-69-23-0*46-40-4-25-57-35-64-52-10-17-43-33-58-51-34-41-45-22-13-20-55-8-28*37-65-5-18-32-39-48-69-38-22-33-58-57-25-4-7-40-12-41-35-51-64-52-8-10-16-1-68-9-49*63-30-15-62-26-8-52-64-58-45-22-13-43-61-60-44-14-2-23*58-34-45-36-38-3-29-48-66-18-65-19-69-0-50-17-59-1-26-30-24-21-63-6-47-53-46-40*30-24-21-6-35-58-45-36-54-32-39-48-29-69-23-50-17-9-68-11-15-42-62*