2_3_Mumford1_GA_Crossover RESULTS EVALUATION:
\
HV:0.7662 | BM:0.7758

\
	Operator	Passenger
\
f1_ATT	37.3926		24.0043
\
f2_TRT	460		927
\
d_0	18.6759		42.1219
\
d_1	35.6225		55.2802
\
d_2	26.1524		2.5979
\
d_un	19.5492		0.0000

\
Best Operator Route set:
\
[[2, 0, 69, 3, 66, 19, 38, 22, 33, 13],
[14, 44, 60, 61, 17, 10, 16, 26, 49, 15],
[39, 32, 18, 54, 36, 45, 34, 57, 35, 51],
[31, 11, 9, 68, 1, 26, 49, 15, 42, 62],
[59, 9, 68, 11, 1, 26, 49, 15, 42, 62],
[47, 6, 56, 28, 8, 26, 1, 11, 68, 9],
[38, 36, 45, 41, 25, 12, 4, 7, 40, 53],
[69, 3, 23, 50, 43, 20, 55, 16, 26, 49],
[28, 8, 52, 64, 58, 45, 36, 54, 5, 37],
[31, 11, 9, 68, 1, 26, 49, 15, 42, 62],
[69, 29, 48, 66, 19, 38, 36, 45, 34, 57],
[46, 40, 7, 4, 25, 27, 67, 5, 65, 32],
[31, 11, 9, 68, 1, 26, 30, 24, 21, 63],
[39, 32, 18, 54, 36, 45, 34, 57, 35, 51],
[31, 11, 9, 68, 1, 26, 49, 15, 42, 62]]

\
Best Passenger Route set:
\
[[54, 32, 39, 18, 19, 38, 22, 33, 20, 17, 9, 11, 31],
[60, 14, 2, 50, 13, 22, 45, 41, 25, 12, 4, 40],
[53, 46, 7, 47, 6, 63, 24, 30, 26, 1, 31, 11],
[69, 18, 67, 37, 65, 5, 54, 36, 22, 13],
[65, 39, 48, 69, 0, 50, 43, 20, 55, 10, 16, 26, 30, 24, 63, 21, 6, 35, 58, 33, 13],
[4, 53, 47, 6, 56, 8, 28, 10, 17, 61, 44, 14],
[46, 40, 4, 25, 57, 35, 51, 64, 52, 20, 17, 61, 43, 13],
[63, 30, 42, 15, 49, 26, 8, 51, 41, 45, 36, 54, 18, 39, 48, 29, 23, 50, 17],
[62, 26, 16, 55, 52, 64, 58, 45, 36, 54, 65, 32],
[47, 53, 4, 25, 41, 36, 38, 69, 23, 0, 2, 50, 17, 55, 20],
[5, 32, 39, 48, 3, 69, 23, 50, 43, 17, 59, 1, 49, 15, 42, 24, 63],
[29, 3, 66, 19, 36, 45, 41, 25, 4, 7, 46],
[40, 7, 47, 6, 56, 28, 8, 26, 49, 11, 68, 59, 10, 20, 13, 33, 58, 41, 57, 34, 45],
[48, 3, 66, 38, 36, 45, 34, 35, 51, 56, 28, 8, 26, 16, 1, 9, 17, 60],
[42, 62, 21, 63, 6, 35, 41, 27, 67, 37, 5, 54, 38, 22, 33, 43, 61, 60, 44, 17, 20]]

\
Best Operator Route set string:
\
2-0-69-3-66-19-38-22-33-13*14-44-60-61-17-10-16-26-49-15*39-32-18-54-36-45-34-57-35-51*31-11-9-68-1-26-49-15-42-62*59-9-68-11-1-26-49-15-42-62*47-6-56-28-8-26-1-11-68-9*38-36-45-41-25-12-4-7-40-53*69-3-23-50-43-20-55-16-26-49*28-8-52-64-58-45-36-54-5-37*31-11-9-68-1-26-49-15-42-62*69-29-48-66-19-38-36-45-34-57*46-40-7-4-25-27-67-5-65-32*31-11-9-68-1-26-30-24-21-63*39-32-18-54-36-45-34-57-35-51*31-11-9-68-1-26-49-15-42-62*

\
Best Passenger Route set sting:
\
54-32-39-18-19-38-22-33-20-17-9-11-31*60-14-2-50-13-22-45-41-25-12-4-40*53-46-7-47-6-63-24-30-26-1-31-11*69-18-67-37-65-5-54-36-22-13*65-39-48-69-0-50-43-20-55-10-16-26-30-24-63-21-6-35-58-33-13*4-53-47-6-56-8-28-10-17-61-44-14*46-40-4-25-57-35-51-64-52-20-17-61-43-13*63-30-42-15-49-26-8-51-41-45-36-54-18-39-48-29-23-50-17*62-26-16-55-52-64-58-45-36-54-65-32*47-53-4-25-41-36-38-69-23-0-2-50-17-55-20*5-32-39-48-3-69-23-50-43-17-59-1-49-15-42-24-63*29-3-66-19-36-45-41-25-4-7-46*40-7-47-6-56-28-8-26-49-11-68-59-10-20-13-33-58-41-57-34-45*48-3-66-38-36-45-34-35-51-56-28-8-26-16-1-9-17-60*42-62-21-63-6-35-41-27-67-37-5-54-38-22-33-43-61-60-44-17-20*