23_2_Mumford0_SA_Mutations RESULTS EVALUATION:
\
HV:0.7880 | BM:0.8087

\
	Operator	Passenger
\
f1_ATT	34.8767		15.9905
\
f2_TRT	98		451
\
d_0	14.7767		62.2019
\
d_1	28.6942		37.4503
\
d_2	27.4112		0.3478
\
d_un	29.1180		0.0000

\
Best Operator Route set:
\
[[6, 15, 10],
[13, 18, 0, 22, 17],
[17, 12, 8],
[4, 24],
[22, 25, 28],
[2, 27, 7, 20, 24, 1],
[1, 9, 23, 14, 11, 17],
[5, 21, 10, 2, 29],
[0, 26],
[16, 27],
[3, 1],
[12, 19]]

\
Best Passenger Route set:
\
[[8, 12, 0, 13, 6, 5, 21, 10, 2, 27],
[4, 3, 11, 17, 19, 18, 0, 12, 8],
[24, 23, 1, 3, 9, 14, 7, 16, 6, 21, 5, 15, 29],
[3, 24, 7, 2],
[11, 3, 24, 1, 23, 14, 7, 10, 15, 6],
[2, 16],
[5, 15, 10, 7, 20, 14, 11, 17, 22, 18, 0, 13, 6, 16, 27],
[3, 11, 17, 0, 13, 6, 2, 10, 27, 16, 28, 25, 22, 18],
[1, 23, 20, 24, 14, 3],
[12, 19, 17, 11, 3, 1, 24, 4, 7, 28, 0, 26, 8],
[9, 23, 14, 11, 25, 28, 0, 17, 19, 8],
[26, 8, 12, 19, 22, 25, 7, 27, 29, 2]]

\
Best Operator Route set string:
\
6-15-10*13-18-0-22-17*17-12-8*4-24*22-25-28*2-27-7-20-24-1*1-9-23-14-11-17*5-21-10-2-29*0-26*16-27*3-1*12-19*

\
Best Passenger Route set sting:
\
8-12-0-13-6-5-21-10-2-27*4-3-11-17-19-18-0-12-8*24-23-1-3-9-14-7-16-6-21-5-15-29*3-24-7-2*11-3-24-1-23-14-7-10-15-6*2-16*5-15-10-7-20-14-11-17-22-18-0-13-6-16-27*3-11-17-0-13-6-2-10-27-16-28-25-22-18*1-23-20-24-14-3*12-19-17-11-3-1-24-4-7-28-0-26-8*9-23-14-11-25-28-0-17-19-8*26-8-12-19-22-25-7-27-29-2*