3_3_Mumford1_GA_Mutations RESULTS EVALUATION:
\
HV:0.7100 | BM:0.7758

\
	Operator	Passenger
\
f1_ATT	32.6654		25.4488
\
f2_TRT	508		670
\
d_0	19.8980		33.8194
\
d_1	49.3227		58.0073
\
d_2	28.2826		7.8539
\
d_un	2.4967		0.3193

\
Best Operator Route set:
\
[[36, 45, 58, 64, 52, 8, 26, 49, 15, 42, 62, 21],
[29, 3, 66, 19, 38, 36, 45, 58, 64, 52],
[29, 3, 66, 19, 38, 36, 45, 58, 64, 52],
[29, 3, 66, 19, 38, 36, 45, 58, 64, 52],
[0, 2, 50, 13, 22, 45, 41, 12, 25, 4, 53],
[14, 44, 61, 17, 59, 1, 16, 26, 30, 24],
[29, 3, 66, 19, 38, 36, 45, 58, 64, 52],
[48, 29, 69, 23, 50, 43, 17, 59, 9, 68],
[48, 29, 69, 23, 50, 43, 17, 59, 9, 68],
[46, 40, 7, 4, 25, 27, 67, 5, 37, 65, 32],
[40, 7, 53, 47, 6, 63, 24, 30, 26, 1, 31, 11],
[32, 18, 54, 19, 38, 22, 33, 43, 61, 60],
[39, 18, 54, 36, 45, 34, 57, 35, 51, 56, 28],
[29, 3, 66, 19, 38, 36, 45, 58, 64, 52],
[22, 33, 20, 55, 10, 16, 26, 49, 15, 42]]

\
Best Passenger Route set:
\
[[40, 4, 25, 57, 35, 51, 64, 52, 20, 17, 61, 43, 13],
[14, 2, 50, 13, 22, 45, 41, 25, 12, 4, 7, 40],
[11, 9, 59, 17, 20, 33, 22, 19, 54, 5, 37],
[46, 7, 47, 6, 63, 24, 30, 26, 16, 1, 31, 11],
[32, 65, 5, 67, 27, 25, 4, 7, 40, 46],
[26, 16, 55, 52, 64, 58, 45, 36, 54, 18, 39, 32],
[24, 21, 63, 6, 35, 57, 34, 41, 27, 67, 37],
[12, 41, 34, 57, 35, 51, 8, 26, 49, 15],
[14, 44, 60, 17, 50, 0, 23, 69, 38, 36, 41, 25, 4, 7, 46],
[0, 2, 50, 43, 20, 55, 10, 16, 26, 30, 24, 21, 63],
[14, 44, 17, 10, 8, 28, 56, 6, 47, 53],
[0, 69, 19, 38, 36, 45, 58, 64, 52, 8, 26, 62, 42],
[48, 3, 66, 19, 36, 45, 34, 57, 35, 6, 47, 53, 40],
[29, 3, 69, 23, 50, 43, 17, 59, 1, 49, 15, 42],
[31, 11, 9, 68, 1, 26, 8, 56, 51, 41, 27, 67]]

\
Best Operator Route set string:
\
36-45-58-64-52-8-26-49-15-42-62-21*29-3-66-19-38-36-45-58-64-52*29-3-66-19-38-36-45-58-64-52*29-3-66-19-38-36-45-58-64-52*0-2-50-13-22-45-41-12-25-4-53*14-44-61-17-59-1-16-26-30-24*29-3-66-19-38-36-45-58-64-52*48-29-69-23-50-43-17-59-9-68*48-29-69-23-50-43-17-59-9-68*46-40-7-4-25-27-67-5-37-65-32*40-7-53-47-6-63-24-30-26-1-31-11*32-18-54-19-38-22-33-43-61-60*39-18-54-36-45-34-57-35-51-56-28*29-3-66-19-38-36-45-58-64-52*22-33-20-55-10-16-26-49-15-42*

\
Best Passenger Route set sting:
\
40-4-25-57-35-51-64-52-20-17-61-43-13*14-2-50-13-22-45-41-25-12-4-7-40*11-9-59-17-20-33-22-19-54-5-37*46-7-47-6-63-24-30-26-16-1-31-11*32-65-5-67-27-25-4-7-40-46*26-16-55-52-64-58-45-36-54-18-39-32*24-21-63-6-35-57-34-41-27-67-37*12-41-34-57-35-51-8-26-49-15*14-44-60-17-50-0-23-69-38-36-41-25-4-7-46*0-2-50-43-20-55-10-16-26-30-24-21-63*14-44-17-10-8-28-56-6-47-53*0-69-19-38-36-45-58-64-52-8-26-62-42*48-3-66-19-36-45-34-57-35-6-47-53-40*29-3-69-23-50-43-17-59-1-49-15-42*31-11-9-68-1-26-8-56-51-41-27-67*