33_3_Mumford1__ALL_param RESULTS EVALUATION:
\
HV:0.7654 | BM:0.7758

\
	Operator	Passenger
\
f1_ATT	27.9497		22.8180
\
f2_TRT	519		1708
\
d_0	22.7976		52.4196
\
d_1	53.7741		45.7270
\
d_2	21.7167		1.8534
\
d_un	1.7117		0.0000

\
Best Operator Route set:
\
[[0, 2, 14, 44, 60, 61, 17, 20, 52, 8],
[29, 3, 38, 36, 45, 58, 64, 52, 10, 59],
[27, 12, 25, 57, 35, 51, 64, 52, 55, 10],
[13, 43, 20, 55, 16, 26, 30, 24, 42, 15],
[41, 34, 51, 8, 26, 16, 9, 68, 11, 31],
[32, 54, 19, 66, 3, 48, 39, 18, 5, 65],
[58, 35, 6, 63, 21, 24, 62, 42, 15, 49],
[66, 19, 38, 36, 45, 34, 57, 35, 51, 56],
[69, 48, 39, 65, 37, 5, 54, 36, 41, 35],
[29, 69, 38, 36, 41, 25, 4, 53, 47, 6],
[26, 1, 16, 10, 28, 8, 51, 35, 34, 57],
[24, 63, 6, 56, 8, 52, 64, 58, 34, 57],
[13, 43, 50, 23, 69, 66, 19, 54, 5, 67],
[2, 50, 33, 58, 41, 12, 4, 7, 40, 46],
[18, 54, 19, 22, 33, 20, 10, 16, 26, 49]]

\
Best Passenger Route set:
\
[[65, 5, 67, 27, 12, 4, 40, 47, 6, 21, 24, 30, 26, 16, 10, 20, 43, 50, 2, 0, 69, 29, 48, 39, 18, 19, 54, 32, 37],
[30, 62, 24, 42, 49, 26, 16, 55, 20, 33, 22, 19, 65, 37, 5, 54, 36, 41, 12, 25, 57, 58, 64, 52, 10, 59, 1],
[16, 1, 49, 15, 42, 62, 21, 63, 6, 56, 8, 52, 20, 13, 50, 0, 3, 38, 36, 45, 22, 33, 43, 17, 55, 10, 28],
[31, 11, 9, 17, 43, 13, 22, 38, 18, 65, 37, 67],
[41, 34, 57, 35, 6, 21, 30, 15, 49, 11, 9, 31, 1, 26, 8, 51, 58, 45, 36, 54, 18, 32, 39, 48, 69, 23, 50, 17, 59, 68],
[64, 58, 34, 35, 51, 8, 10, 17, 60, 14, 2, 0, 69, 19, 54, 5, 37, 67, 27, 41, 45, 22, 13, 43, 50, 23, 29, 66, 18, 32],
[30, 24, 63, 6, 35, 58, 33, 43, 61, 17, 59, 1, 49, 15, 62, 26, 16, 55, 52, 64, 51, 57, 34, 41, 12, 40, 7, 53, 4],
[4, 7, 46, 40, 12, 27, 67, 37, 5, 54, 66, 38, 36, 41, 35, 6, 63, 24, 42, 15, 11, 68, 9, 59, 17, 60, 61, 43, 13, 33],
[2, 50, 13, 22, 45, 34, 25, 27, 67, 37, 65, 39, 48, 66, 19, 36, 41, 51, 56, 28, 8, 26, 16, 1, 31, 11, 59, 10, 52, 64],
[5, 32, 39, 18, 54, 38, 19, 69, 23, 0, 50, 43, 20, 55, 16, 1, 11, 9, 68, 59, 10, 52, 64, 58, 41, 12, 40, 46, 53, 47],
[32, 65, 67, 27, 25, 34, 57, 35, 64, 52, 20, 17, 44, 14, 2, 23, 69, 38, 36, 41, 12, 4, 53, 47, 6, 63, 30, 24, 42],
[31, 11, 68, 9, 1, 26, 30, 63, 6, 35, 57, 34, 45, 22, 33, 20, 10, 16],
[63, 24, 30, 15, 62, 21, 6, 47, 40, 46, 7, 4, 25, 34, 51, 8, 26, 16, 9, 68, 11],
[28, 56, 8, 55, 17, 50, 23, 3, 48, 39, 32, 65, 5, 67, 27, 25, 12, 4, 53, 7, 40, 47, 6, 21, 24, 30, 26, 16, 9, 68],
[46, 7, 4, 25, 27, 67, 5, 18, 69, 0, 50, 33, 58, 64, 52, 8, 28, 10, 17, 44, 60, 61, 43, 13, 22, 45, 36, 54, 19, 66]]

\
Best Operator Route set string:
\
0-2-14-44-60-61-17-20-52-8*29-3-38-36-45-58-64-52-10-59*27-12-25-57-35-51-64-52-55-10*13-43-20-55-16-26-30-24-42-15*41-34-51-8-26-16-9-68-11-31*32-54-19-66-3-48-39-18-5-65*58-35-6-63-21-24-62-42-15-49*66-19-38-36-45-34-57-35-51-56*69-48-39-65-37-5-54-36-41-35*29-69-38-36-41-25-4-53-47-6*26-1-16-10-28-8-51-35-34-57*24-63-6-56-8-52-64-58-34-57*13-43-50-23-69-66-19-54-5-67*2-50-33-58-41-12-4-7-40-46*18-54-19-22-33-20-10-16-26-49*

\
Best Passenger Route set sting:
\
65-5-67-27-12-4-40-47-6-21-24-30-26-16-10-20-43-50-2-0-69-29-48-39-18-19-54-32-37*30-62-24-42-49-26-16-55-20-33-22-19-65-37-5-54-36-41-12-25-57-58-64-52-10-59-1*16-1-49-15-42-62-21-63-6-56-8-52-20-13-50-0-3-38-36-45-22-33-43-17-55-10-28*31-11-9-17-43-13-22-38-18-65-37-67*41-34-57-35-6-21-30-15-49-11-9-31-1-26-8-51-58-45-36-54-18-32-39-48-69-23-50-17-59-68*64-58-34-35-51-8-10-17-60-14-2-0-69-19-54-5-37-67-27-41-45-22-13-43-50-23-29-66-18-32*30-24-63-6-35-58-33-43-61-17-59-1-49-15-62-26-16-55-52-64-51-57-34-41-12-40-7-53-4*4-7-46-40-12-27-67-37-5-54-66-38-36-41-35-6-63-24-42-15-11-68-9-59-17-60-61-43-13-33*2-50-13-22-45-34-25-27-67-37-65-39-48-66-19-36-41-51-56-28-8-26-16-1-31-11-59-10-52-64*5-32-39-18-54-38-19-69-23-0-50-43-20-55-16-1-11-9-68-59-10-52-64-58-41-12-40-46-53-47*32-65-67-27-25-34-57-35-64-52-20-17-44-14-2-23-69-38-36-41-12-4-53-47-6-63-30-24-42*31-11-68-9-1-26-30-63-6-35-57-34-45-22-33-20-10-16*63-24-30-15-62-21-6-47-40-46-7-4-25-34-51-8-26-16-9-68-11*28-56-8-55-17-50-23-3-48-39-32-65-5-67-27-25-12-4-53-7-40-47-6-21-24-30-26-16-9-68*46-7-4-25-27-67-5-18-69-0-50-33-58-64-52-8-28-10-17-44-60-61-43-13-22-45-36-54-19-66*