22_3_Mumford1_SA_Mut_update RESULTS EVALUATION:
\
HV:0.7328 | BM:0.7758

\
	Operator	Passenger
\
f1_ATT	29.0195		23.6578
\
f2_TRT	550		1246
\
d_0	21.7878		46.1060
\
d_1	50.7961		50.3419
\
d_2	25.0528		3.5521
\
d_un	2.3632		0.0000

\
Best Operator Route set:
\
[[64, 52, 55, 20, 33, 58, 34, 41, 12, 25],
[55, 16, 26, 1, 59, 17, 61, 60, 44, 14],
[6, 35, 34, 57, 41, 36, 38, 69, 23, 50],
[19, 38, 22, 33, 20, 17, 9, 68, 11, 31],
[8, 28, 56, 6, 47, 40, 7, 46, 53, 4],
[24, 62, 42, 15, 49, 26, 16, 10, 20, 13],
[54, 65, 67, 27, 25, 34, 58, 51, 64, 52],
[40, 46, 53, 47, 6, 63, 21, 30, 26, 16],
[19, 66, 38, 36, 45, 34, 51, 8, 26, 1],
[45, 36, 54, 5, 37, 65, 32, 18, 69, 29],
[48, 69, 29, 3, 38, 18, 32, 39, 65, 5],
[11, 15, 42, 24, 63, 6, 35, 58, 64, 52],
[13, 43, 50, 0, 69, 3, 66, 19, 54, 18],
[44, 60, 61, 43, 33, 22, 38, 54, 66, 3],
[14, 2, 50, 43, 20, 52, 8, 28, 10, 16]]

\
Best Passenger Route set:
\
[[32, 65, 37, 67, 27, 41, 51, 56, 28, 8, 52, 20, 13, 50, 2, 14, 60],
[18, 37, 5, 54, 38, 69, 23, 0, 2, 14, 44, 61, 17, 55, 10, 8],
[29, 48, 39, 32, 54, 19, 66, 3, 69, 0, 2, 14, 60, 61, 43, 33, 22, 38, 18, 65, 37, 67, 5],
[52, 55, 17, 43, 33, 58, 64, 35, 6, 47, 7, 46, 40, 4, 25, 41, 36, 38, 69, 29, 48, 66, 19, 18, 39],
[3, 29, 69, 19, 66, 38, 22, 33, 20, 10, 8, 28, 56, 6, 21],
[67, 37, 5, 32, 39, 48, 3, 69, 23, 50, 43, 20, 10, 16, 26, 30, 24, 42, 15],
[1, 9, 31, 11, 15, 62, 24, 21, 63, 6, 35, 57, 34, 45, 36, 19, 66, 48, 39],
[14, 61, 17, 10, 52, 64, 51, 34, 25, 27, 67, 65, 5, 54, 38, 36, 41, 12, 4, 7, 40, 47, 6, 56, 8, 28],
[31, 11, 9, 16, 26, 30, 24, 21, 63, 6, 35, 57, 34, 41, 45, 22, 13, 43, 17, 59, 1, 49, 15, 62],
[19, 38, 36, 22, 33, 20, 55, 10, 59, 11, 31, 1, 26, 49, 15, 62, 24, 63, 6],
[2, 50, 33, 58, 41, 12, 25, 57, 35, 64, 52, 55, 16, 1, 49, 15, 42, 62, 26, 8, 56, 28, 10],
[20, 43, 61, 44, 60, 17, 55, 8, 56, 6, 47, 53, 7, 4, 25, 41, 45, 22, 38, 3],
[25, 27, 67, 5, 65, 18, 69, 0, 50, 17, 9, 49, 15, 42],
[69, 48, 29, 23, 0, 50, 33, 58, 35, 6, 63, 24, 62, 42, 49, 26, 16, 10, 20],
[19, 29, 69, 38, 22, 33, 20, 17, 9, 68, 1, 26, 8, 51, 58, 45, 36, 54, 18, 32, 39, 65, 67]]

\
Best Operator Route set string:
\
64-52-55-20-33-58-34-41-12-25*55-16-26-1-59-17-61-60-44-14*6-35-34-57-41-36-38-69-23-50*19-38-22-33-20-17-9-68-11-31*8-28-56-6-47-40-7-46-53-4*24-62-42-15-49-26-16-10-20-13*54-65-67-27-25-34-58-51-64-52*40-46-53-47-6-63-21-30-26-16*19-66-38-36-45-34-51-8-26-1*45-36-54-5-37-65-32-18-69-29*48-69-29-3-38-18-32-39-65-5*11-15-42-24-63-6-35-58-64-52*13-43-50-0-69-3-66-19-54-18*44-60-61-43-33-22-38-54-66-3*14-2-50-43-20-52-8-28-10-16*

\
Best Passenger Route set sting:
\
32-65-37-67-27-41-51-56-28-8-52-20-13-50-2-14-60*18-37-5-54-38-69-23-0-2-14-44-61-17-55-10-8*29-48-39-32-54-19-66-3-69-0-2-14-60-61-43-33-22-38-18-65-37-67-5*52-55-17-43-33-58-64-35-6-47-7-46-40-4-25-41-36-38-69-29-48-66-19-18-39*3-29-69-19-66-38-22-33-20-10-8-28-56-6-21*67-37-5-32-39-48-3-69-23-50-43-20-10-16-26-30-24-42-15*1-9-31-11-15-62-24-21-63-6-35-57-34-45-36-19-66-48-39*14-61-17-10-52-64-51-34-25-27-67-65-5-54-38-36-41-12-4-7-40-47-6-56-8-28*31-11-9-16-26-30-24-21-63-6-35-57-34-41-45-22-13-43-17-59-1-49-15-62*19-38-36-22-33-20-55-10-59-11-31-1-26-49-15-62-24-63-6*2-50-33-58-41-12-25-57-35-64-52-55-16-1-49-15-42-62-26-8-56-28-10*20-43-61-44-60-17-55-8-56-6-47-53-7-4-25-41-45-22-38-3*25-27-67-5-65-18-69-0-50-17-9-49-15-42*69-48-29-23-0-50-33-58-35-6-63-24-62-42-49-26-16-10-20*19-29-69-38-22-33-20-17-9-68-1-26-8-51-58-45-36-54-18-32-39-65-67*