3_2_Mumford0_GA_Mutations RESULTS EVALUATION:
\
HV:0.7474 | BM:0.8087

\
	Operator	Passenger
\
f1_ATT	30.5692		16.4192
\
f2_TRT	125		311
\
d_0	26.8646		58.1278
\
d_1	34.0630		41.4192
\
d_2	31.7921		0.4530
\
d_un	7.2802		0.0000

\
Best Operator Route set:
\
[[5, 21],
[26, 8, 12, 19, 22, 25, 28, 16, 27],
[5, 21],
[5, 21],
[13, 18, 0, 22, 17, 19],
[6, 15, 10, 29, 2, 27],
[24, 4, 3, 9, 1, 23, 14, 20, 7, 25, 11],
[5, 21],
[5, 21],
[5, 21, 6],
[5, 21],
[5, 21]]

\
Best Passenger Route set:
\
[[3, 1, 23, 20, 7, 16, 6, 5, 21],
[8, 12, 19, 17, 28, 16, 10, 15],
[1, 24, 20, 7, 27, 29, 2],
[8, 12, 0, 18, 13, 6, 15, 10],
[0, 18, 22, 17, 11, 3, 1, 9],
[8, 12, 19, 22, 0, 28, 16, 27, 2, 29, 10, 15],
[3, 23, 14, 11, 17, 22, 12, 8],
[5, 21, 15, 10, 27, 7, 14, 9],
[24, 4, 7, 25, 22, 18, 0, 26],
[21, 10, 15, 27, 16, 28, 25],
[12, 19, 22, 0, 13, 6, 5, 21],
[23, 4, 1, 3, 24]]

\
Best Operator Route set string:
\
5-21*26-8-12-19-22-25-28-16-27*5-21*5-21*13-18-0-22-17-19*6-15-10-29-2-27*24-4-3-9-1-23-14-20-7-25-11*5-21*5-21*5-21-6*5-21*5-21*

\
Best Passenger Route set sting:
\
3-1-23-20-7-16-6-5-21*8-12-19-17-28-16-10-15*1-24-20-7-27-29-2*8-12-0-18-13-6-15-10*0-18-22-17-11-3-1-9*8-12-19-22-0-28-16-27-2-29-10-15*3-23-14-11-17-22-12-8*5-21-15-10-27-7-14-9*24-4-7-25-22-18-0-26*21-10-15-27-16-28-25*12-19-22-0-13-6-5-21*23-4-1-3-24*