33_3_Mumford1__ALL_param RESULTS EVALUATION:
\
HV:0.7545 | BM:0.7758

\
	Operator	Passenger
\
f1_ATT	26.7560		23.1891
\
f2_TRT	530		1548
\
d_0	24.9474		50.5412
\
d_1	57.3314		47.6593
\
d_2	17.0125		1.7994
\
d_un	0.7087		0.0000

\
Best Operator Route set:
\
[[37, 5, 54, 19, 22, 13, 43, 61, 60, 44],
[41, 34, 35, 6, 63, 21, 24, 30, 26, 16],
[62, 49, 1, 59, 17, 61, 14, 2, 50, 13],
[9, 68, 11, 1, 26, 8, 56, 6, 47, 53],
[68, 9, 59, 10, 55, 52, 64, 58, 45, 36],
[50, 33, 22, 45, 41, 12, 4, 7, 40, 46],
[30, 24, 62, 42, 15, 49, 26, 1, 31, 9],
[39, 32, 18, 19, 22, 33, 20, 10, 16, 1],
[19, 38, 36, 41, 25, 4, 7, 40, 46, 53],
[60, 61, 17, 20, 52, 64, 51, 57, 25, 12],
[16, 26, 8, 51, 41, 27, 67, 37, 65, 5],
[51, 56, 8, 10, 55, 20, 43, 50, 0, 23],
[48, 66, 38, 22, 33, 58, 51, 56, 28, 8],
[67, 5, 18, 54, 19, 29, 69, 23, 50, 43],
[69, 3, 66, 19, 36, 45, 34, 57, 35, 51]]

\
Best Passenger Route set:
\
[[16, 1, 9, 49, 26, 8, 52, 64, 58, 45, 36, 19, 38, 3, 0, 2],
[31, 9, 68, 11, 15, 42, 49, 26, 16, 10, 20, 33, 22, 38, 18, 32, 54, 19, 69, 0],
[62, 49, 15, 42, 30, 21, 6, 35, 34, 45, 36, 54, 18, 39, 32, 65, 5, 67, 27, 25, 12],
[23, 69, 18, 67, 27, 41, 58, 34, 51, 8, 26, 1, 68, 59, 17, 43, 13, 33, 22, 19, 54, 5, 37, 65],
[8, 28, 56, 6, 63, 30, 26, 1, 31, 11, 9, 17, 50, 23, 3, 66, 54, 5, 67, 27, 25, 57, 35, 64, 52, 20, 13, 22, 45, 58],
[67, 18, 54, 19, 66, 48, 69, 0, 50, 17, 10, 16, 26, 30, 24, 63, 21, 62, 49, 11],
[61, 44, 14, 2, 0, 69, 18, 65, 37, 67, 27, 25, 34, 51, 56, 28, 10, 59, 68, 11, 15, 30, 63, 6, 35, 58, 33, 13, 50, 43],
[60, 14, 2, 23, 3, 48, 66, 38, 36, 41, 35, 6, 63, 24, 42, 49, 15, 11, 9, 1, 26, 30],
[13, 43, 50, 0, 23, 69, 66, 38, 22, 33, 20, 10, 52, 64, 58, 34, 57, 41, 45, 36, 54, 18, 32, 39, 65, 5],
[15, 62, 24, 21, 30, 26, 1, 11, 9, 16, 10, 8, 56, 6, 47, 53, 46, 40, 12, 25, 34, 58, 33, 20, 43, 50, 2, 0],
[14, 61, 17, 55, 8, 56, 6, 47, 7, 40, 4, 25, 12, 41, 36, 38, 69, 3, 48, 39, 18, 19, 66, 29],
[5, 65, 32, 18, 54, 66, 3, 29, 69, 38, 36, 45, 41, 25, 4, 7, 40, 53],
[46, 40, 4, 12, 25, 27, 67, 5, 54, 36, 22, 13, 43, 61, 60, 44, 17, 20, 52, 64, 51, 35, 57, 41, 34, 58, 33, 50, 0],
[43, 17, 9, 49, 15, 62, 21, 30, 26, 1, 16, 10, 55, 20, 13, 22, 19, 65, 5, 37, 32, 39, 48, 29, 23, 3, 66, 69, 0],
[16, 55, 20, 33, 58, 41, 12, 27, 67, 37, 18, 19, 38, 36, 45, 34, 51, 8, 26, 62, 42, 15, 49, 1, 59, 17, 43, 50, 2, 0]]

\
Best Operator Route set string:
\
37-5-54-19-22-13-43-61-60-44*41-34-35-6-63-21-24-30-26-16*62-49-1-59-17-61-14-2-50-13*9-68-11-1-26-8-56-6-47-53*68-9-59-10-55-52-64-58-45-36*50-33-22-45-41-12-4-7-40-46*30-24-62-42-15-49-26-1-31-9*39-32-18-19-22-33-20-10-16-1*19-38-36-41-25-4-7-40-46-53*60-61-17-20-52-64-51-57-25-12*16-26-8-51-41-27-67-37-65-5*51-56-8-10-55-20-43-50-0-23*48-66-38-22-33-58-51-56-28-8*67-5-18-54-19-29-69-23-50-43*69-3-66-19-36-45-34-57-35-51*

\
Best Passenger Route set sting:
\
16-1-9-49-26-8-52-64-58-45-36-19-38-3-0-2*31-9-68-11-15-42-49-26-16-10-20-33-22-38-18-32-54-19-69-0*62-49-15-42-30-21-6-35-34-45-36-54-18-39-32-65-5-67-27-25-12*23-69-18-67-27-41-58-34-51-8-26-1-68-59-17-43-13-33-22-19-54-5-37-65*8-28-56-6-63-30-26-1-31-11-9-17-50-23-3-66-54-5-67-27-25-57-35-64-52-20-13-22-45-58*67-18-54-19-66-48-69-0-50-17-10-16-26-30-24-63-21-62-49-11*61-44-14-2-0-69-18-65-37-67-27-25-34-51-56-28-10-59-68-11-15-30-63-6-35-58-33-13-50-43*60-14-2-23-3-48-66-38-36-41-35-6-63-24-42-49-15-11-9-1-26-30*13-43-50-0-23-69-66-38-22-33-20-10-52-64-58-34-57-41-45-36-54-18-32-39-65-5*15-62-24-21-30-26-1-11-9-16-10-8-56-6-47-53-46-40-12-25-34-58-33-20-43-50-2-0*14-61-17-55-8-56-6-47-7-40-4-25-12-41-36-38-69-3-48-39-18-19-66-29*5-65-32-18-54-66-3-29-69-38-36-45-41-25-4-7-40-53*46-40-4-12-25-27-67-5-54-36-22-13-43-61-60-44-17-20-52-64-51-35-57-41-34-58-33-50-0*43-17-9-49-15-62-21-30-26-1-16-10-55-20-13-22-19-65-5-37-32-39-48-29-23-3-66-69-0*16-55-20-33-58-41-12-27-67-37-18-19-38-36-45-34-51-8-26-62-42-15-49-1-59-17-43-50-2-0*