33_3_Mumford1__ALL_param RESULTS EVALUATION:
\
HV:0.7519 | BM:0.7758

\
	Operator	Passenger
\
f1_ATT	29.6263		23.0842
\
f2_TRT	534		1583
\
d_0	23.8271		51.1596
\
d_1	53.5659		47.4480
\
d_2	20.2973		1.3924
\
d_un	2.3098		0.0000

\
Best Operator Route set:
\
[[27, 41, 34, 58, 64, 52, 20, 17, 61, 60],
[46, 40, 53, 47, 6, 56, 28, 8, 10, 59],
[32, 39, 18, 54, 36, 45, 58, 51, 35, 6],
[23, 2, 0, 69, 3, 66, 19, 38, 22, 33],
[29, 48, 66, 19, 36, 45, 34, 35, 51, 8, 26, 62],
[4, 25, 12, 41, 45, 22, 13, 50, 2, 14],
[7, 4, 12, 25, 41, 34, 57, 35, 6, 47],
[50, 43, 20, 55, 10, 16, 26, 30, 24, 21],
[63, 21, 24, 30, 26, 16, 10, 17, 61, 60, 44],
[5, 18, 54, 36, 45, 58, 64, 52, 10, 16],
[68, 9, 11, 31, 1, 26, 8, 51, 41, 45],
[49, 26, 16, 10, 55, 20, 33, 22, 19, 66],
[37, 65, 5, 54, 19, 22, 33, 43, 61, 60],
[22, 33, 20, 55, 10, 16, 26, 49, 15, 42],
[12, 25, 27, 41, 36, 54, 18, 5, 37, 67]]

\
Best Passenger Route set:
\
[[46, 40, 47, 6, 63, 24, 62, 15, 49, 26, 16, 55, 20, 43, 50, 2, 0, 69, 18, 37, 65, 32],
[63, 21, 24, 30, 26, 1, 59, 17, 50, 0, 69, 18, 65, 5, 54, 36, 22, 13, 43, 20, 52, 10, 28, 8],
[57, 34, 45, 58, 33, 13, 43, 20, 55, 8, 56, 6, 47, 40, 7, 4, 25, 41, 36, 19, 66, 69, 23, 50, 2, 14, 60],
[37, 65, 19, 69, 48, 39, 32, 54, 5, 67, 27, 12, 4, 53, 47, 6, 56, 8, 10, 17, 61, 44, 14],
[65, 37, 67, 27, 25, 34, 35, 6, 63, 21, 62, 26, 16, 10, 55, 52, 64, 58, 45, 36, 38, 69, 3, 29, 66, 54, 32],
[28, 10, 20, 52, 64, 51, 41, 45, 36, 54, 18, 39, 48, 3, 23, 50, 17, 9, 11, 59, 68],
[25, 4, 53, 46, 40, 12, 41, 58, 33, 50, 2, 14, 44, 60, 17, 20, 52, 64, 51, 35, 57, 34, 45, 22, 38, 19, 66, 48, 39, 65],
[44, 60, 61, 17, 55, 16, 26, 49, 11, 9, 59, 10, 28, 56, 6, 47, 53, 4],
[39, 48, 29, 3, 0, 2, 50, 33, 20, 52, 64, 58, 45, 22, 38, 54, 65, 37, 67, 27, 41, 34, 51, 8, 26, 30, 42],
[56, 28, 10, 16, 26, 1, 31, 11, 15, 42, 24, 21, 6, 35, 34, 45, 36, 38, 66, 3, 29, 23, 50, 43, 13, 20],
[20, 17, 61, 14, 2, 50, 13, 33, 58, 35, 6, 47, 53, 4, 12, 25, 27, 67, 65, 18, 54, 36, 41, 57, 51, 8, 26],
[21, 63, 30, 15, 49, 26, 8, 51, 34, 45, 36, 54, 32, 39, 48, 29, 19, 38, 66, 3, 0, 23, 2, 14, 61],
[30, 21, 62, 15, 49, 9, 31, 1, 16, 10, 52, 64, 51, 34, 25, 4, 53, 46],
[55, 52, 64, 35, 41, 27, 67, 5, 65, 39, 32, 37, 18, 54, 19, 22, 33, 20, 17, 9, 68, 1, 26, 30, 63, 6, 47, 7, 46, 40],
[53, 7, 40, 12, 25, 41, 58, 51, 56, 28, 8, 10, 17, 9, 49, 42, 62, 30, 24, 63, 6, 35, 34, 57]]

\
Best Operator Route set string:
\
27-41-34-58-64-52-20-17-61-60*46-40-53-47-6-56-28-8-10-59*32-39-18-54-36-45-58-51-35-6*23-2-0-69-3-66-19-38-22-33*29-48-66-19-36-45-34-35-51-8-26-62*4-25-12-41-45-22-13-50-2-14*7-4-12-25-41-34-57-35-6-47*50-43-20-55-10-16-26-30-24-21*63-21-24-30-26-16-10-17-61-60-44*5-18-54-36-45-58-64-52-10-16*68-9-11-31-1-26-8-51-41-45*49-26-16-10-55-20-33-22-19-66*37-65-5-54-19-22-33-43-61-60*22-33-20-55-10-16-26-49-15-42*12-25-27-41-36-54-18-5-37-67*

\
Best Passenger Route set sting:
\
46-40-47-6-63-24-62-15-49-26-16-55-20-43-50-2-0-69-18-37-65-32*63-21-24-30-26-1-59-17-50-0-69-18-65-5-54-36-22-13-43-20-52-10-28-8*57-34-45-58-33-13-43-20-55-8-56-6-47-40-7-4-25-41-36-19-66-69-23-50-2-14-60*37-65-19-69-48-39-32-54-5-67-27-12-4-53-47-6-56-8-10-17-61-44-14*65-37-67-27-25-34-35-6-63-21-62-26-16-10-55-52-64-58-45-36-38-69-3-29-66-54-32*28-10-20-52-64-51-41-45-36-54-18-39-48-3-23-50-17-9-11-59-68*25-4-53-46-40-12-41-58-33-50-2-14-44-60-17-20-52-64-51-35-57-34-45-22-38-19-66-48-39-65*44-60-61-17-55-16-26-49-11-9-59-10-28-56-6-47-53-4*39-48-29-3-0-2-50-33-20-52-64-58-45-22-38-54-65-37-67-27-41-34-51-8-26-30-42*56-28-10-16-26-1-31-11-15-42-24-21-6-35-34-45-36-38-66-3-29-23-50-43-13-20*20-17-61-14-2-50-13-33-58-35-6-47-53-4-12-25-27-67-65-18-54-36-41-57-51-8-26*21-63-30-15-49-26-8-51-34-45-36-54-32-39-48-29-19-38-66-3-0-23-2-14-61*30-21-62-15-49-9-31-1-16-10-52-64-51-34-25-4-53-46*55-52-64-35-41-27-67-5-65-39-32-37-18-54-19-22-33-20-17-9-68-1-26-30-63-6-47-7-46-40*53-7-40-12-25-41-58-51-56-28-8-10-17-9-49-42-62-30-24-63-6-35-34-57*