21_2_Mumford0_SA_Initial_solutions RESULTS EVALUATION:
\
HV:0.7700 | BM:0.8087

\
	Operator	Passenger
\
f1_ATT	26.3076		16.1220
\
f2_TRT	102		417
\
d_0	14.9316		56.9295
\
d_1	32.7654		41.5741
\
d_2	31.8360		1.4964
\
d_un	20.4670		0.0000

\
Best Operator Route set:
\
[[29, 2],
[17, 22, 18, 0],
[1, 23, 20],
[24, 4, 7, 27, 10, 21, 5],
[29, 27, 16],
[6, 13, 0, 26, 8],
[1, 9],
[10, 15],
[28, 25],
[3, 1],
[12, 19, 0, 28, 7, 20, 14],
[14, 11]]

\
Best Passenger Route set:
\
[[12, 8, 19, 17, 28, 16, 27, 2, 15, 21],
[6, 15, 10, 7, 20, 24, 1, 9, 3, 14, 11, 25, 28, 0],
[4, 7, 2, 15, 6, 5, 21, 10, 27, 16, 28, 0],
[4, 7, 25, 0, 26],
[9, 3, 11, 17, 22, 18, 0, 28, 7],
[15, 16, 10, 2, 29, 27, 7, 25, 22, 18, 12, 19, 17, 11, 14],
[3, 14, 7, 27, 10, 21, 6],
[1, 3, 11, 17, 22, 0, 13],
[24, 3, 4],
[23, 14, 24, 4, 1, 9, 3, 11, 25],
[12, 0, 13, 6, 16, 7, 20, 23, 1, 3],
[21, 5, 6, 13, 18, 22, 19, 8, 26]]

\
Best Operator Route set string:
\
29-2*17-22-18-0*1-23-20*24-4-7-27-10-21-5*29-27-16*6-13-0-26-8*1-9*10-15*28-25*3-1*12-19-0-28-7-20-14*14-11*

\
Best Passenger Route set sting:
\
12-8-19-17-28-16-27-2-15-21*6-15-10-7-20-24-1-9-3-14-11-25-28-0*4-7-2-15-6-5-21-10-27-16-28-0*4-7-25-0-26*9-3-11-17-22-18-0-28-7*15-16-10-2-29-27-7-25-22-18-12-19-17-11-14*3-14-7-27-10-21-6*1-3-11-17-22-0-13*24-3-4*23-14-24-4-1-9-3-11-25*12-0-13-6-16-7-20-23-1-3*21-5-6-13-18-22-19-8-26*