21_3_Mumford1_SA_Initial_solutions RESULTS EVALUATION:
\
HV:0.7424 | BM:0.7758

\
	Operator	Passenger
\
f1_ATT	28.1803		23.6601
\
f2_TRT	533		1242
\
d_0	23.2295		44.5630
\
d_1	52.7030		52.0536
\
d_2	21.9451		3.3834
\
d_un	2.1223		0.0000

\
Best Operator Route set:
\
[[11, 68, 9, 17, 43, 13, 22, 38, 18, 39],
[44, 61, 17, 20, 55, 16, 26, 49, 15, 62],
[33, 58, 51, 41, 12, 4, 7, 40, 46, 53],
[69, 29, 48, 39, 32, 5, 67, 27, 12, 25],
[1, 49, 42, 62, 24, 63, 6, 47, 7, 40],
[37, 5, 54, 36, 45, 58, 51, 8, 26, 16],
[67, 65, 37, 5, 18, 54, 66, 69, 3, 48],
[41, 35, 6, 63, 21, 24, 30, 26, 1, 11],
[23, 50, 43, 17, 10, 55, 52, 64, 35, 51],
[41, 34, 51, 8, 10, 16, 1, 31, 9, 68],
[1, 9, 68, 59, 10, 28, 56, 51, 35, 57],
[48, 29, 3, 69, 0, 50, 43, 20, 55, 16, 26],
[6, 56, 8, 10, 52, 64, 58, 34, 25, 12],
[0, 2, 14, 44, 60, 61, 17, 20, 33, 22],
[69, 66, 19, 38, 36, 45, 41, 34, 57, 35]]

\
Best Passenger Route set:
\
[[39, 18, 19, 22, 33, 20, 17, 59, 9, 68, 11, 49],
[39, 32, 18, 54, 36, 45, 58, 51, 8, 26, 1, 31, 11, 9, 49, 42],
[50, 23, 3, 19, 65, 37, 5, 54, 36, 45, 41, 12, 4, 7, 40, 47, 53, 46],
[68, 11, 31, 1, 16, 10, 59, 17, 60, 44, 14],
[17, 44, 14, 2, 23, 69, 48, 39, 32, 65, 67, 27, 25, 12, 4, 53, 47, 6, 21, 24, 62, 49, 1, 31, 9, 59, 11],
[48, 29, 66, 38, 36, 41, 12, 40, 46, 7],
[13, 22, 19, 18, 32, 37, 67, 27, 25, 41, 35, 51, 8, 26, 49, 15, 42, 30],
[27, 41, 34, 35, 6, 63, 24, 62, 15, 11, 9, 17, 50, 23, 3, 29, 69, 19, 38, 22, 33, 43, 61, 44],
[65, 5, 54, 66, 69, 23, 50, 43, 20, 52, 8, 55, 10, 28, 56, 6, 47, 7, 40, 46],
[30, 62, 21, 63, 6, 35, 51, 58, 33, 50, 2, 0, 3, 48, 66, 54],
[5, 54, 38, 3, 66, 19, 22, 33, 20, 55, 16, 1, 68, 9, 59, 10, 52, 64, 58, 45, 34, 41, 57, 51, 56, 8, 26, 30, 24],
[38, 69, 0, 50, 13, 22, 36, 41, 57, 35, 64, 58, 34, 51],
[32, 5, 18, 54, 66, 3, 69, 0, 2, 50, 13, 20, 55, 16, 26, 30, 24, 21, 63, 6, 56, 8, 28, 10, 17, 61, 60, 44, 14],
[19, 65, 5, 67, 27, 41, 58, 33, 13, 50, 2, 23, 69, 38, 22, 45, 34, 35, 6, 63, 24, 42, 49, 26, 62],
[53, 46, 40, 7, 4, 12, 25, 34, 35, 51, 64, 52, 55, 17, 61, 60, 44, 14, 2, 50, 23, 29, 19, 36, 41, 57, 58, 33]]

\
Best Operator Route set string:
\
11-68-9-17-43-13-22-38-18-39*44-61-17-20-55-16-26-49-15-62*33-58-51-41-12-4-7-40-46-53*69-29-48-39-32-5-67-27-12-25*1-49-42-62-24-63-6-47-7-40*37-5-54-36-45-58-51-8-26-16*67-65-37-5-18-54-66-69-3-48*41-35-6-63-21-24-30-26-1-11*23-50-43-17-10-55-52-64-35-51*41-34-51-8-10-16-1-31-9-68*1-9-68-59-10-28-56-51-35-57*48-29-3-69-0-50-43-20-55-16-26*6-56-8-10-52-64-58-34-25-12*0-2-14-44-60-61-17-20-33-22*69-66-19-38-36-45-41-34-57-35*

\
Best Passenger Route set sting:
\
39-18-19-22-33-20-17-59-9-68-11-49*39-32-18-54-36-45-58-51-8-26-1-31-11-9-49-42*50-23-3-19-65-37-5-54-36-45-41-12-4-7-40-47-53-46*68-11-31-1-16-10-59-17-60-44-14*17-44-14-2-23-69-48-39-32-65-67-27-25-12-4-53-47-6-21-24-62-49-1-31-9-59-11*48-29-66-38-36-41-12-40-46-7*13-22-19-18-32-37-67-27-25-41-35-51-8-26-49-15-42-30*27-41-34-35-6-63-24-62-15-11-9-17-50-23-3-29-69-19-38-22-33-43-61-44*65-5-54-66-69-23-50-43-20-52-8-55-10-28-56-6-47-7-40-46*30-62-21-63-6-35-51-58-33-50-2-0-3-48-66-54*5-54-38-3-66-19-22-33-20-55-16-1-68-9-59-10-52-64-58-45-34-41-57-51-56-8-26-30-24*38-69-0-50-13-22-36-41-57-35-64-58-34-51*32-5-18-54-66-3-69-0-2-50-13-20-55-16-26-30-24-21-63-6-56-8-28-10-17-61-60-44-14*19-65-5-67-27-41-58-33-13-50-2-23-69-38-22-45-34-35-6-63-24-42-49-26-62*53-46-40-7-4-12-25-34-35-51-64-52-55-17-61-60-44-14-2-50-23-29-19-36-41-57-58-33*