33_3_Mumford1__ALL_param RESULTS EVALUATION:
\
HV:0.7659 | BM:0.7758

\
	Operator	Passenger
\
f1_ATT	28.7447		22.8230
\
f2_TRT	524		1458
\
d_0	23.8842		49.8398
\
d_1	55.9551		48.6426
\
d_2	18.6344		1.5175
\
d_un	1.5263		0.0000

\
Best Operator Route set:
\
[[41, 51, 8, 26, 16, 1, 31, 11, 68, 9],
[7, 40, 53, 47, 6, 56, 8, 28, 10, 59],
[32, 39, 18, 54, 36, 45, 34, 51, 8, 26, 62],
[23, 2, 0, 69, 3, 66, 19, 38, 22, 33],
[48, 29, 3, 66, 38, 36, 41, 12, 25, 27],
[4, 12, 25, 41, 45, 22, 13, 50, 2, 14],
[40, 46, 7, 4, 12, 41, 34, 57, 35, 6],
[50, 43, 20, 55, 10, 16, 26, 30, 24, 21],
[6, 63, 21, 24, 30, 26, 16, 10, 17, 61],
[54, 19, 36, 45, 58, 64, 52, 55, 10, 16],
[45, 34, 41, 58, 64, 52, 20, 17, 61, 60],
[26, 16, 10, 55, 20, 33, 22, 19, 66, 29],
[37, 65, 54, 19, 22, 13, 43, 61, 60, 44],
[33, 13, 20, 55, 10, 16, 26, 49, 15, 42],
[67, 5, 37, 65, 54, 36, 45, 58, 51, 35]]

\
Best Passenger Route set:
\
[[13, 33, 58, 51, 57, 41, 12, 4, 53, 47, 6, 56, 8, 55, 20, 43, 50, 0, 69, 29, 19, 66, 18, 67, 27, 25, 34, 35, 64],
[60, 44, 61, 43, 33, 22, 45, 34, 57, 35, 64, 52, 20, 13, 50],
[5, 65, 39, 32, 54, 36, 45, 58, 64, 52, 10, 59, 68, 9, 16, 26, 8, 55],
[5, 65, 37, 18, 19, 22, 33, 20, 10, 16, 26, 30, 21, 62, 49, 11, 31, 9, 68],
[37, 32, 39, 48, 66, 38, 36, 22, 13, 43, 61, 60, 17, 50, 23, 69, 19, 54, 5, 67, 27, 25, 4, 40, 7],
[66, 3, 29, 23, 50, 43, 17, 10, 16, 1, 68, 9, 49, 42, 62, 21, 63, 6, 56, 28, 8, 52, 20, 13, 22, 45, 41, 34, 51, 64],
[14, 44, 60, 61, 43, 50, 23, 3, 48, 39, 32, 65, 67, 27, 25, 4, 53, 47, 40],
[46, 40, 7, 47, 6, 56, 28, 10, 17, 44, 60, 14],
[19, 69, 48, 39, 32, 18, 5, 67, 27, 41, 51, 56, 8, 26, 1, 31, 11, 9, 17, 20, 33, 22, 38, 54, 65, 37],
[29, 69, 48, 66, 38, 36, 45, 34, 51, 8, 26, 49, 15, 42, 24, 63, 6, 35, 57, 25, 4, 40, 46, 7, 53],
[2, 0, 23, 50, 43, 13, 33, 58, 41, 27, 67, 37, 5, 54, 36, 45, 34, 57, 51, 8, 28],
[28, 56, 51, 64, 52, 8, 10, 16, 9, 68, 1, 26, 30, 24, 63, 6, 35, 41, 36, 19, 66, 3, 69, 18, 54, 65, 37, 32, 39],
[53, 4, 12, 25, 34, 58, 64, 52, 55, 10, 59, 9, 11, 15, 30, 42, 62, 26, 8, 51, 41, 36, 54, 18, 39, 48, 3, 38, 22, 45],
[57, 35, 58, 64, 52, 8, 56, 6, 47, 53, 46, 40, 7, 4, 25, 41, 36, 38, 69, 0, 2, 50, 17, 59, 1, 49, 15, 42, 62, 21],
[46, 40, 12, 41, 58, 33, 50, 2, 14, 61, 17, 10, 8, 51, 35, 57, 34, 25, 4, 7]]

\
Best Operator Route set string:
\
41-51-8-26-16-1-31-11-68-9*7-40-53-47-6-56-8-28-10-59*32-39-18-54-36-45-34-51-8-26-62*23-2-0-69-3-66-19-38-22-33*48-29-3-66-38-36-41-12-25-27*4-12-25-41-45-22-13-50-2-14*40-46-7-4-12-41-34-57-35-6*50-43-20-55-10-16-26-30-24-21*6-63-21-24-30-26-16-10-17-61*54-19-36-45-58-64-52-55-10-16*45-34-41-58-64-52-20-17-61-60*26-16-10-55-20-33-22-19-66-29*37-65-54-19-22-13-43-61-60-44*33-13-20-55-10-16-26-49-15-42*67-5-37-65-54-36-45-58-51-35*

\
Best Passenger Route set sting:
\
13-33-58-51-57-41-12-4-53-47-6-56-8-55-20-43-50-0-69-29-19-66-18-67-27-25-34-35-64*60-44-61-43-33-22-45-34-57-35-64-52-20-13-50*5-65-39-32-54-36-45-58-64-52-10-59-68-9-16-26-8-55*5-65-37-18-19-22-33-20-10-16-26-30-21-62-49-11-31-9-68*37-32-39-48-66-38-36-22-13-43-61-60-17-50-23-69-19-54-5-67-27-25-4-40-7*66-3-29-23-50-43-17-10-16-1-68-9-49-42-62-21-63-6-56-28-8-52-20-13-22-45-41-34-51-64*14-44-60-61-43-50-23-3-48-39-32-65-67-27-25-4-53-47-40*46-40-7-47-6-56-28-10-17-44-60-14*19-69-48-39-32-18-5-67-27-41-51-56-8-26-1-31-11-9-17-20-33-22-38-54-65-37*29-69-48-66-38-36-45-34-51-8-26-49-15-42-24-63-6-35-57-25-4-40-46-7-53*2-0-23-50-43-13-33-58-41-27-67-37-5-54-36-45-34-57-51-8-28*28-56-51-64-52-8-10-16-9-68-1-26-30-24-63-6-35-41-36-19-66-3-69-18-54-65-37-32-39*53-4-12-25-34-58-64-52-55-10-59-9-11-15-30-42-62-26-8-51-41-36-54-18-39-48-3-38-22-45*57-35-58-64-52-8-56-6-47-53-46-40-7-4-25-41-36-38-69-0-2-50-17-59-1-49-15-42-62-21*46-40-12-41-58-33-50-2-14-61-17-10-8-51-35-57-34-25-4-7*