33_2_Mumford0__ALL_param RESULTS EVALUATION:
\
HV:0.7887 | BM:0.8087

\
	Operator	Passenger
\
f1_ATT	34.8767		15.6823
\
f2_TRT	98		726
\
d_0	14.7767		65.3145
\
d_1	28.6942		34.6855
\
d_2	27.4112		0.0000
\
d_un	29.1180		0.0000

\
Best Operator Route set:
\
[[6, 15, 10],
[13, 18, 0, 22, 17],
[17, 12, 8],
[4, 24],
[22, 25, 28],
[2, 27, 7, 20, 24, 1],
[1, 9, 23, 14, 11, 17],
[5, 21, 10, 2, 29],
[0, 26],
[16, 27],
[3, 1],
[12, 19]]

\
Best Passenger Route set:
\
[[22, 17, 28, 16, 10, 2, 27, 7, 14, 1, 4, 24, 3, 11, 25],
[23, 1, 3, 9, 14, 11, 25, 22, 17, 28, 16, 15, 6, 13, 18],
[15, 10, 27, 16, 7, 25, 0, 26, 8, 19, 17, 11, 3, 1, 4],
[19, 12, 17, 0, 13, 6, 2, 16, 15, 29, 27, 7, 20, 4, 23],
[26, 8, 12, 22, 25, 28, 0, 18, 17, 11, 3, 1, 24, 14, 23],
[21, 6, 16, 28, 17, 19, 0, 25, 11, 3, 1, 23, 14, 24, 20],
[6, 5, 21, 2, 15, 27, 7, 25, 22, 0, 18, 17, 11, 14, 1],
[1, 14, 11, 3, 24, 7, 27, 10, 21, 5, 6, 13, 0, 12, 19],
[27, 2, 29, 15, 5, 21, 10, 7, 20, 14, 11, 17, 12, 0, 22],
[10, 6, 13, 18, 12, 0, 28, 7, 14, 24, 4, 20, 23, 3, 1],
[22, 19, 8, 12, 18, 0, 13, 6, 16, 7, 20, 14, 23, 4],
[4, 23, 3, 9, 1, 24, 7, 28, 0, 19, 8, 12, 18, 22, 25]]

\
Best Operator Route set string:
\
6-15-10*13-18-0-22-17*17-12-8*4-24*22-25-28*2-27-7-20-24-1*1-9-23-14-11-17*5-21-10-2-29*0-26*16-27*3-1*12-19*

\
Best Passenger Route set sting:
\
22-17-28-16-10-2-27-7-14-1-4-24-3-11-25*23-1-3-9-14-11-25-22-17-28-16-15-6-13-18*15-10-27-16-7-25-0-26-8-19-17-11-3-1-4*19-12-17-0-13-6-2-16-15-29-27-7-20-4-23*26-8-12-22-25-28-0-18-17-11-3-1-24-14-23*21-6-16-28-17-19-0-25-11-3-1-23-14-24-20*6-5-21-2-15-27-7-25-22-0-18-17-11-14-1*1-14-11-3-24-7-27-10-21-5-6-13-0-12-19*27-2-29-15-5-21-10-7-20-14-11-17-12-0-22*10-6-13-18-12-0-28-7-14-24-4-20-23-3-1*22-19-8-12-18-0-13-6-16-7-20-14-23-4*4-23-3-9-1-24-7-28-0-19-8-12-18-22-25*