23_2_Mumford0_SA_Mutations RESULTS EVALUATION:
\
HV:0.8282 | BM:0.8087

\
	Operator	Passenger
\
f1_ATT	34.8767		14.7536
\
f2_TRT	98		556
\
d_0	14.7767		76.9669
\
d_1	28.6942		23.0331
\
d_2	27.4112		0.0000
\
d_un	29.1180		0.0000

\
Best Operator Route set:
\
[[6, 15, 10],
[13, 18, 0, 22, 17],
[17, 12, 8],
[4, 24],
[22, 25, 28],
[2, 27, 7, 20, 24, 1],
[1, 9, 23, 14, 11, 17],
[5, 21, 10, 2, 29],
[0, 26],
[16, 27],
[3, 1],
[12, 19]]

\
Best Passenger Route set:
\
[[21, 5, 6, 16, 7, 14, 23, 3, 1, 9],
[23, 14, 7, 27, 29, 2, 10, 6, 13, 18, 12, 8, 26, 0, 28],
[29, 2, 21, 10, 7, 14, 11, 25, 28, 16, 6, 5],
[14, 9, 3, 11, 17, 22, 18, 13, 0, 28, 7, 4, 1, 23],
[4, 24, 14, 11, 17, 12, 8],
[29, 2, 7, 24, 1, 3, 11, 17, 19, 12, 0, 13, 6, 21, 5],
[9, 23, 14, 11, 17, 22, 0, 13, 6, 15, 29],
[5, 15, 2, 29, 27, 7, 25, 22, 12, 8, 19],
[3, 24, 20, 7, 25, 0, 18, 19, 17, 28, 16, 27, 2, 29, 10],
[14, 20, 24, 23, 4, 7, 28, 17, 22, 19, 0, 12],
[4, 3, 1, 23, 20, 7, 27, 10, 15, 21, 5, 6, 13, 0, 22],
[14, 4, 7, 16, 10, 15]]

\
Best Operator Route set string:
\
6-15-10*13-18-0-22-17*17-12-8*4-24*22-25-28*2-27-7-20-24-1*1-9-23-14-11-17*5-21-10-2-29*0-26*16-27*3-1*12-19*

\
Best Passenger Route set sting:
\
21-5-6-16-7-14-23-3-1-9*23-14-7-27-29-2-10-6-13-18-12-8-26-0-28*29-2-21-10-7-14-11-25-28-16-6-5*14-9-3-11-17-22-18-13-0-28-7-4-1-23*4-24-14-11-17-12-8*29-2-7-24-1-3-11-17-19-12-0-13-6-21-5*9-23-14-11-17-22-0-13-6-15-29*5-15-2-29-27-7-25-22-12-8-19*3-24-20-7-25-0-18-19-17-28-16-27-2-29-10*14-20-24-23-4-7-28-17-22-19-0-12*4-3-1-23-20-7-27-10-15-21-5-6-13-0-22*14-4-7-16-10-15*