8_2_Mumford0_GA_Crossover_prob RESULTS EVALUATION:
\
HV:0.8332 | BM:0.8087

\
	Operator	Passenger
\
f1_ATT	24.4180		14.9172
\
f2_TRT	96		563
\
d_0	19.0496		77.6654
\
d_1	39.6890		22.0599
\
d_2	31.3625		0.2747
\
d_un	9.8989		0.0000

\
Best Operator Route set:
\
[[26, 0],
[1, 3],
[18, 0, 22],
[15, 10, 6, 13],
[27, 2, 29],
[8, 12, 19, 22, 25, 7, 27, 10, 21, 5],
[16, 7],
[4, 24, 20],
[7, 20, 14, 23, 1, 9],
[11, 25],
[17, 22],
[28, 25]]

\
Best Passenger Route set:
\
[[12, 19, 17, 11, 14, 23, 9, 1, 3, 4, 7, 27, 29, 2],
[7, 24, 4, 23, 9, 1, 3, 11, 17, 22, 18, 0, 13, 6, 5],
[10, 15, 2, 27, 16, 28, 0, 18, 12, 8],
[15, 5, 21, 10, 27, 7, 28, 25, 11, 14, 24, 20],
[8, 12, 18, 13, 6, 10, 15, 2],
[21, 6, 13, 0, 18, 22, 19, 17, 28, 25, 7, 16, 10, 2, 29],
[8, 12, 19, 22, 25, 7, 27, 29],
[22, 25, 7, 16, 6, 13, 0, 26, 8, 12, 17, 11, 14, 20, 4],
[9, 3, 1, 23, 14, 7, 16, 6, 5, 21, 2, 29],
[1, 3, 14, 20, 7, 2, 29, 10, 15, 16, 28, 17, 22, 0, 26],
[9, 23, 20, 7, 25, 0, 18, 19, 17, 28, 16, 6, 5, 21, 15],
[24, 3, 1, 9, 23, 14, 7, 27, 10, 15, 6, 16, 28, 25, 11]]

\
Best Operator Route set string:
\
26-0*1-3*18-0-22*15-10-6-13*27-2-29*8-12-19-22-25-7-27-10-21-5*16-7*4-24-20*7-20-14-23-1-9*11-25*17-22*28-25*

\
Best Passenger Route set sting:
\
12-19-17-11-14-23-9-1-3-4-7-27-29-2*7-24-4-23-9-1-3-11-17-22-18-0-13-6-5*10-15-2-27-16-28-0-18-12-8*15-5-21-10-27-7-28-25-11-14-24-20*8-12-18-13-6-10-15-2*21-6-13-0-18-22-19-17-28-25-7-16-10-2-29*8-12-19-22-25-7-27-29*22-25-7-16-6-13-0-26-8-12-17-11-14-20-4*9-3-1-23-14-7-16-6-5-21-2-29*1-3-14-20-7-2-29-10-15-16-28-17-22-0-26*9-23-20-7-25-0-18-19-17-28-16-6-5-21-15*24-3-1-9-23-14-7-27-10-15-6-16-28-25-11*