33_2_Mumford0__ALL_param RESULTS EVALUATION:
\
HV:0.8070 | BM:0.8087

\
	Operator	Passenger
\
f1_ATT	25.6824		15.5474
\
f2_TRT	97		564
\
d_0	27.0429		68.1377
\
d_1	34.6037		31.3011
\
d_2	25.8505		0.5611
\
d_un	12.5029		0.0000

\
Best Operator Route set:
\
[[9, 1, 3, 23, 14, 20, 7, 16, 28, 0, 22, 19, 12, 8, 26],
[16, 27, 2, 29],
[14, 24],
[10, 15],
[28, 25, 11],
[6, 16],
[27, 10],
[6, 21, 5],
[18, 0],
[24, 4],
[22, 17],
[13, 0]]

\
Best Passenger Route set:
\
[[20, 7, 25, 28, 16, 15, 6, 13, 18, 0, 22, 17, 11, 14, 9],
[19, 17, 28, 25, 11, 14, 7, 10, 15, 2, 6],
[20, 23, 1, 3, 11, 14, 24, 4, 7, 16, 6, 21, 5],
[3, 24, 4, 20, 14, 1, 9],
[26, 8, 12, 19, 17, 11, 3, 1, 24, 20, 7, 28, 0, 18, 13],
[2, 29, 27, 16, 28, 25, 0, 19, 12, 18, 17],
[21, 15, 6, 13, 18, 0, 26, 8, 12, 17, 28, 7, 2, 29, 10],
[29, 2, 10, 21, 5, 6, 16, 7, 14, 23, 9, 3, 24, 4],
[29, 15, 5, 6, 21, 10, 16, 2, 7, 24, 3, 23],
[1, 3, 14, 7, 27, 2, 21, 5, 6, 13, 0, 18, 12],
[19, 8, 26, 0, 18, 13, 6, 10, 27, 16, 28, 25, 22, 17, 12],
[23, 1, 4, 20]]

\
Best Operator Route set string:
\
9-1-3-23-14-20-7-16-28-0-22-19-12-8-26*16-27-2-29*14-24*10-15*28-25-11*6-16*27-10*6-21-5*18-0*24-4*22-17*13-0*

\
Best Passenger Route set sting:
\
20-7-25-28-16-15-6-13-18-0-22-17-11-14-9*19-17-28-25-11-14-7-10-15-2-6*20-23-1-3-11-14-24-4-7-16-6-21-5*3-24-4-20-14-1-9*26-8-12-19-17-11-3-1-24-20-7-28-0-18-13*2-29-27-16-28-25-0-19-12-18-17*21-15-6-13-18-0-26-8-12-17-28-7-2-29-10*29-2-10-21-5-6-16-7-14-23-9-3-24-4*29-15-5-6-21-10-16-2-7-24-3-23*1-3-14-7-27-2-21-5-6-13-0-18-12*19-8-26-0-18-13-6-10-27-16-28-25-22-17-12*23-1-4-20*