33_3_Mumford1__ALL_param RESULTS EVALUATION:
\
HV:0.7622 | BM:0.7758

\
	Operator	Passenger
\
f1_ATT	29.6346		22.7595
\
f2_TRT	530		1590
\
d_0	23.4896		51.9181
\
d_1	52.9595		47.3941
\
d_2	21.0895		0.6879
\
d_un	2.4614		0.0000

\
Best Operator Route set:
\
[[27, 41, 34, 58, 64, 52, 20, 17, 61, 60],
[46, 40, 53, 47, 6, 56, 28, 8, 10, 59],
[65, 32, 39, 18, 54, 36, 45, 58, 51, 35],
[23, 2, 0, 69, 3, 66, 19, 38, 22, 33],
[29, 48, 66, 19, 36, 45, 34, 35, 51, 8, 26, 62],
[4, 25, 12, 41, 45, 22, 13, 50, 2, 14],
[7, 4, 12, 25, 41, 34, 57, 35, 6, 47],
[50, 43, 20, 55, 10, 16, 26, 30, 24, 21],
[63, 24, 30, 26, 16, 10, 17, 61, 60, 44],
[5, 18, 54, 36, 45, 58, 64, 52, 10, 16],
[68, 9, 11, 31, 1, 26, 8, 51, 41, 45],
[49, 26, 16, 10, 55, 20, 33, 22, 19, 66],
[37, 65, 5, 54, 19, 22, 33, 43, 61, 60],
[22, 33, 20, 55, 10, 16, 26, 49, 15, 42],
[12, 25, 27, 41, 36, 54, 18, 5, 37, 67]]

\
Best Passenger Route set:
\
[[5, 65, 19, 38, 69, 66, 48, 39, 32, 54, 36, 45, 34, 35, 6, 21, 62, 42, 30, 63],
[28, 56, 8, 51, 34, 25, 27, 67, 37, 65, 19, 29, 69, 23, 50, 43, 20, 10, 16, 26, 30, 24, 63, 6, 35, 58, 45, 22, 33],
[14, 44, 61, 43, 13, 22, 38, 69, 48, 39, 18, 5, 54, 66, 3, 23, 2, 50, 33, 58, 34, 25, 12, 4, 7, 53],
[4, 12, 25, 57, 51, 8, 26, 1, 31, 11, 68, 59, 10, 52, 64, 58, 41, 27, 67, 5, 18, 54, 19, 69, 38, 22, 33, 50, 23, 29],
[57, 41, 36, 19, 18, 39, 48, 3, 0, 2, 14, 44, 61, 17, 10, 8, 56, 6, 47, 53, 46, 7, 4, 12, 25, 27, 67, 37, 5, 54],
[63, 6, 35, 34, 45, 22, 38, 66, 18, 5, 67, 27, 41, 51, 64, 52, 55, 16, 1, 68, 9, 17, 43, 50, 0, 23, 29, 48, 39, 32],
[67, 5, 32, 37, 65, 18, 54, 36, 41, 51, 8, 26, 49, 15, 42, 24, 63, 21, 30],
[40, 46, 7, 4, 25, 27, 67, 37, 32, 39, 18, 54, 36, 45, 58, 64, 52, 8, 28, 10, 55, 20, 13, 43, 17, 9, 31, 11, 1, 16],
[42, 15, 11, 68, 9, 1, 26, 8, 56, 6, 47, 53, 7, 40, 46],
[69, 23, 50, 2, 14, 60, 17, 20, 52, 64, 35, 57, 25, 4, 12, 27, 67, 65, 39, 48, 29, 3, 38, 36, 22, 13, 33, 58, 41, 34],
[58, 57, 51, 8, 10, 59, 11, 68, 9, 16, 55, 20, 43, 50, 0, 69, 38, 36, 41, 25, 4, 53, 47, 6, 21, 24, 62, 30, 15, 49],
[2, 23, 3, 69, 19, 65, 37, 5, 54, 38, 22, 33, 20, 17, 59, 1, 49, 42, 24, 21, 63],
[46, 40, 12, 41, 45, 22, 13, 43, 61, 60, 44, 14],
[63, 24, 62, 26, 16, 10, 20, 33, 22, 19, 66, 3, 69, 0, 50, 17, 55, 8, 56, 6, 47],
[68, 59, 10, 20, 55, 8, 28, 56, 51, 35, 34, 41, 36, 19, 66, 48, 3, 23, 50, 17, 9, 11, 15, 30, 24, 62, 26, 16, 1, 31]]

\
Best Operator Route set string:
\
27-41-34-58-64-52-20-17-61-60*46-40-53-47-6-56-28-8-10-59*65-32-39-18-54-36-45-58-51-35*23-2-0-69-3-66-19-38-22-33*29-48-66-19-36-45-34-35-51-8-26-62*4-25-12-41-45-22-13-50-2-14*7-4-12-25-41-34-57-35-6-47*50-43-20-55-10-16-26-30-24-21*63-24-30-26-16-10-17-61-60-44*5-18-54-36-45-58-64-52-10-16*68-9-11-31-1-26-8-51-41-45*49-26-16-10-55-20-33-22-19-66*37-65-5-54-19-22-33-43-61-60*22-33-20-55-10-16-26-49-15-42*12-25-27-41-36-54-18-5-37-67*

\
Best Passenger Route set sting:
\
5-65-19-38-69-66-48-39-32-54-36-45-34-35-6-21-62-42-30-63*28-56-8-51-34-25-27-67-37-65-19-29-69-23-50-43-20-10-16-26-30-24-63-6-35-58-45-22-33*14-44-61-43-13-22-38-69-48-39-18-5-54-66-3-23-2-50-33-58-34-25-12-4-7-53*4-12-25-57-51-8-26-1-31-11-68-59-10-52-64-58-41-27-67-5-18-54-19-69-38-22-33-50-23-29*57-41-36-19-18-39-48-3-0-2-14-44-61-17-10-8-56-6-47-53-46-7-4-12-25-27-67-37-5-54*63-6-35-34-45-22-38-66-18-5-67-27-41-51-64-52-55-16-1-68-9-17-43-50-0-23-29-48-39-32*67-5-32-37-65-18-54-36-41-51-8-26-49-15-42-24-63-21-30*40-46-7-4-25-27-67-37-32-39-18-54-36-45-58-64-52-8-28-10-55-20-13-43-17-9-31-11-1-16*42-15-11-68-9-1-26-8-56-6-47-53-7-40-46*69-23-50-2-14-60-17-20-52-64-35-57-25-4-12-27-67-65-39-48-29-3-38-36-22-13-33-58-41-34*58-57-51-8-10-59-11-68-9-16-55-20-43-50-0-69-38-36-41-25-4-53-47-6-21-24-62-30-15-49*2-23-3-69-19-65-37-5-54-38-22-33-20-17-59-1-49-42-24-21-63*46-40-12-41-45-22-13-43-61-60-44-14*63-24-62-26-16-10-20-33-22-19-66-3-69-0-50-17-55-8-56-6-47*68-59-10-20-55-8-28-56-51-35-34-41-36-19-66-48-3-23-50-17-9-11-15-30-24-62-26-16-1-31*