23_2_Mumford0_SA_Mutations RESULTS EVALUATION:
\
HV:0.8040 | BM:0.8087

\
	Operator	Passenger
\
f1_ATT	24.3507		15.5944
\
f2_TRT	98		469
\
d_0	25.8563		66.1533
\
d_1	44.0963		33.4843
\
d_2	24.5002		0.3624
\
d_un	5.5471		0.0000

\
Best Operator Route set:
\
[[22, 17],
[12, 19, 22, 18, 0, 25, 7, 14, 23, 3, 1, 9],
[24, 4],
[14, 11],
[8, 12],
[10, 15],
[0, 26],
[25, 28],
[7, 20],
[14, 24],
[6, 13],
[29, 2, 10, 27, 7, 16, 6, 21, 5]]

\
Best Passenger Route set:
\
[[11, 14, 7, 27, 29, 2, 6, 13, 0],
[24, 14, 11, 17, 19, 8, 26, 0, 28, 7, 20, 23, 1, 3, 9],
[17, 12, 18, 13],
[26, 8, 12, 19, 22, 25, 7, 2, 29, 10],
[22, 25, 28, 16, 27, 10, 21],
[20, 4, 24, 23, 14, 7, 25, 0, 18, 22, 17, 11, 3, 1, 9],
[25, 22, 12, 17, 28, 7, 16, 6, 21, 5, 15, 2, 27],
[0, 22],
[9, 1, 24, 7, 10, 2, 29, 27, 16, 28, 0, 18, 19],
[8, 12, 0, 18, 13, 6, 15, 10],
[15, 2, 21, 6, 16, 7, 4, 24, 3, 1, 14, 9],
[28, 25, 11, 17, 0, 13, 6, 5, 21, 10, 7, 14, 23, 9, 3]]

\
Best Operator Route set string:
\
22-17*12-19-22-18-0-25-7-14-23-3-1-9*24-4*14-11*8-12*10-15*0-26*25-28*7-20*14-24*6-13*29-2-10-27-7-16-6-21-5*

\
Best Passenger Route set sting:
\
11-14-7-27-29-2-6-13-0*24-14-11-17-19-8-26-0-28-7-20-23-1-3-9*17-12-18-13*26-8-12-19-22-25-7-2-29-10*22-25-28-16-27-10-21*20-4-24-23-14-7-25-0-18-22-17-11-3-1-9*25-22-12-17-28-7-16-6-21-5-15-2-27*0-22*9-1-24-7-10-2-29-27-16-28-0-18-19*8-12-0-18-13-6-15-10*15-2-21-6-16-7-4-24-3-1-14-9*28-25-11-17-0-13-6-5-21-10-7-14-23-9-3*