33_2_Mumford0__ALL_param RESULTS EVALUATION:
\
HV:0.8054 | BM:0.8087

\
	Operator	Passenger
\
f1_ATT	25.6691		15.6903
\
f2_TRT	98		441
\
d_0	27.3848		61.8132
\
d_1	40.7616		37.4328
\
d_2	24.0385		0.7540
\
d_un	7.8151		0.0000

\
Best Operator Route set:
\
[[25, 22, 19, 12],
[14, 20],
[0, 18],
[21, 6, 13, 0, 22, 17, 11, 14, 7, 27, 29, 2, 10, 15],
[25, 28],
[16, 7],
[1, 3],
[21, 5],
[12, 8],
[26, 0],
[4, 24],
[9, 3, 23, 14, 24]]

\
Best Passenger Route set:
\
[[14, 7, 2, 16, 28, 25, 22, 12, 8, 26],
[10, 6, 2, 29],
[9, 1, 3, 11, 17, 22, 18, 0, 13, 6, 21, 10, 27, 16, 28],
[2, 27, 15, 10, 16],
[9, 3, 24, 7, 27, 29, 2, 15, 6, 13, 18, 12, 8, 26],
[8, 19, 18, 13, 6, 2],
[16, 28, 17, 19, 12, 18],
[4, 20, 24, 14, 11, 17, 12, 8],
[3, 4, 1, 23, 20, 7, 25, 0, 19, 22],
[1, 3, 9, 23, 14, 7, 16, 6, 5, 21, 2, 29, 10],
[17, 19, 8, 26, 0, 28, 7, 4, 24, 1, 3, 23, 9, 14],
[29, 15, 10, 7, 20, 14, 9, 23, 24, 4]]

\
Best Operator Route set string:
\
25-22-19-12*14-20*0-18*21-6-13-0-22-17-11-14-7-27-29-2-10-15*25-28*16-7*1-3*21-5*12-8*26-0*4-24*9-3-23-14-24*

\
Best Passenger Route set sting:
\
14-7-2-16-28-25-22-12-8-26*10-6-2-29*9-1-3-11-17-22-18-0-13-6-21-10-27-16-28*2-27-15-10-16*9-3-24-7-27-29-2-15-6-13-18-12-8-26*8-19-18-13-6-2*16-28-17-19-12-18*4-20-24-14-11-17-12-8*3-4-1-23-20-7-25-0-19-22*1-3-9-23-14-7-16-6-5-21-2-29-10*17-19-8-26-0-28-7-4-24-1-3-23-9-14*29-15-10-7-20-14-9-23-24-4*