3_2_Mumford0_GA_Mutations RESULTS EVALUATION:
\
HV:0.7544 | BM:0.8087

\
	Operator	Passenger
\
f1_ATT	24.8042		16.2757
\
f2_TRT	125		307
\
d_0	28.3055		58.8029
\
d_1	52.2183		41.0831
\
d_2	18.7778		0.1140
\
d_un	0.6985		0.0000

\
Best Operator Route set:
\
[[4, 24, 14, 20, 7, 28, 25],
[5, 21],
[5, 21],
[5, 21],
[5, 21],
[26, 8, 12, 19, 22, 0, 18, 13, 6, 21],
[15, 10, 2, 29, 27, 16, 28, 25, 0, 18],
[1, 3, 9, 23, 14, 11, 17, 22],
[5, 21],
[5, 21],
[5, 21],
[5, 21]]

\
Best Passenger Route set:
\
[[5, 21, 10, 27, 7, 14, 23, 9],
[4, 24, 14, 11, 17, 19, 12, 8],
[29, 2, 27, 7, 28, 17, 19, 12],
[9, 1, 3, 24, 4, 7, 10, 21],
[8, 19, 12, 18, 0, 13, 6, 5, 21],
[22, 18, 0, 25, 7, 20, 24],
[5, 21, 6, 16, 7, 20, 14, 11, 25],
[1, 3, 23, 14, 7, 16, 6, 5],
[15, 10, 16, 28, 25, 22, 19, 12],
[5, 21],
[26, 0, 18, 22, 17, 11, 3, 1, 9],
[26, 8, 12, 0, 18, 13, 6, 15, 10, 29]]

\
Best Operator Route set string:
\
4-24-14-20-7-28-25*5-21*5-21*5-21*5-21*26-8-12-19-22-0-18-13-6-21*15-10-2-29-27-16-28-25-0-18*1-3-9-23-14-11-17-22*5-21*5-21*5-21*5-21*

\
Best Passenger Route set sting:
\
5-21-10-27-7-14-23-9*4-24-14-11-17-19-12-8*29-2-27-7-28-17-19-12*9-1-3-24-4-7-10-21*8-19-12-18-0-13-6-5-21*22-18-0-25-7-20-24*5-21-6-16-7-20-14-11-25*1-3-23-14-7-16-6-5*15-10-16-28-25-22-19-12*5-21*26-0-18-22-17-11-3-1-9*26-8-12-0-18-13-6-15-10-29*