33_2_Mumford0__ALL_param RESULTS EVALUATION:
\
HV:0.8109 | BM:0.8087

\
	Operator	Passenger
\
f1_ATT	34.8767		15.4374
\
f2_TRT	98		655
\
d_0	14.7767		69.0729
\
d_1	28.6942		30.0152
\
d_2	27.4112		0.9119
\
d_un	29.1180		0.0000

\
Best Operator Route set:
\
[[6, 15, 10],
[13, 18, 0, 22, 17],
[17, 12, 8],
[4, 24],
[22, 25, 28],
[2, 27, 7, 20, 24, 1],
[1, 9, 23, 14, 11, 17],
[5, 21, 10, 2, 29],
[0, 26],
[16, 27],
[3, 1],
[12, 19]]

\
Best Passenger Route set:
\
[[5, 21, 15, 27, 7, 25, 11, 14, 3, 4, 20],
[27, 16, 28, 0, 12, 19, 22, 25, 7, 14, 23, 20, 4],
[9, 23, 14, 24, 7, 10, 29, 2, 6, 13, 18, 12, 8],
[3, 11, 17, 19, 0, 26, 8, 12, 18, 13, 6, 10, 16],
[26, 8, 12, 17, 11, 14, 23, 1, 24, 20],
[10, 21, 6, 13, 0, 26, 8, 19, 22, 25, 7, 20, 24, 3, 23],
[16, 15, 6, 13, 18, 0, 25, 11, 3, 9, 14, 7, 4, 24, 23],
[18, 22, 19, 0, 13, 6, 5, 21, 15, 16, 27, 7, 14, 3, 24],
[6, 10, 7, 24, 3, 11, 17, 12],
[9, 1, 4, 7, 2, 15, 6, 13, 18, 22, 17, 28, 25, 11, 3],
[0, 25, 11, 14, 23, 3, 1, 24, 7, 16, 6, 5, 21, 2],
[1, 14, 20, 7, 25, 0, 22, 17, 28, 16, 2, 29, 27, 10, 15]]

\
Best Operator Route set string:
\
6-15-10*13-18-0-22-17*17-12-8*4-24*22-25-28*2-27-7-20-24-1*1-9-23-14-11-17*5-21-10-2-29*0-26*16-27*3-1*12-19*

\
Best Passenger Route set sting:
\
5-21-15-27-7-25-11-14-3-4-20*27-16-28-0-12-19-22-25-7-14-23-20-4*9-23-14-24-7-10-29-2-6-13-18-12-8*3-11-17-19-0-26-8-12-18-13-6-10-16*26-8-12-17-11-14-23-1-24-20*10-21-6-13-0-26-8-19-22-25-7-20-24-3-23*16-15-6-13-18-0-25-11-3-9-14-7-4-24-23*18-22-19-0-13-6-5-21-15-16-27-7-14-3-24*6-10-7-24-3-11-17-12*9-1-4-7-2-15-6-13-18-22-17-28-25-11-3*0-25-11-14-23-3-1-24-7-16-6-5-21-2*1-14-20-7-25-0-22-17-28-16-2-29-27-10-15*