33_2_Mumford0__ALL_param RESULTS EVALUATION:
\
HV:0.8046 | BM:0.8087

\
	Operator	Passenger
\
f1_ATT	25.7753		15.6432
\
f2_TRT	97		432
\
d_0	21.3087		66.4894
\
d_1	40.0427		33.2651
\
d_2	27.8788		0.2455
\
d_un	10.7698		0.0000

\
Best Operator Route set:
\
[[27, 16],
[28, 25],
[15, 10],
[26, 0],
[17, 22],
[5, 21, 10, 27, 7, 25, 0, 18, 12, 19],
[22, 18],
[29, 2, 10, 6, 13],
[7, 20, 14, 23, 9, 1, 3, 11],
[24, 4],
[24, 20],
[8, 12]]

\
Best Passenger Route set:
\
[[9, 14, 24, 4, 7, 27, 10],
[11, 25, 28, 16, 6, 21, 2],
[20, 7, 25, 0, 18, 22, 17, 11, 14, 23, 9, 3, 1, 4, 24],
[13, 6, 16, 7, 14, 23, 1, 3, 24, 20],
[26, 8, 12, 19, 17, 28, 7, 20, 24, 1, 3, 11, 25, 22, 18],
[5, 15, 2, 7, 20, 14, 11],
[11, 14, 3, 24, 7, 2],
[18, 12, 19, 22, 25, 28, 16, 2, 29, 27, 7, 24],
[11, 17, 19, 12, 0, 13, 6, 5, 21, 10, 27, 7, 14, 9, 3],
[29, 27, 16, 28, 0, 26, 8, 12, 22, 18, 13, 6, 15, 10],
[16, 27, 2, 10, 29, 15],
[25, 28]]

\
Best Operator Route set string:
\
27-16*28-25*15-10*26-0*17-22*5-21-10-27-7-25-0-18-12-19*22-18*29-2-10-6-13*7-20-14-23-9-1-3-11*24-4*24-20*8-12*

\
Best Passenger Route set sting:
\
9-14-24-4-7-27-10*11-25-28-16-6-21-2*20-7-25-0-18-22-17-11-14-23-9-3-1-4-24*13-6-16-7-14-23-1-3-24-20*26-8-12-19-17-28-7-20-24-1-3-11-25-22-18*5-15-2-7-20-14-11*11-14-3-24-7-2*18-12-19-22-25-28-16-2-29-27-7-24*11-17-19-12-0-13-6-5-21-10-27-7-14-9-3*29-27-16-28-0-26-8-12-22-18-13-6-15-10*16-27-2-10-29-15*25-28*