33_3_Mumford1__ALL_param RESULTS EVALUATION:
\
HV:0.7691 | BM:0.7758

\
	Operator	Passenger
\
f1_ATT	26.6328		22.5822
\
f2_TRT	521		1660
\
d_0	24.4428		53.8670
\
d_1	58.4761		45.0952
\
d_2	16.3848		1.0378
\
d_un	0.6962		0.0000

\
Best Operator Route set:
\
[[25, 12, 41, 34, 35, 51, 64, 52, 20, 17],
[37, 5, 54, 38, 22, 33, 20, 17, 61, 60],
[2, 50, 13, 22, 45, 41, 25, 4, 7, 40, 46],
[32, 18, 54, 36, 45, 58, 51, 56, 28, 8],
[8, 26, 16, 9, 68, 1, 49, 15, 42, 62],
[39, 48, 29, 69, 23, 50, 17, 59, 1, 26],
[23, 0, 50, 43, 20, 55, 16, 26, 30, 24],
[57, 34, 58, 33, 13, 43, 17, 10, 16, 1],
[34, 35, 6, 63, 21, 24, 30, 26, 16, 1],
[37, 5, 67, 27, 41, 35, 51, 8, 26, 49],
[34, 58, 64, 52, 55, 10, 59, 9, 68, 11],
[57, 34, 51, 8, 26, 1, 31, 11, 9, 68],
[57, 34, 41, 36, 38, 19, 66, 3, 69, 23],
[34, 45, 36, 38, 19, 66, 48, 39, 32, 65],
[14, 44, 17, 55, 8, 56, 6, 47, 53, 7]]

\
Best Passenger Route set:
\
[[21, 30, 24, 62, 42, 15, 49, 1, 59, 17, 61, 14, 2, 50, 33, 58, 41, 12, 4, 40, 46],
[22, 33, 58, 57, 41, 51, 8, 10, 59, 9, 68, 1, 26, 30, 63, 6, 47, 53, 4, 25, 27, 67, 37, 65, 32, 5, 18, 69, 19],
[53, 7, 4, 25, 34, 57, 35, 64, 52, 20, 43, 50, 0, 3, 66, 18, 67, 27, 12, 40, 46],
[35, 64, 58, 33, 13, 22, 19, 29, 48, 69, 23, 50, 17, 10, 16, 26, 30, 24, 21, 6, 56, 51, 34, 45, 36, 54, 18, 65, 5, 37],
[44, 60, 61, 43, 13, 22, 45, 41, 12, 4, 7, 40, 46],
[28, 10, 20, 33, 22, 38, 18, 39, 48, 66, 19, 36, 45, 58, 35, 6, 21, 24, 62, 26, 16, 55, 8, 51, 57, 25, 4, 53],
[45, 34, 57, 41, 35, 51, 64, 52, 8, 26, 49, 42, 24, 63, 6, 56, 28, 10, 17, 44, 14, 2, 0, 69, 48, 29, 66, 38],
[30, 42, 62, 26, 8, 28, 56, 51, 58, 33, 22, 19, 3, 23, 2, 14, 60, 17, 55, 52, 64, 35, 34, 25, 12, 27, 67, 5, 65, 37],
[40, 7, 4, 25, 57, 34, 58, 64, 52, 10, 59, 11, 68, 9, 17, 20, 33, 22, 38, 54, 5, 37, 65, 19, 3, 23, 50, 13],
[2, 50, 43, 61, 44, 17, 55, 10, 52, 64, 58, 45, 36, 54, 32, 37, 67, 27, 41, 35, 6, 63, 24, 62, 42, 49, 9, 31, 1, 16],
[25, 41, 34, 58, 33, 43, 17, 20, 55, 8, 56, 6, 47, 7, 40, 4, 12, 27, 67, 37, 32, 39],
[62, 21, 24, 42, 15, 49, 26, 8, 51, 41, 36, 54, 18, 39, 65, 5, 37],
[4, 12, 41, 58, 64, 52, 55, 17, 9, 11, 1, 26, 8, 51, 57, 25, 27, 67, 5, 54, 19, 29, 23, 50, 43, 61, 60, 44],
[63, 30, 15, 42, 62, 26, 49, 11, 31, 1, 16, 10, 20, 13, 22, 19, 29, 3, 38, 36, 41, 25, 27, 67, 65, 54, 66, 69, 23, 0],
[23, 29, 3, 48, 39, 32, 18, 54, 66, 19, 22, 13, 50, 0, 69, 38, 36, 41, 12, 4, 7, 46, 53, 47, 6, 35, 57, 34, 58]]

\
Best Operator Route set string:
\
25-12-41-34-35-51-64-52-20-17*37-5-54-38-22-33-20-17-61-60*2-50-13-22-45-41-25-4-7-40-46*32-18-54-36-45-58-51-56-28-8*8-26-16-9-68-1-49-15-42-62*39-48-29-69-23-50-17-59-1-26*23-0-50-43-20-55-16-26-30-24*57-34-58-33-13-43-17-10-16-1*34-35-6-63-21-24-30-26-16-1*37-5-67-27-41-35-51-8-26-49*34-58-64-52-55-10-59-9-68-11*57-34-51-8-26-1-31-11-9-68*57-34-41-36-38-19-66-3-69-23*34-45-36-38-19-66-48-39-32-65*14-44-17-55-8-56-6-47-53-7*

\
Best Passenger Route set sting:
\
21-30-24-62-42-15-49-1-59-17-61-14-2-50-33-58-41-12-4-40-46*22-33-58-57-41-51-8-10-59-9-68-1-26-30-63-6-47-53-4-25-27-67-37-65-32-5-18-69-19*53-7-4-25-34-57-35-64-52-20-43-50-0-3-66-18-67-27-12-40-46*35-64-58-33-13-22-19-29-48-69-23-50-17-10-16-26-30-24-21-6-56-51-34-45-36-54-18-65-5-37*44-60-61-43-13-22-45-41-12-4-7-40-46*28-10-20-33-22-38-18-39-48-66-19-36-45-58-35-6-21-24-62-26-16-55-8-51-57-25-4-53*45-34-57-41-35-51-64-52-8-26-49-42-24-63-6-56-28-10-17-44-14-2-0-69-48-29-66-38*30-42-62-26-8-28-56-51-58-33-22-19-3-23-2-14-60-17-55-52-64-35-34-25-12-27-67-5-65-37*40-7-4-25-57-34-58-64-52-10-59-11-68-9-17-20-33-22-38-54-5-37-65-19-3-23-50-13*2-50-43-61-44-17-55-10-52-64-58-45-36-54-32-37-67-27-41-35-6-63-24-62-42-49-9-31-1-16*25-41-34-58-33-43-17-20-55-8-56-6-47-7-40-4-12-27-67-37-32-39*62-21-24-42-15-49-26-8-51-41-36-54-18-39-65-5-37*4-12-41-58-64-52-55-17-9-11-1-26-8-51-57-25-27-67-5-54-19-29-23-50-43-61-60-44*63-30-15-42-62-26-49-11-31-1-16-10-20-13-22-19-29-3-38-36-41-25-27-67-65-54-66-69-23-0*23-29-3-48-39-32-18-54-66-19-22-13-50-0-69-38-36-41-12-4-7-46-53-47-6-35-57-34-58*