2_3_Mumford1_GA_Crossover RESULTS EVALUATION:
\
HV:0.7586 | BM:0.7758

\
	Operator	Passenger
\
f1_ATT	29.4359		24.0394
\
f2_TRT	483		861
\
d_0	23.1688		42.4184
\
d_1	49.5413		52.9496
\
d_2	24.4018		4.5692
\
d_un	2.8881		0.0628

\
Best Operator Route set:
\
[[5, 65, 37, 18, 54, 19, 38, 36, 45, 58],
[0, 2, 50, 13, 33, 22, 45, 58, 64, 52],
[29, 3, 66, 19, 38, 22, 33, 43, 61, 60],
[66, 19, 38, 36, 45, 58, 64, 52, 8, 26],
[41, 34, 57, 35, 51, 8, 26, 49, 15, 42],
[25, 41, 45, 36, 38, 19, 66, 3, 29, 48],
[34, 35, 51, 64, 52, 20, 17, 61, 44, 14],
[29, 3, 66, 19, 38, 36, 45, 58, 64, 52],
[3, 69, 23, 50, 43, 20, 10, 16, 26, 49, 62],
[32, 39, 18, 54, 36, 45, 34, 57, 35, 51],
[37, 65, 5, 67, 27, 25, 4, 7, 40, 46],
[9, 68, 59, 17, 20, 33, 22, 19, 18, 39],
[63, 21, 24, 30, 26, 1, 31, 11, 9, 68],
[25, 12, 41, 34, 57, 35, 51, 8, 55, 10],
[68, 1, 26, 8, 28, 56, 6, 47, 53, 4]]

\
Best Passenger Route set:
\
[[69, 48, 29, 3, 66, 19, 38, 36, 45, 34, 35, 6, 21, 24, 62, 42, 15],
[14, 2, 50, 33, 58, 34, 41, 12, 4, 7, 40, 46],
[2, 50, 43, 20, 55, 10, 28, 8, 56, 6, 47, 40, 46],
[20, 13, 50, 0, 23, 69, 38, 36, 41, 25, 4, 7, 46, 40],
[67, 27, 25, 34, 57, 58, 35, 6, 63, 24, 30, 26, 16, 10, 55, 20, 43, 50, 23, 69, 66, 18, 65, 5],
[47, 53, 4, 25, 57, 35, 51, 64, 52, 20, 17, 60, 44, 61, 43, 33, 13],
[67, 5, 54, 38, 22, 33, 20, 17, 9, 68, 11, 49],
[32, 39, 18, 54, 36, 45, 34, 35, 51, 8, 26, 1, 11],
[21, 62, 42, 49, 26, 16, 10, 20, 33, 22, 19, 66, 48, 39],
[63, 30, 62, 42, 15, 49, 26, 8, 51, 34, 41, 36, 54, 65, 37],
[31, 1, 16, 10, 52, 64, 58, 41, 27, 67, 37, 5],
[67, 65, 39, 48, 3, 0, 2, 14, 44, 61, 17, 10, 16, 26, 30, 24, 21, 63],
[31, 11, 68, 9, 17, 50, 23, 29, 48, 39, 32, 54],
[9, 68, 1, 26, 8, 56, 6, 47, 7, 40, 46, 53],
[39, 32, 37, 65, 5, 54, 36, 45, 58, 64, 52, 10, 59, 68, 9, 11, 15]]

\
Best Operator Route set string:
\
5-65-37-18-54-19-38-36-45-58*0-2-50-13-33-22-45-58-64-52*29-3-66-19-38-22-33-43-61-60*66-19-38-36-45-58-64-52-8-26*41-34-57-35-51-8-26-49-15-42*25-41-45-36-38-19-66-3-29-48*34-35-51-64-52-20-17-61-44-14*29-3-66-19-38-36-45-58-64-52*3-69-23-50-43-20-10-16-26-49-62*32-39-18-54-36-45-34-57-35-51*37-65-5-67-27-25-4-7-40-46*9-68-59-17-20-33-22-19-18-39*63-21-24-30-26-1-31-11-9-68*25-12-41-34-57-35-51-8-55-10*68-1-26-8-28-56-6-47-53-4*

\
Best Passenger Route set sting:
\
69-48-29-3-66-19-38-36-45-34-35-6-21-24-62-42-15*14-2-50-33-58-34-41-12-4-7-40-46*2-50-43-20-55-10-28-8-56-6-47-40-46*20-13-50-0-23-69-38-36-41-25-4-7-46-40*67-27-25-34-57-58-35-6-63-24-30-26-16-10-55-20-43-50-23-69-66-18-65-5*47-53-4-25-57-35-51-64-52-20-17-60-44-61-43-33-13*67-5-54-38-22-33-20-17-9-68-11-49*32-39-18-54-36-45-34-35-51-8-26-1-11*21-62-42-49-26-16-10-20-33-22-19-66-48-39*63-30-62-42-15-49-26-8-51-34-41-36-54-65-37*31-1-16-10-52-64-58-41-27-67-37-5*67-65-39-48-3-0-2-14-44-61-17-10-16-26-30-24-21-63*31-11-68-9-17-50-23-29-48-39-32-54*9-68-1-26-8-56-6-47-7-40-46-53*39-32-37-65-5-54-36-45-58-64-52-10-59-68-9-11-15*