23_3_Mumford1_SA_Mutations RESULTS EVALUATION:
\
HV:0.7529 | BM:0.7758

\
	Operator	Passenger
\
f1_ATT	29.6263		22.9951
\
f2_TRT	534		1577
\
d_0	23.8271		50.6160
\
d_1	53.5659		48.4381
\
d_2	20.2973		0.9459
\
d_un	2.3098		0.0000

\
Best Operator Route set:
\
[[27, 41, 34, 58, 64, 52, 20, 17, 61, 60],
[46, 40, 53, 47, 6, 56, 28, 8, 10, 59],
[32, 39, 18, 54, 36, 45, 58, 51, 35, 6],
[23, 2, 0, 69, 3, 66, 19, 38, 22, 33],
[29, 48, 66, 19, 36, 45, 34, 35, 51, 8, 26, 62],
[4, 25, 12, 41, 45, 22, 13, 50, 2, 14],
[7, 4, 12, 25, 41, 34, 57, 35, 6, 47],
[50, 43, 20, 55, 10, 16, 26, 30, 24, 21],
[63, 21, 24, 30, 26, 16, 10, 17, 61, 60, 44],
[5, 18, 54, 36, 45, 58, 64, 52, 10, 16],
[68, 9, 11, 31, 1, 26, 8, 51, 41, 45],
[49, 26, 16, 10, 55, 20, 33, 22, 19, 66],
[37, 65, 5, 54, 19, 22, 33, 43, 61, 60],
[22, 33, 20, 55, 10, 16, 26, 49, 15, 42],
[12, 25, 27, 41, 36, 54, 18, 5, 37, 67]]

\
Best Passenger Route set:
\
[[32, 65, 19, 38, 69, 48, 3, 0, 50, 13, 33, 20, 55, 10, 16, 26, 62, 24, 30, 15, 11, 9],
[67, 18, 66, 3, 19, 22, 45, 34, 57, 35, 58, 33, 43, 61, 44, 60],
[65, 37, 5, 32, 39, 48, 29, 69, 38, 18, 54, 66, 3, 0, 2, 14, 44, 60, 17, 20, 52, 64, 51, 35, 41, 12, 4, 7, 47, 6],
[40, 53, 46, 7, 4, 12, 25, 41, 45, 34, 35, 51, 56, 28, 8, 52, 55, 16, 1, 49, 11, 15, 42, 30, 63],
[34, 45, 36, 22, 33, 58, 51, 35, 6, 63, 30, 26, 8, 52, 64],
[47, 53, 4, 25, 41, 36, 19, 69, 23, 2, 14, 44, 17, 59, 9, 68, 11, 49, 1],
[29, 69, 18, 65, 5, 67, 27, 41, 34, 51, 56, 8, 26, 1, 31, 11, 59, 10, 52, 64, 35, 57, 25, 12, 40, 4],
[37, 32, 39, 48, 66, 18, 54, 65, 67, 27, 12, 41, 57, 35, 6, 63, 21, 62, 42, 15, 49, 26, 16, 10, 20, 13, 22, 19, 29, 69],
[34, 41, 27, 67, 65, 19, 3, 23, 50, 17, 9, 68, 11, 49, 26, 8, 52, 64, 58, 45, 36, 54, 18, 32, 39, 48, 69, 38, 66, 29],
[13, 33, 58, 34, 25, 27, 67, 65, 32, 39, 48, 3, 23, 50, 43, 17, 59, 1, 26, 30, 24, 21, 6, 35, 57, 51, 41, 36],
[52, 10, 16, 1, 68, 9, 17, 20, 33, 22, 38, 54, 5, 37, 67, 27, 25, 4, 53, 47, 6, 21, 30, 15, 49, 62, 24, 63],
[60, 14, 2, 50, 33, 58, 41, 25, 4, 7, 46, 40, 47, 6, 56, 28, 10, 17, 61, 44],
[55, 10, 52, 64, 51, 34, 58, 33, 50, 23, 29, 3, 66, 38, 36, 41, 35, 6, 63, 24, 42, 49, 1, 31, 9, 17, 43],
[54, 18, 37, 67, 27, 12, 40, 46, 7, 53, 47, 6, 56, 8, 55, 20, 43, 50, 2, 0, 23, 69, 29, 3, 38],
[65, 39, 32, 54, 19, 18, 37, 67, 27, 41, 35, 51, 8, 10, 59, 68, 9, 49, 26, 16, 55, 17, 44, 60, 61, 43]]

\
Best Operator Route set string:
\
27-41-34-58-64-52-20-17-61-60*46-40-53-47-6-56-28-8-10-59*32-39-18-54-36-45-58-51-35-6*23-2-0-69-3-66-19-38-22-33*29-48-66-19-36-45-34-35-51-8-26-62*4-25-12-41-45-22-13-50-2-14*7-4-12-25-41-34-57-35-6-47*50-43-20-55-10-16-26-30-24-21*63-21-24-30-26-16-10-17-61-60-44*5-18-54-36-45-58-64-52-10-16*68-9-11-31-1-26-8-51-41-45*49-26-16-10-55-20-33-22-19-66*37-65-5-54-19-22-33-43-61-60*22-33-20-55-10-16-26-49-15-42*12-25-27-41-36-54-18-5-37-67*

\
Best Passenger Route set sting:
\
32-65-19-38-69-48-3-0-50-13-33-20-55-10-16-26-62-24-30-15-11-9*67-18-66-3-19-22-45-34-57-35-58-33-43-61-44-60*65-37-5-32-39-48-29-69-38-18-54-66-3-0-2-14-44-60-17-20-52-64-51-35-41-12-4-7-47-6*40-53-46-7-4-12-25-41-45-34-35-51-56-28-8-52-55-16-1-49-11-15-42-30-63*34-45-36-22-33-58-51-35-6-63-30-26-8-52-64*47-53-4-25-41-36-19-69-23-2-14-44-17-59-9-68-11-49-1*29-69-18-65-5-67-27-41-34-51-56-8-26-1-31-11-59-10-52-64-35-57-25-12-40-4*37-32-39-48-66-18-54-65-67-27-12-41-57-35-6-63-21-62-42-15-49-26-16-10-20-13-22-19-29-69*34-41-27-67-65-19-3-23-50-17-9-68-11-49-26-8-52-64-58-45-36-54-18-32-39-48-69-38-66-29*13-33-58-34-25-27-67-65-32-39-48-3-23-50-43-17-59-1-26-30-24-21-6-35-57-51-41-36*52-10-16-1-68-9-17-20-33-22-38-54-5-37-67-27-25-4-53-47-6-21-30-15-49-62-24-63*60-14-2-50-33-58-41-25-4-7-46-40-47-6-56-28-10-17-61-44*55-10-52-64-51-34-58-33-50-23-29-3-66-38-36-41-35-6-63-24-42-49-1-31-9-17-43*54-18-37-67-27-12-40-46-7-53-47-6-56-8-55-20-43-50-2-0-23-69-29-3-38*65-39-32-54-19-18-37-67-27-41-35-51-8-10-59-68-9-49-26-16-55-17-44-60-61-43*