2_2_Mumford0_GA_Crossover RESULTS EVALUATION:
\
HV:0.8254 | BM:0.8087

\
	Operator	Passenger
\
f1_ATT	26.4046		15.0943
\
f2_TRT	96		526
\
d_0	28.6299		75.6547
\
d_1	35.1502		24.3453
\
d_2	25.4179		0.0000
\
d_un	10.8020		0.0000

\
Best Operator Route set:
\
[[24, 14],
[0, 22],
[8, 12, 19, 22, 25, 28, 16, 27, 7, 20, 14, 23, 1, 3, 9],
[22, 17, 11],
[2, 29],
[0, 18],
[24, 4],
[27, 29],
[5, 21],
[16, 6, 13],
[27, 10, 15, 21],
[0, 26]]

\
Best Passenger Route set:
\
[[16, 2, 29, 27, 7, 14, 9, 3, 11, 17, 22, 0, 13, 6, 5],
[3, 4, 24, 20, 7, 28, 17, 22, 25],
[24, 14, 11, 17, 22, 18, 0, 13, 6, 21, 5, 15, 27],
[24, 23, 3, 1, 4, 7, 25, 0, 18, 22, 19],
[12, 19, 22, 25, 7, 20, 23, 1, 3, 11, 17, 18, 0, 26, 8],
[29, 2, 7, 20, 24, 1, 3, 9, 23, 14, 11, 17, 19, 12, 8],
[26, 0, 28, 16, 6, 21, 5],
[7, 28, 0, 26, 8, 12, 18, 13, 6, 15, 2, 10, 21],
[9, 3, 1, 23, 20, 7, 16, 6, 5, 21, 2, 29, 10, 15],
[19, 22, 18, 13, 6, 16, 7, 20, 14, 11, 25, 28],
[21, 15, 10, 27, 7, 20, 14, 23, 1, 3],
[15, 10, 27, 16, 28, 25, 22, 19, 12, 8, 26]]

\
Best Operator Route set string:
\
24-14*0-22*8-12-19-22-25-28-16-27-7-20-14-23-1-3-9*22-17-11*2-29*0-18*24-4*27-29*5-21*16-6-13*27-10-15-21*0-26*

\
Best Passenger Route set sting:
\
16-2-29-27-7-14-9-3-11-17-22-0-13-6-5*3-4-24-20-7-28-17-22-25*24-14-11-17-22-18-0-13-6-21-5-15-27*24-23-3-1-4-7-25-0-18-22-19*12-19-22-25-7-20-23-1-3-11-17-18-0-26-8*29-2-7-20-24-1-3-9-23-14-11-17-19-12-8*26-0-28-16-6-21-5*7-28-0-26-8-12-18-13-6-15-2-10-21*9-3-1-23-20-7-16-6-5-21-2-29-10-15*19-22-18-13-6-16-7-20-14-11-25-28*21-15-10-27-7-20-14-23-1-3*15-10-27-16-28-25-22-19-12-8-26*