3_3_Mumford1_GA_Mutations RESULTS EVALUATION:
\
HV:0.7094 | BM:0.7758

\
	Operator	Passenger
\
f1_ATT	32.0889		25.2149
\
f2_TRT	524		698
\
d_0	22.9621		35.4782
\
d_1	46.0271		56.1088
\
d_2	26.7417		7.9142
\
d_un	4.2691		0.4989

\
Best Operator Route set:
\
[[46, 40, 7, 4, 12, 41, 45, 36, 19, 66],
[24, 21, 63, 6, 35, 34, 41, 45, 36, 38, 69, 3],
[39, 18, 54, 19, 38, 36, 45, 58, 64, 52],
[14, 2, 0, 50, 13, 33, 58, 64, 51, 35, 6, 47, 53],
[28, 8, 51, 35, 34, 45, 36, 38, 66, 48, 29],
[39, 18, 54, 36, 45, 34, 57, 35, 51, 56, 28],
[31, 11, 9, 68, 59, 17, 20, 33, 22, 38],
[37, 65, 5, 54, 38, 22, 33, 43, 61, 60, 44],
[39, 18, 54, 19, 38, 36, 45, 58, 64, 52],
[39, 18, 54, 19, 38, 36, 45, 58, 64, 52],
[32, 39, 18, 54, 19, 38, 36, 45, 58, 64, 52],
[39, 18, 54, 19, 38, 36, 45, 58, 64, 52],
[56, 28, 8, 55, 10, 16, 1, 26, 30, 63],
[46, 40, 7, 4, 25, 27, 67, 5, 37, 65],
[15, 42, 62, 49, 1, 16, 10, 20, 43, 50, 23, 69]]

\
Best Passenger Route set:
\
[[67, 37, 65, 5, 54, 19, 22, 13, 43, 61, 60, 44, 14],
[0, 2, 50, 43, 20, 55, 10, 16, 26, 30, 24, 62],
[2, 14, 44, 17, 10, 28, 8, 56, 6, 47, 53, 46],
[2, 0, 23, 69, 3, 38, 36, 45, 41, 25, 4, 53],
[22, 36, 45, 58, 64, 52, 55, 10, 59, 9, 68, 1, 11],
[14, 2, 50, 13, 33, 58, 34, 25, 4, 40, 46, 7],
[39, 48, 29, 69, 23, 50, 43, 17, 9, 68, 11, 31],
[63, 21, 30, 26, 8, 51, 34, 45, 36, 38, 19, 66, 29, 3],
[42, 15, 49, 26, 16, 10, 20, 43, 50, 23, 69, 29],
[9, 68, 59, 17, 20, 33, 22, 38, 54, 32, 39, 48, 69, 23],
[39, 32, 18, 54, 36, 45, 34, 35, 6, 63, 24, 62],
[53, 40, 4, 25, 57, 35, 51, 64, 52, 20, 17, 61, 43, 13],
[67, 37, 5, 54, 36, 45, 34, 51, 8, 26, 30, 24],
[39, 32, 5, 37, 67, 27, 25, 12, 4, 7, 40, 46],
[11, 31, 1, 26, 8, 51, 35, 57, 34, 41, 27, 67]]

\
Best Operator Route set string:
\
46-40-7-4-12-41-45-36-19-66*24-21-63-6-35-34-41-45-36-38-69-3*39-18-54-19-38-36-45-58-64-52*14-2-0-50-13-33-58-64-51-35-6-47-53*28-8-51-35-34-45-36-38-66-48-29*39-18-54-36-45-34-57-35-51-56-28*31-11-9-68-59-17-20-33-22-38*37-65-5-54-38-22-33-43-61-60-44*39-18-54-19-38-36-45-58-64-52*39-18-54-19-38-36-45-58-64-52*32-39-18-54-19-38-36-45-58-64-52*39-18-54-19-38-36-45-58-64-52*56-28-8-55-10-16-1-26-30-63*46-40-7-4-25-27-67-5-37-65*15-42-62-49-1-16-10-20-43-50-23-69*

\
Best Passenger Route set sting:
\
67-37-65-5-54-19-22-13-43-61-60-44-14*0-2-50-43-20-55-10-16-26-30-24-62*2-14-44-17-10-28-8-56-6-47-53-46*2-0-23-69-3-38-36-45-41-25-4-53*22-36-45-58-64-52-55-10-59-9-68-1-11*14-2-50-13-33-58-34-25-4-40-46-7*39-48-29-69-23-50-43-17-9-68-11-31*63-21-30-26-8-51-34-45-36-38-19-66-29-3*42-15-49-26-16-10-20-43-50-23-69-29*9-68-59-17-20-33-22-38-54-32-39-48-69-23*39-32-18-54-36-45-34-35-6-63-24-62*53-40-4-25-57-35-51-64-52-20-17-61-43-13*67-37-5-54-36-45-34-51-8-26-30-24*39-32-5-37-67-27-25-12-4-7-40-46*11-31-1-26-8-51-35-57-34-41-27-67*