8_4_Mumford2_GA_Crossover_prob RESULTS EVALUATION:
\
HV:0.6510 | BM:0.6490

\
	Operator	Passenger
\
f1_ATT	31.6997		26.0915
\
f2_TRT	1840		4867
\
d_0	20.0468		48.7949
\
d_1	54.9793		49.7238
\
d_2	22.8598		1.4813
\
d_un	2.1141		0.0000

\
Best Operator Route set:
\
[[38, 45, 2, 83, 15, 34, 3, 19, 33, 102],
[38, 63, 45, 2, 15, 34, 3, 19, 33, 99],
[75, 50, 95, 27, 105, 94, 85, 19, 33, 14],
[12, 63, 45, 55, 101, 27, 59, 21, 28, 46],
[30, 43, 72, 79, 73, 89, 52, 49, 91, 90],
[33, 19, 22, 85, 94, 101, 55, 87, 0, 1],
[91, 49, 8, 63, 55, 39, 17, 95, 68, 20],
[21, 27, 101, 55, 38, 63, 8, 90, 91, 49],
[21, 28, 86, 24, 19, 82, 26, 30, 43, 29],
[52, 10, 57, 106, 89, 11, 96, 64, 79, 73],
[4, 107, 36, 64, 92, 18, 15, 83, 94, 105],
[48, 44, 92, 18, 67, 98, 93, 35, 8, 62],
[1, 0, 87, 55, 101, 94, 105, 81, 6, 24],
[46, 86, 6, 85, 54, 66, 18, 92, 64, 73],
[30, 43, 72, 79, 64, 96, 73, 106, 57, 40],
[52, 49, 90, 8, 63, 55, 39, 17, 50, 68],
[68, 95, 17, 39, 55, 45, 63, 12, 16, 47],
[97, 80, 38, 63, 53, 62, 103, 70, 25, 7],
[91, 90, 8, 63, 55, 39, 17, 95, 68, 20],
[91, 90, 8, 63, 55, 39, 17, 95, 68, 20],
[45, 63, 53, 8, 35, 93, 98, 67, 18, 92],
[44, 92, 67, 98, 93, 35, 8, 62, 103, 41],
[52, 91, 90, 8, 63, 55, 39, 17, 95, 68],
[65, 17, 95, 68, 21, 28, 86, 51, 71, 88],
[31, 23, 9, 18, 98, 93, 100, 52, 89, 11],
[64, 11, 89, 52, 49, 90, 53, 63, 38, 80],
[13, 32, 27, 105, 94, 83, 15, 35, 91, 52],
[49, 90, 8, 63, 55, 39, 17, 95, 68, 50],
[41, 103, 62, 8, 90, 49, 52, 89, 11, 64],
[109, 89, 52, 91, 90, 8, 53, 63, 38, 58],
[74, 12, 62, 8, 90, 91, 52, 89, 11, 5],
[33, 19, 22, 54, 15, 2, 63, 38, 80, 97],
[44, 92, 18, 67, 98, 93, 35, 8, 62, 103],
[13, 32, 68, 95, 17, 39, 55, 63, 53, 62],
[64, 11, 89, 106, 57, 40, 37, 25, 84, 104],
[69, 14, 76, 99, 82, 44, 72, 79, 73, 106],
[80, 38, 63, 8, 90, 49, 91, 52, 89, 109],
[65, 39, 55, 63, 53, 90, 91, 52, 89, 73],
[73, 89, 52, 91, 90, 8, 53, 45, 38, 58],
[75, 17, 39, 55, 45, 53, 8, 90, 91, 49],
[64, 11, 89, 52, 49, 90, 53, 63, 38, 80],
[45, 63, 53, 8, 90, 49, 91, 52, 89, 109],
[109, 89, 52, 91, 90, 53, 63, 55, 39, 78],
[52, 91, 90, 8, 63, 55, 39, 17, 95, 68],
[61, 1, 0, 87, 55, 63, 8, 90, 49, 52],
[80, 38, 63, 53, 8, 90, 91, 52, 89, 109],
[5, 42, 73, 89, 52, 49, 91, 90, 8, 53],
[28, 21, 27, 101, 55, 45, 63, 38, 53, 62],
[13, 32, 68, 95, 17, 39, 55, 87, 0, 1],
[45, 63, 53, 8, 90, 49, 91, 52, 89, 109],
[45, 63, 53, 8, 90, 49, 91, 52, 89, 109],
[24, 19, 23, 82, 44, 72, 36, 108, 107, 77],
[52, 10, 57, 106, 89, 11, 96, 64, 79, 73],
[42, 73, 89, 52, 49, 90, 53, 63, 38, 80],
[13, 32, 68, 95, 17, 56, 87, 80, 58, 60],
[52, 91, 90, 8, 63, 55, 39, 17, 95, 68]]

\
Best Passenger Route set:
\
[[87, 39, 17, 50, 20, 95, 27, 105, 83, 15, 18, 92, 72, 108, 107, 5, 11, 109, 64, 36, 79, 48],
[42, 106, 57, 40, 37, 7, 52, 100, 93, 3, 85, 6, 86, 28, 21, 13, 32, 95, 68, 17, 78],
[57, 37, 40, 7, 103, 62, 53, 45, 55, 39, 17, 95, 50, 20, 68, 59, 27, 94, 85, 54, 6],
[13, 28, 46, 86, 51, 102, 31, 33, 82, 44, 72, 79, 73, 106, 57, 40, 37, 25, 104, 7, 10],
[50, 75, 20, 95, 17, 65, 61, 56, 87, 38, 53, 90, 49, 52, 89, 11, 5, 77, 4, 107, 36],
[54, 6, 24, 31, 33, 14, 76, 102, 51, 86, 28, 21, 68, 20, 75, 50, 95, 78, 39, 65, 56, 1],
[39, 65, 61, 56, 87, 45, 2, 15, 34, 93, 18, 92, 72, 48, 44, 82, 19, 23, 33, 31, 22],
[29, 43, 26, 44, 92, 67, 93, 35, 8, 53, 12, 62, 103, 41, 70, 16, 74, 58, 97, 1, 0],
[40, 57, 37, 104, 84, 7, 52, 100, 67, 18, 9, 23, 82, 99, 76, 14, 31, 102, 88, 71],
[35, 2, 63, 12, 103, 70, 84, 7, 37, 104, 40, 10, 52, 100, 18, 9, 19, 31, 51, 71, 88],
[18, 67, 92, 72, 108, 79, 36, 5, 42, 89, 52, 49, 90, 8, 53, 63, 55, 39, 78, 0, 1, 61],
[7, 10, 57, 106, 73, 109, 64, 92, 18, 66, 3, 6, 86, 46, 51, 88, 71, 31, 22, 19, 82, 99],
[29, 30, 43, 72, 79, 64, 11, 89, 52, 10, 70, 7, 49, 90, 91, 8, 35, 15, 83, 3, 66, 18],
[104, 25, 7, 84, 37, 40, 10, 52, 91, 49, 90, 8, 63, 55, 39, 17, 75, 20, 95, 50, 65],
[67, 98, 3, 81, 94, 101, 55, 63, 38, 80, 97, 1, 56, 65, 17, 95, 59, 21, 86, 51, 88, 71],
[39, 65, 56, 61, 1, 0, 87, 38, 53, 90, 49, 91, 52, 89, 96, 42, 5, 36, 72, 108, 107, 77],
[15, 3, 66, 93, 18, 92, 64, 11, 73, 89, 52, 49, 90, 8, 63, 55, 39, 78, 65, 56, 0, 1],
[56, 1, 61, 0, 78, 65, 39, 55, 45, 63, 53, 8, 90, 91, 100, 67, 98, 93, 34, 18, 92],
[53, 38, 58, 60, 74, 16, 103, 41, 47, 12, 63, 2, 15, 54, 85, 24, 102, 88, 71, 51, 31, 22],
[79, 64, 109, 11, 89, 52, 91, 90, 8, 63, 38, 87, 56, 65, 17, 39, 55, 80, 0, 78, 95],
[28, 13, 32, 50, 17, 56, 39, 0, 87, 55, 101, 94, 81, 6, 85, 19, 82, 26, 29, 43, 30],
[37, 25, 70, 10, 40, 57, 106, 89, 73, 79, 72, 43, 30, 69, 14, 76, 33, 31, 23, 19, 22],
[32, 95, 50, 68, 21, 28, 86, 6, 85, 54, 3, 9, 92, 64, 96, 42, 5, 77, 107, 108, 36, 48],
[43, 26, 82, 23, 31, 51, 46, 28, 21, 32, 59, 27, 94, 83, 35, 49, 52, 10, 57, 7, 84, 104],
[88, 51, 71, 86, 28, 21, 59, 27, 101, 55, 45, 63, 53, 62, 91, 49, 90, 35, 93, 98, 67],
[89, 52, 7, 84, 37, 57, 106, 73, 11, 64, 92, 18, 3, 81, 86, 71, 88, 102, 24, 19, 85],
[75, 20, 68, 95, 50, 13, 32, 59, 27, 105, 83, 15, 34, 93, 100, 52, 89, 11, 96, 73, 64],
[86, 46, 28, 21, 13, 50, 68, 59, 27, 94, 83, 34, 18, 92, 64, 36, 4, 77, 107, 108],
[56, 87, 38, 80, 58, 74, 60, 47, 41, 103, 12, 63, 55, 39, 17, 50, 20, 75, 68, 32, 13],
[102, 88, 71, 51, 86, 28, 59, 27, 101, 55, 38, 74, 47, 62, 90, 35, 93, 100, 67, 98, 18, 66],
[36, 108, 79, 48, 72, 44, 30, 26, 82, 19, 22, 85, 6, 81, 94, 101, 55, 39, 56, 65, 17, 78],
[91, 49, 7, 70, 16, 74, 47, 12, 8, 35, 34, 3, 19, 33, 99, 69, 14, 102, 51, 46, 86],
[74, 47, 41, 12, 62, 8, 35, 15, 3, 19, 33, 99, 69, 30, 26, 72, 44, 92, 18, 67],
[46, 28, 59, 95, 50, 17, 39, 65, 56, 87, 55, 45, 2, 15, 18, 92, 64, 36, 108, 107, 77, 4],
[27, 17, 78, 39, 55, 45, 2, 15, 34, 93, 9, 23, 82, 26, 43, 30, 44, 92, 18, 66, 54, 24],
[92, 72, 79, 108, 4, 107, 36, 64, 11, 89, 52, 10, 70, 16, 47, 60, 12, 53, 38, 45, 55, 80],
[30, 43, 26, 82, 99, 69, 14, 33, 19, 22, 54, 15, 35, 8, 62, 103, 47, 12, 60, 58, 97, 1],
[68, 21, 59, 32, 20, 17, 65, 56, 1, 0, 87, 45, 2, 15, 34, 18, 92, 44, 26, 43, 30, 29],
[68, 75, 50, 95, 78, 17, 56, 1, 0, 80, 38, 63, 8, 90, 49, 52, 89, 11, 109, 73, 106, 57],
[104, 84, 37, 10, 40, 7, 25, 70, 103, 62, 53, 63, 45, 55, 101, 27, 21, 28, 46, 51, 86, 24],
[71, 88, 31, 19, 23, 82, 99, 69, 30, 43, 72, 108, 4, 77, 107, 48, 92, 64, 79, 73, 109],
[106, 73, 96, 64, 89, 52, 10, 70, 103, 62, 53, 63, 45, 55, 39, 65, 78, 0, 97, 58],
[89, 109, 11, 42, 57, 106, 73, 96, 64, 92, 9, 23, 31, 88, 71, 102, 33, 76, 99, 69, 43, 30],
[38, 87, 56, 17, 39, 65, 78, 95, 68, 13, 32, 27, 94, 83, 15, 18, 92, 64, 36, 108, 4],
[16, 47, 74, 60, 58, 38, 45, 2, 83, 15, 54, 85, 24, 102, 71, 88, 31, 33, 14, 99],
[37, 40, 57, 42, 106, 73, 89, 52, 49, 91, 90, 53, 63, 45, 2, 15, 83, 105, 27, 101, 55, 87],
[105, 27, 32, 21, 28, 46, 86, 6, 85, 54, 15, 35, 91, 49, 7, 84, 104, 25, 40, 10, 52, 89],
[38, 55, 45, 80, 87, 0, 1, 61, 65, 17, 27, 94, 105, 81, 6, 24, 31, 76, 14, 69, 30, 43],
[13, 28, 21, 27, 17, 78, 65, 39, 55, 45, 2, 15, 18, 67, 92, 72, 48, 107, 108, 79, 64, 96],
[62, 12, 41, 47, 16, 103, 7, 37, 40, 10, 52, 100, 18, 9, 19, 102, 88, 71, 51, 31, 24, 54],
[92, 72, 48, 44, 82, 33, 31, 23, 9, 18, 98, 67, 100, 52, 10, 37, 57, 106, 89, 42, 5],
[26, 43, 30, 44, 92, 18, 98, 67, 93, 35, 8, 62, 91, 52, 89, 106, 11, 64, 109, 73, 96],
[31, 88, 102, 14, 76, 69, 99, 33, 19, 22, 54, 15, 2, 45, 38, 80, 97, 87, 56, 61, 0, 1],
[75, 50, 65, 0, 80, 38, 63, 8, 90, 49, 52, 89, 64, 36, 108, 107, 4, 77, 5, 42, 106, 73],
[35, 90, 91, 49, 52, 10, 25, 84, 37, 7, 103, 62, 53, 63, 55, 39, 17, 95, 68, 50, 20],
[41, 47, 58, 74, 16, 12, 8, 90, 49, 52, 89, 11, 64, 36, 108, 107, 5, 42, 96, 73, 79, 72]]

\
Best Operator Route set string:
\
38-45-2-83-15-34-3-19-33-102*38-63-45-2-15-34-3-19-33-99*75-50-95-27-105-94-85-19-33-14*12-63-45-55-101-27-59-21-28-46*30-43-72-79-73-89-52-49-91-90*33-19-22-85-94-101-55-87-0-1*91-49-8-63-55-39-17-95-68-20*21-27-101-55-38-63-8-90-91-49*21-28-86-24-19-82-26-30-43-29*52-10-57-106-89-11-96-64-79-73*4-107-36-64-92-18-15-83-94-105*48-44-92-18-67-98-93-35-8-62*1-0-87-55-101-94-105-81-6-24*46-86-6-85-54-66-18-92-64-73*30-43-72-79-64-96-73-106-57-40*52-49-90-8-63-55-39-17-50-68*68-95-17-39-55-45-63-12-16-47*97-80-38-63-53-62-103-70-25-7*91-90-8-63-55-39-17-95-68-20*91-90-8-63-55-39-17-95-68-20*45-63-53-8-35-93-98-67-18-92*44-92-67-98-93-35-8-62-103-41*52-91-90-8-63-55-39-17-95-68*65-17-95-68-21-28-86-51-71-88*31-23-9-18-98-93-100-52-89-11*64-11-89-52-49-90-53-63-38-80*13-32-27-105-94-83-15-35-91-52*49-90-8-63-55-39-17-95-68-50*41-103-62-8-90-49-52-89-11-64*109-89-52-91-90-8-53-63-38-58*74-12-62-8-90-91-52-89-11-5*33-19-22-54-15-2-63-38-80-97*44-92-18-67-98-93-35-8-62-103*13-32-68-95-17-39-55-63-53-62*64-11-89-106-57-40-37-25-84-104*69-14-76-99-82-44-72-79-73-106*80-38-63-8-90-49-91-52-89-109*65-39-55-63-53-90-91-52-89-73*73-89-52-91-90-8-53-45-38-58*75-17-39-55-45-53-8-90-91-49*64-11-89-52-49-90-53-63-38-80*45-63-53-8-90-49-91-52-89-109*109-89-52-91-90-53-63-55-39-78*52-91-90-8-63-55-39-17-95-68*61-1-0-87-55-63-8-90-49-52*80-38-63-53-8-90-91-52-89-109*5-42-73-89-52-49-91-90-8-53*28-21-27-101-55-45-63-38-53-62*13-32-68-95-17-39-55-87-0-1*45-63-53-8-90-49-91-52-89-109*45-63-53-8-90-49-91-52-89-109*24-19-23-82-44-72-36-108-107-77*52-10-57-106-89-11-96-64-79-73*42-73-89-52-49-90-53-63-38-80*13-32-68-95-17-56-87-80-58-60*52-91-90-8-63-55-39-17-95-68*

\
Best Passenger Route set sting:
\
87-39-17-50-20-95-27-105-83-15-18-92-72-108-107-5-11-109-64-36-79-48*42-106-57-40-37-7-52-100-93-3-85-6-86-28-21-13-32-95-68-17-78*57-37-40-7-103-62-53-45-55-39-17-95-50-20-68-59-27-94-85-54-6*13-28-46-86-51-102-31-33-82-44-72-79-73-106-57-40-37-25-104-7-10*50-75-20-95-17-65-61-56-87-38-53-90-49-52-89-11-5-77-4-107-36*54-6-24-31-33-14-76-102-51-86-28-21-68-20-75-50-95-78-39-65-56-1*39-65-61-56-87-45-2-15-34-93-18-92-72-48-44-82-19-23-33-31-22*29-43-26-44-92-67-93-35-8-53-12-62-103-41-70-16-74-58-97-1-0*40-57-37-104-84-7-52-100-67-18-9-23-82-99-76-14-31-102-88-71*35-2-63-12-103-70-84-7-37-104-40-10-52-100-18-9-19-31-51-71-88*18-67-92-72-108-79-36-5-42-89-52-49-90-8-53-63-55-39-78-0-1-61*7-10-57-106-73-109-64-92-18-66-3-6-86-46-51-88-71-31-22-19-82-99*29-30-43-72-79-64-11-89-52-10-70-7-49-90-91-8-35-15-83-3-66-18*104-25-7-84-37-40-10-52-91-49-90-8-63-55-39-17-75-20-95-50-65*67-98-3-81-94-101-55-63-38-80-97-1-56-65-17-95-59-21-86-51-88-71*39-65-56-61-1-0-87-38-53-90-49-91-52-89-96-42-5-36-72-108-107-77*15-3-66-93-18-92-64-11-73-89-52-49-90-8-63-55-39-78-65-56-0-1*56-1-61-0-78-65-39-55-45-63-53-8-90-91-100-67-98-93-34-18-92*53-38-58-60-74-16-103-41-47-12-63-2-15-54-85-24-102-88-71-51-31-22*79-64-109-11-89-52-91-90-8-63-38-87-56-65-17-39-55-80-0-78-95*28-13-32-50-17-56-39-0-87-55-101-94-81-6-85-19-82-26-29-43-30*37-25-70-10-40-57-106-89-73-79-72-43-30-69-14-76-33-31-23-19-22*32-95-50-68-21-28-86-6-85-54-3-9-92-64-96-42-5-77-107-108-36-48*43-26-82-23-31-51-46-28-21-32-59-27-94-83-35-49-52-10-57-7-84-104*88-51-71-86-28-21-59-27-101-55-45-63-53-62-91-49-90-35-93-98-67*89-52-7-84-37-57-106-73-11-64-92-18-3-81-86-71-88-102-24-19-85*75-20-68-95-50-13-32-59-27-105-83-15-34-93-100-52-89-11-96-73-64*86-46-28-21-13-50-68-59-27-94-83-34-18-92-64-36-4-77-107-108*56-87-38-80-58-74-60-47-41-103-12-63-55-39-17-50-20-75-68-32-13*102-88-71-51-86-28-59-27-101-55-38-74-47-62-90-35-93-100-67-98-18-66*36-108-79-48-72-44-30-26-82-19-22-85-6-81-94-101-55-39-56-65-17-78*91-49-7-70-16-74-47-12-8-35-34-3-19-33-99-69-14-102-51-46-86*74-47-41-12-62-8-35-15-3-19-33-99-69-30-26-72-44-92-18-67*46-28-59-95-50-17-39-65-56-87-55-45-2-15-18-92-64-36-108-107-77-4*27-17-78-39-55-45-2-15-34-93-9-23-82-26-43-30-44-92-18-66-54-24*92-72-79-108-4-107-36-64-11-89-52-10-70-16-47-60-12-53-38-45-55-80*30-43-26-82-99-69-14-33-19-22-54-15-35-8-62-103-47-12-60-58-97-1*68-21-59-32-20-17-65-56-1-0-87-45-2-15-34-18-92-44-26-43-30-29*68-75-50-95-78-17-56-1-0-80-38-63-8-90-49-52-89-11-109-73-106-57*104-84-37-10-40-7-25-70-103-62-53-63-45-55-101-27-21-28-46-51-86-24*71-88-31-19-23-82-99-69-30-43-72-108-4-77-107-48-92-64-79-73-109*106-73-96-64-89-52-10-70-103-62-53-63-45-55-39-65-78-0-97-58*89-109-11-42-57-106-73-96-64-92-9-23-31-88-71-102-33-76-99-69-43-30*38-87-56-17-39-65-78-95-68-13-32-27-94-83-15-18-92-64-36-108-4*16-47-74-60-58-38-45-2-83-15-54-85-24-102-71-88-31-33-14-99*37-40-57-42-106-73-89-52-49-91-90-53-63-45-2-15-83-105-27-101-55-87*105-27-32-21-28-46-86-6-85-54-15-35-91-49-7-84-104-25-40-10-52-89*38-55-45-80-87-0-1-61-65-17-27-94-105-81-6-24-31-76-14-69-30-43*13-28-21-27-17-78-65-39-55-45-2-15-18-67-92-72-48-107-108-79-64-96*62-12-41-47-16-103-7-37-40-10-52-100-18-9-19-102-88-71-51-31-24-54*92-72-48-44-82-33-31-23-9-18-98-67-100-52-10-37-57-106-89-42-5*26-43-30-44-92-18-98-67-93-35-8-62-91-52-89-106-11-64-109-73-96*31-88-102-14-76-69-99-33-19-22-54-15-2-45-38-80-97-87-56-61-0-1*75-50-65-0-80-38-63-8-90-49-52-89-64-36-108-107-4-77-5-42-106-73*35-90-91-49-52-10-25-84-37-7-103-62-53-63-55-39-17-95-68-50-20*41-47-58-74-16-12-8-90-49-52-89-11-64-36-108-107-5-42-96-73-79-72*