33_3_Mumford1__ALL_param RESULTS EVALUATION:
\
HV:0.7561 | BM:0.7758

\
	Operator	Passenger
\
f1_ATT	26.5654		23.1675
\
f2_TRT	528		1486
\
d_0	24.7912		47.1796
\
d_1	56.3585		50.6580
\
d_2	18.3421		2.1623
\
d_un	0.5083		0.0000

\
Best Operator Route set:
\
[[8, 56, 51, 35, 64, 52, 55, 20, 13, 33],
[37, 65, 5, 54, 18, 39, 48, 29, 23, 0],
[28, 56, 51, 34, 45, 36, 38, 66, 69, 29],
[18, 54, 36, 45, 34, 35, 6, 21, 24, 62],
[49, 11, 68, 9, 59, 10, 55, 52, 8, 28],
[63, 6, 35, 51, 64, 52, 20, 43, 50, 0],
[46, 40, 7, 4, 25, 34, 58, 33, 50, 2],
[18, 54, 19, 38, 22, 33, 20, 17, 59, 11],
[40, 7, 4, 25, 27, 67, 5, 65, 32, 18],
[41, 45, 58, 64, 52, 20, 17, 60, 44, 14],
[34, 57, 51, 8, 26, 1, 31, 11, 9, 68],
[7, 53, 47, 6, 56, 8, 10, 17, 61, 44],
[25, 12, 41, 34, 51, 8, 26, 49, 15, 42],
[37, 5, 54, 66, 3, 69, 23, 50, 43, 17],
[21, 63, 24, 30, 26, 16, 10, 20, 43, 50]]

\
Best Passenger Route set:
\
[[65, 54, 32, 39, 18, 38, 22, 36, 19, 66, 69, 0, 50, 33, 58, 35, 64],
[25, 34, 35, 51, 56, 8, 10, 59, 11, 15, 42, 24, 21, 6, 47, 7, 46, 40, 12, 41, 58, 33, 20, 17, 60, 44, 14, 2, 23, 0],
[6, 63, 24, 30, 62, 15, 49, 26, 8, 51, 58, 45, 36, 54, 32, 5, 67, 18, 65, 37],
[2, 50, 43, 13, 33, 58, 34, 41, 45, 22, 38, 66, 19, 69, 29],
[61, 44, 14, 2, 0, 69, 18, 32, 65, 5, 54, 38, 22, 33, 43, 17, 9, 11, 1, 16, 10, 55, 8, 28, 56, 51, 57, 58, 45, 36],
[66, 19, 54, 18, 69, 29, 48, 3, 38, 36, 41, 35, 6, 63, 21, 24, 30, 26, 16, 55, 17, 61, 14, 2, 50, 43, 33, 22, 45, 34],
[34, 58, 45, 36, 38, 66, 29, 69, 19, 65, 37, 67, 27, 12, 4, 7, 53, 47, 6, 56, 8, 26, 1, 31, 11, 59, 68, 9, 17, 20],
[58, 35, 57, 25, 27, 67, 5, 54, 66, 3, 23, 50, 17, 10, 28, 56, 6, 21, 62, 15, 11, 68, 1, 26, 49],
[57, 25, 4, 7, 47, 6, 63, 30, 42, 49, 1, 59, 17, 50, 23, 29, 48, 39, 32, 37, 67, 27, 41, 51, 56, 8, 55, 20, 43, 61],
[31, 1, 59, 68, 9, 16, 26, 8, 51, 34, 25, 4, 40, 47, 6, 35, 41, 45, 36, 54, 18, 66],
[14, 60, 61, 43, 33, 58, 57, 51, 35, 64, 52, 55, 10, 20, 13, 22, 45, 41, 25, 4, 7, 40, 46],
[31, 11, 9, 68, 59, 10, 52, 64, 58, 45, 36, 19, 69, 23, 2, 14, 44, 60],
[46, 53, 4, 25, 57, 35, 64, 52, 20, 43, 50, 0, 23],
[22, 33, 13, 20, 52, 64, 51, 34, 45, 36, 54, 18, 19, 3, 48, 66, 38, 69],
[32, 54, 66, 48, 39, 18, 19, 22, 33, 20, 10, 16, 26, 62, 42, 49, 9, 17, 44, 14, 60, 61]]

\
Best Operator Route set string:
\
8-56-51-35-64-52-55-20-13-33*37-65-5-54-18-39-48-29-23-0*28-56-51-34-45-36-38-66-69-29*18-54-36-45-34-35-6-21-24-62*49-11-68-9-59-10-55-52-8-28*63-6-35-51-64-52-20-43-50-0*46-40-7-4-25-34-58-33-50-2*18-54-19-38-22-33-20-17-59-11*40-7-4-25-27-67-5-65-32-18*41-45-58-64-52-20-17-60-44-14*34-57-51-8-26-1-31-11-9-68*7-53-47-6-56-8-10-17-61-44*25-12-41-34-51-8-26-49-15-42*37-5-54-66-3-69-23-50-43-17*21-63-24-30-26-16-10-20-43-50*

\
Best Passenger Route set sting:
\
65-54-32-39-18-38-22-36-19-66-69-0-50-33-58-35-64*25-34-35-51-56-8-10-59-11-15-42-24-21-6-47-7-46-40-12-41-58-33-20-17-60-44-14-2-23-0*6-63-24-30-62-15-49-26-8-51-58-45-36-54-32-5-67-18-65-37*2-50-43-13-33-58-34-41-45-22-38-66-19-69-29*61-44-14-2-0-69-18-32-65-5-54-38-22-33-43-17-9-11-1-16-10-55-8-28-56-51-57-58-45-36*66-19-54-18-69-29-48-3-38-36-41-35-6-63-21-24-30-26-16-55-17-61-14-2-50-43-33-22-45-34*34-58-45-36-38-66-29-69-19-65-37-67-27-12-4-7-53-47-6-56-8-26-1-31-11-59-68-9-17-20*58-35-57-25-27-67-5-54-66-3-23-50-17-10-28-56-6-21-62-15-11-68-1-26-49*57-25-4-7-47-6-63-30-42-49-1-59-17-50-23-29-48-39-32-37-67-27-41-51-56-8-55-20-43-61*31-1-59-68-9-16-26-8-51-34-25-4-40-47-6-35-41-45-36-54-18-66*14-60-61-43-33-58-57-51-35-64-52-55-10-20-13-22-45-41-25-4-7-40-46*31-11-9-68-59-10-52-64-58-45-36-19-69-23-2-14-44-60*46-53-4-25-57-35-64-52-20-43-50-0-23*22-33-13-20-52-64-51-34-45-36-54-18-19-3-48-66-38-69*32-54-66-48-39-18-19-22-33-20-10-16-26-62-42-49-9-17-44-14-60-61*