2_2_Mumford0_GA_Crossover RESULTS EVALUATION:
\
HV:0.8276 | BM:0.8087

\
	Operator	Passenger
\
f1_ATT	26.7897		15.1338
\
f2_TRT	96		511
\
d_0	19.9790		79.4161
\
d_1	39.8147		20.5839
\
d_2	29.0624		0.0000
\
d_un	11.1439		0.0000

\
Best Operator Route set:
\
[[5, 21],
[29, 2, 27],
[19, 12, 8],
[4, 24, 20],
[26, 0],
[16, 27],
[19, 22],
[15, 10],
[6, 10, 27, 7, 20, 14, 11, 17, 22, 0, 18, 13],
[0, 28, 25],
[21, 10],
[1, 3, 9, 23, 14]]

\
Best Passenger Route set:
\
[[25, 28, 7, 27, 15, 6, 10],
[1, 9, 23, 24, 14, 3, 4],
[29, 10, 15, 6, 13, 18, 22, 19, 12, 8, 26],
[5, 21, 10, 16, 28, 25, 11, 14, 20, 7, 27, 29, 2, 6],
[13, 18, 0, 25, 7, 4, 24, 3, 1, 14, 20],
[1, 3, 24, 20, 7, 25, 22, 19, 12, 8],
[4, 1, 3, 9, 23, 14, 11, 17, 22, 18, 13, 6, 21, 5],
[4, 7, 2, 27, 16, 28, 17, 19, 12, 0, 18, 13, 6, 5, 21],
[26, 0, 22, 17, 11, 3, 9, 23, 14, 20, 7, 27, 10, 15, 21],
[8, 12, 19, 17, 11, 3, 1, 9, 23, 14, 20, 7, 16, 6, 5],
[29, 2, 15, 21, 5, 6, 16, 28, 25, 0, 12, 8, 19],
[2, 29, 27, 16, 28, 17, 22, 18, 0, 26, 8]]

\
Best Operator Route set string:
\
5-21*29-2-27*19-12-8*4-24-20*26-0*16-27*19-22*15-10*6-10-27-7-20-14-11-17-22-0-18-13*0-28-25*21-10*1-3-9-23-14*

\
Best Passenger Route set sting:
\
25-28-7-27-15-6-10*1-9-23-24-14-3-4*29-10-15-6-13-18-22-19-12-8-26*5-21-10-16-28-25-11-14-20-7-27-29-2-6*13-18-0-25-7-4-24-3-1-14-20*1-3-24-20-7-25-22-19-12-8*4-1-3-9-23-14-11-17-22-18-13-6-21-5*4-7-2-27-16-28-17-19-12-0-18-13-6-5-21*26-0-22-17-11-3-9-23-14-20-7-27-10-15-21*8-12-19-17-11-3-1-9-23-14-20-7-16-6-5*29-2-15-21-5-6-16-28-25-0-12-8-19*2-29-27-16-28-17-22-18-0-26-8*