3_3_Mumford1_GA_Mutations RESULTS EVALUATION:
\
HV:0.7187 | BM:0.7758

\
	Operator	Passenger
\
f1_ATT	33.0504		25.7445
\
f2_TRT	470		662
\
d_0	18.2694		33.2219
\
d_1	44.5371		58.2129
\
d_2	26.6788		8.4546
\
d_un	10.5146		0.1106

\
Best Operator Route set:
\
[[26, 16, 10, 55, 20, 17, 61, 60, 44, 14],
[63, 21, 24, 30, 26, 16, 10, 55, 20, 17],
[63, 21, 24, 30, 26, 16, 10, 55, 20, 17],
[37, 65, 5, 18, 54, 19, 38, 22, 33, 43],
[34, 35, 51, 8, 26, 1, 9, 68, 11, 31],
[48, 3, 66, 19, 38, 36, 45, 58, 64, 52],
[32, 65, 5, 67, 27, 25, 4, 7, 40, 46],
[34, 57, 35, 51, 8, 26, 49, 15, 42, 62],
[39, 48, 29, 3, 69, 23, 50, 43, 17, 59],
[37, 65, 5, 18, 54, 19, 38, 22, 33, 43],
[48, 3, 66, 19, 38, 36, 45, 58, 64, 52],
[0, 2, 50, 13, 22, 45, 41, 25, 12, 4],
[63, 21, 24, 30, 26, 16, 10, 55, 20, 17],
[48, 39, 18, 54, 36, 45, 34, 57, 35, 51],
[46, 40, 53, 47, 6, 56, 8, 28, 10, 59]]

\
Best Passenger Route set:
\
[[31, 9, 68, 1, 26, 8, 56, 51, 41, 27, 67],
[3, 66, 38, 22, 33, 20, 10, 16, 26, 49, 1, 11],
[39, 48, 3, 69, 23, 50, 43, 17, 59, 1, 49, 15, 42, 62],
[5, 37, 32, 18, 54, 36, 45, 41, 35, 51, 8, 26, 49, 42],
[37, 65, 54, 38, 22, 33, 20, 17, 9, 68],
[32, 18, 54, 19, 38, 22, 13, 43, 61, 60],
[2, 14, 44, 17, 10, 28, 8, 56, 6, 47, 53, 40],
[15, 42, 62, 24, 63, 6, 35, 57, 34, 45, 36, 38, 66, 48, 29],
[50, 0, 23, 69, 38, 36, 41, 25, 4, 7, 46],
[46, 7, 4, 25, 57, 51, 64, 52, 55, 10, 59, 11],
[39, 18, 54, 36, 45, 58, 64, 52, 8, 26, 49],
[2, 50, 13, 33, 22, 45, 41, 12, 4, 53],
[57, 35, 6, 21, 24, 30, 26, 16, 10, 55, 20, 17, 61, 60],
[27, 41, 34, 58, 64, 52, 20, 17, 61, 60],
[11, 1, 26, 8, 56, 6, 47, 53, 7, 40]]

\
Best Operator Route set string:
\
26-16-10-55-20-17-61-60-44-14*63-21-24-30-26-16-10-55-20-17*63-21-24-30-26-16-10-55-20-17*37-65-5-18-54-19-38-22-33-43*34-35-51-8-26-1-9-68-11-31*48-3-66-19-38-36-45-58-64-52*32-65-5-67-27-25-4-7-40-46*34-57-35-51-8-26-49-15-42-62*39-48-29-3-69-23-50-43-17-59*37-65-5-18-54-19-38-22-33-43*48-3-66-19-38-36-45-58-64-52*0-2-50-13-22-45-41-25-12-4*63-21-24-30-26-16-10-55-20-17*48-39-18-54-36-45-34-57-35-51*46-40-53-47-6-56-8-28-10-59*

\
Best Passenger Route set sting:
\
31-9-68-1-26-8-56-51-41-27-67*3-66-38-22-33-20-10-16-26-49-1-11*39-48-3-69-23-50-43-17-59-1-49-15-42-62*5-37-32-18-54-36-45-41-35-51-8-26-49-42*37-65-54-38-22-33-20-17-9-68*32-18-54-19-38-22-13-43-61-60*2-14-44-17-10-28-8-56-6-47-53-40*15-42-62-24-63-6-35-57-34-45-36-38-66-48-29*50-0-23-69-38-36-41-25-4-7-46*46-7-4-25-57-51-64-52-55-10-59-11*39-18-54-36-45-58-64-52-8-26-49*2-50-13-33-22-45-41-12-4-53*57-35-6-21-24-30-26-16-10-55-20-17-61-60*27-41-34-58-64-52-20-17-61-60*11-1-26-8-56-6-47-53-7-40*