3_2_Mumford0_GA_Mutations RESULTS EVALUATION:
\
HV:0.7596 | BM:0.8087

\
	Operator	Passenger
\
f1_ATT	24.0213		15.6681
\
f2_TRT	131		511
\
d_0	32.3504		67.1908
\
d_1	48.5855		32.6368
\
d_2	19.0642		0.1724
\
d_un	0.0000		0.0000

\
Best Operator Route set:
\
[[5, 21],
[5, 21],
[5, 21],
[13, 6, 16, 28, 25, 22, 19, 12, 8],
[5, 21],
[5, 21, 6, 10, 2, 29],
[4, 24, 14, 20, 7, 27, 10, 15],
[5, 21],
[5, 21],
[5, 21],
[5, 21],
[3, 1, 9, 23, 14, 11, 17, 22, 19, 18, 0, 26]]

\
Best Passenger Route set:
\
[[9, 3, 1, 14, 7, 27, 10, 15],
[12, 19, 17, 28, 25, 7, 4, 23, 3, 24],
[5, 6, 21, 10, 27, 7, 2, 15, 16, 28, 0, 18, 22, 25],
[2, 29, 27, 16, 28, 17, 19, 12, 8],
[13, 18, 0, 25, 28, 7, 20, 14, 23],
[23, 9, 1, 3, 11, 17, 22, 18, 0, 26],
[5, 21, 2, 29, 15, 6, 13, 18, 12, 19, 22, 0, 26],
[8, 26, 0, 25, 7, 27, 29, 10, 16, 28, 17, 12, 22, 18, 19],
[8, 12, 19, 22, 18, 0, 13, 6, 5, 21],
[3, 9, 1, 4, 20, 7, 24, 23, 14, 11, 17, 12, 8, 19],
[3, 1, 4, 24, 23, 20, 7, 16, 6, 5],
[21, 15, 16, 28, 17, 0, 19, 22, 25, 7, 27, 2, 6, 10, 29]]

\
Best Operator Route set string:
\
5-21*5-21*5-21*13-6-16-28-25-22-19-12-8*5-21*5-21-6-10-2-29*4-24-14-20-7-27-10-15*5-21*5-21*5-21*5-21*3-1-9-23-14-11-17-22-19-18-0-26*

\
Best Passenger Route set sting:
\
9-3-1-14-7-27-10-15*12-19-17-28-25-7-4-23-3-24*5-6-21-10-27-7-2-15-16-28-0-18-22-25*2-29-27-16-28-17-19-12-8*13-18-0-25-28-7-20-14-23*23-9-1-3-11-17-22-18-0-26*5-21-2-29-15-6-13-18-12-19-22-0-26*8-26-0-25-7-27-29-10-16-28-17-12-22-18-19*8-12-19-22-18-0-13-6-5-21*3-9-1-4-20-7-24-23-14-11-17-12-8-19*3-1-4-24-23-20-7-16-6-5*21-15-16-28-17-0-19-22-25-7-27-2-6-10-29*