5_3_Mumford1_GA_Mut_threshold RESULTS EVALUATION:
\
HV:0.7652 | BM:0.7758

\
	Operator	Passenger
\
f1_ATT	31.6424		22.9917
\
f2_TRT	500		1649
\
d_0	19.9385		51.9658
\
d_1	42.1609		46.5348
\
d_2	30.8524		1.4993
\
d_un	7.0482		0.0000

\
Best Operator Route set:
\
[[63, 21, 24, 30, 26, 16, 10, 17, 61, 60],
[62, 42, 15, 49, 26, 16, 10, 59, 9, 68],
[53, 47, 6, 56, 8, 28, 10, 16, 26, 30],
[67, 27, 41, 34, 58, 64, 52, 20, 17, 61],
[39, 48, 29, 3, 69, 23, 50, 43, 20, 55],
[31, 11, 1, 26, 8, 52, 64, 58, 45, 36],
[46, 40, 7, 4, 12, 25, 41, 34, 57, 35],
[14, 44, 61, 17, 20, 55, 10, 59, 9, 68],
[23, 2, 0, 69, 3, 66, 19, 38, 22, 33],
[23, 2, 0, 69, 3, 66, 19, 38, 22, 33],
[23, 2, 0, 69, 3, 66, 19, 38, 22, 33],
[46, 40, 7, 4, 12, 25, 41, 34, 57, 35],
[32, 18, 54, 19, 38, 22, 13, 43, 61, 60],
[16, 55, 20, 33, 22, 38, 54, 5, 37, 65],
[32, 39, 18, 54, 36, 41, 58, 51, 35, 6]]

\
Best Passenger Route set:
\
[[6, 21, 62, 42, 15, 30, 26, 49, 9, 31, 1, 16, 10, 55, 20, 33, 22, 38, 19, 66, 48, 29, 69, 23, 2, 14, 61, 44, 17, 59],
[46, 40, 12, 25, 57, 35, 6, 21, 24, 30, 26, 16, 10, 20, 43, 50, 0, 69, 3, 38, 54, 18, 65, 37, 67, 27, 41, 36],
[66, 3, 38, 22, 19, 54, 65, 5, 18, 32, 39, 48, 29, 69, 23, 50, 43, 17, 59, 1, 49, 15, 42, 62, 30, 26, 16, 55, 10],
[12, 4, 53, 46, 40, 7, 47, 6, 63, 24, 30, 26, 1, 9, 68, 59, 10, 52, 64, 58, 41, 25, 27, 67, 65, 32, 54, 38, 66],
[68, 59, 10, 20, 52, 64, 51, 8, 26, 62, 30, 63, 6, 35, 34, 45, 36, 54, 18, 39, 48, 69, 29, 19, 38, 22, 33, 58],
[47, 53, 46, 40, 7, 4, 25, 34, 51, 64, 52, 20, 17, 60, 44, 61, 43, 50, 23, 29, 48, 39, 65, 37, 5, 67],
[13, 22, 33, 58, 35, 6, 21, 30, 42, 49, 26, 8, 51, 34, 45, 36, 38, 66, 48, 69, 19, 54, 65, 32, 5, 37, 67],
[64, 35, 34, 57, 51, 56, 6, 47, 53, 46, 40, 7, 4, 25, 41, 58, 33, 43, 61, 60, 14, 2, 50, 13, 20, 52, 8, 28, 10],
[21, 63, 30, 15, 49, 11, 68, 9, 31, 1, 16, 26, 8, 51, 35, 34, 41, 27, 67, 5, 54, 38, 36, 45, 22, 33, 58, 64, 52, 55],
[68, 59, 10, 55, 8, 26, 16, 1, 31, 11, 9, 17, 20, 33, 22, 19, 54, 5, 65, 37, 67, 18, 69, 23, 3, 48, 29],
[4, 25, 57, 35, 51, 56, 8, 10, 55, 20, 17, 44, 60, 61, 43, 13, 22, 19, 54, 5, 37, 67, 27, 12, 41, 34, 58, 33, 50, 2],
[36, 38, 19, 3, 69, 23, 2, 50, 13, 22, 45, 41, 12, 4, 7, 40, 46, 53, 47, 6, 35, 58, 33, 43, 17],
[22, 13, 43, 61, 17, 60, 44, 14, 2, 0, 23, 29, 69, 38, 36, 41, 25, 4, 7, 46, 40, 47, 6, 63, 24, 30, 42, 15, 62, 21],
[0, 23, 69, 38, 36, 45, 41, 25, 4, 53, 47, 6, 56, 28, 8, 55, 17, 61, 14],
[29, 3, 66, 19, 38, 36, 45, 58, 64, 52, 8]]

\
Best Operator Route set string:
\
63-21-24-30-26-16-10-17-61-60*62-42-15-49-26-16-10-59-9-68*53-47-6-56-8-28-10-16-26-30*67-27-41-34-58-64-52-20-17-61*39-48-29-3-69-23-50-43-20-55*31-11-1-26-8-52-64-58-45-36*46-40-7-4-12-25-41-34-57-35*14-44-61-17-20-55-10-59-9-68*23-2-0-69-3-66-19-38-22-33*23-2-0-69-3-66-19-38-22-33*23-2-0-69-3-66-19-38-22-33*46-40-7-4-12-25-41-34-57-35*32-18-54-19-38-22-13-43-61-60*16-55-20-33-22-38-54-5-37-65*32-39-18-54-36-41-58-51-35-6*

\
Best Passenger Route set sting:
\
6-21-62-42-15-30-26-49-9-31-1-16-10-55-20-33-22-38-19-66-48-29-69-23-2-14-61-44-17-59*46-40-12-25-57-35-6-21-24-30-26-16-10-20-43-50-0-69-3-38-54-18-65-37-67-27-41-36*66-3-38-22-19-54-65-5-18-32-39-48-29-69-23-50-43-17-59-1-49-15-42-62-30-26-16-55-10*12-4-53-46-40-7-47-6-63-24-30-26-1-9-68-59-10-52-64-58-41-25-27-67-65-32-54-38-66*68-59-10-20-52-64-51-8-26-62-30-63-6-35-34-45-36-54-18-39-48-69-29-19-38-22-33-58*47-53-46-40-7-4-25-34-51-64-52-20-17-60-44-61-43-50-23-29-48-39-65-37-5-67*13-22-33-58-35-6-21-30-42-49-26-8-51-34-45-36-38-66-48-69-19-54-65-32-5-37-67*64-35-34-57-51-56-6-47-53-46-40-7-4-25-41-58-33-43-61-60-14-2-50-13-20-52-8-28-10*21-63-30-15-49-11-68-9-31-1-16-26-8-51-35-34-41-27-67-5-54-38-36-45-22-33-58-64-52-55*68-59-10-55-8-26-16-1-31-11-9-17-20-33-22-19-54-5-65-37-67-18-69-23-3-48-29*4-25-57-35-51-56-8-10-55-20-17-44-60-61-43-13-22-19-54-5-37-67-27-12-41-34-58-33-50-2*36-38-19-3-69-23-2-50-13-22-45-41-12-4-7-40-46-53-47-6-35-58-33-43-17*22-13-43-61-17-60-44-14-2-0-23-29-69-38-36-41-25-4-7-46-40-47-6-63-24-30-42-15-62-21*0-23-69-38-36-45-41-25-4-53-47-6-56-28-8-55-17-61-14*29-3-66-19-38-36-45-58-64-52-8*