23_2_Mumford0_SA_Mutations RESULTS EVALUATION:
\
HV:0.8282 | BM:0.8087

\
	Operator	Passenger
\
f1_ATT	25.2960		14.8266
\
f2_TRT	98		529
\
d_0	22.9776		77.8057
\
d_1	33.3294		22.1943
\
d_2	25.6664		0.0000
\
d_un	18.0267		0.0000

\
Best Operator Route set:
\
[[0, 26],
[28, 25],
[5, 21, 6, 16, 7, 25, 22, 19, 12, 8],
[13, 6],
[11, 25],
[29, 2, 27],
[27, 10, 15],
[18, 0],
[24, 4, 7, 20, 14, 23, 3, 1, 9],
[22, 0],
[27, 16],
[17, 22]]

\
Best Passenger Route set:
\
[[29, 2, 10, 15, 6, 13, 18, 0, 22, 17, 11, 3, 1, 9],
[11, 3, 24, 7, 27, 10, 6, 13, 0, 12, 8],
[4, 24, 1, 23, 20, 7, 27, 15, 21, 6, 16, 28, 25, 11, 14],
[20, 4, 3, 23, 14, 7, 16, 6, 5],
[20, 23, 9, 3, 11, 17, 12, 8, 26, 0, 25, 7, 4, 24],
[14, 24, 20, 7, 25, 0, 18, 12, 19, 17, 28, 16, 10, 21],
[26, 0, 18, 22, 17, 11, 14, 20, 7, 27, 29, 2, 21],
[1, 3, 23, 14, 7, 2, 29, 27, 16, 28, 0, 18, 22, 12, 8],
[19, 17, 28, 7, 2],
[26, 8, 12, 19, 17, 11, 14, 1],
[1, 9, 14, 7, 10, 21, 5, 6, 13, 0, 19, 22, 25],
[13, 0, 25, 7, 2, 15]]

\
Best Operator Route set string:
\
0-26*28-25*5-21-6-16-7-25-22-19-12-8*13-6*11-25*29-2-27*27-10-15*18-0*24-4-7-20-14-23-3-1-9*22-0*27-16*17-22*

\
Best Passenger Route set sting:
\
29-2-10-15-6-13-18-0-22-17-11-3-1-9*11-3-24-7-27-10-6-13-0-12-8*4-24-1-23-20-7-27-15-21-6-16-28-25-11-14*20-4-3-23-14-7-16-6-5*20-23-9-3-11-17-12-8-26-0-25-7-4-24*14-24-20-7-25-0-18-12-19-17-28-16-10-21*26-0-18-22-17-11-14-20-7-27-29-2-21*1-3-23-14-7-2-29-27-16-28-0-18-22-12-8*19-17-28-7-2*26-8-12-19-17-11-14-1*1-9-14-7-10-21-5-6-13-0-19-22-25*13-0-25-7-2-15*