33_2_Mumford0__ALL_param RESULTS EVALUATION:
\
HV:0.8012 | BM:0.8087

\
	Operator	Passenger
\
f1_ATT	25.9385		15.7925
\
f2_TRT	98		451
\
d_0	28.7146		61.7372
\
d_1	40.4606		38.2628
\
d_2	24.4944		0.0000
\
d_un	6.3304		0.0000

\
Best Operator Route set:
\
[[0, 26],
[13, 6, 5, 21, 15, 10, 27, 7, 28, 25, 0, 18, 22, 19, 12],
[7, 14, 23, 1],
[8, 12],
[16, 27],
[23, 9],
[29, 2],
[1, 3],
[2, 27],
[7, 20, 24, 4],
[11, 14],
[17, 22]]

\
Best Passenger Route set:
\
[[4, 3, 23, 14, 7, 16, 6, 5, 15, 27, 10],
[26, 8, 12, 19, 17, 11, 3, 1, 9, 23, 20, 7, 10, 29, 15],
[23, 3, 1, 9, 14, 24, 4, 7, 25, 11],
[4, 24, 23, 1],
[2, 10, 6, 13, 18, 19, 8],
[6, 16, 27, 2, 7, 28, 0, 26, 8, 19, 22, 12],
[0, 18, 22, 12],
[23, 14, 11, 17, 22, 0, 13, 6, 5, 21, 2, 7, 24, 3, 1],
[27, 29, 2, 21, 15, 16, 28, 25, 0, 18, 12, 8],
[2, 29, 27, 7, 25, 22, 19, 12, 0],
[21, 6, 15, 10, 2, 16, 27, 7, 4, 20],
[13, 18, 22, 17, 28, 7, 4, 1, 9]]

\
Best Operator Route set string:
\
0-26*13-6-5-21-15-10-27-7-28-25-0-18-22-19-12*7-14-23-1*8-12*16-27*23-9*29-2*1-3*2-27*7-20-24-4*11-14*17-22*

\
Best Passenger Route set sting:
\
4-3-23-14-7-16-6-5-15-27-10*26-8-12-19-17-11-3-1-9-23-20-7-10-29-15*23-3-1-9-14-24-4-7-25-11*4-24-23-1*2-10-6-13-18-19-8*6-16-27-2-7-28-0-26-8-19-22-12*0-18-22-12*23-14-11-17-22-0-13-6-5-21-2-7-24-3-1*27-29-2-21-15-16-28-25-0-18-12-8*2-29-27-7-25-22-19-12-0*21-6-15-10-2-16-27-7-4-20*13-18-22-17-28-7-4-1-9*